data/real/Dogrib_v624/conserv_mass/windninja_90_30_100m_ang.asc
NCOLS 357 
NROWS 223 
XLLCORNER 457900 
YLLCORNER 5716800 
CELLSIZE 100 
NODATA_value -3.4e+38 
[rows 159 to 211 of 223, columns 192 to 287 of 357]
86 87 92 98 98 94 91 92 96 95 90 87 88 90 88 85 87 91 93 91 89 90 92 93 93 93 93 93 93 92 92 94 97 97 94 90 93 98 100 95 88 81 75 76 79 81 82 85 90 94 97 101 107 110 109 103 96 94 95 96 94 90 86 87 87 83 83 88 89 86 84 84 85 86 88 88 88 90 95 96 91 77 65 66 70 72 76 84 91 94 94 91 90 90 92 95
84 84 88 95 99 97 95 95 99 100 95 88 85 88 89 85 83 85 88 88 89 92 94 94 93 93 94 94 93 93 93 96 97 95 92 90 93 96 99 97 91 86 84 86 88 88 84 80 80 86 93 97 100 103 105 105 100 96 96 97 97 94 88 85 84 85 89 91 90 89 89 87 83 83 85 85 83 84 87 92 92 82 71 71 74 77 83 89 91 89 85 85 87 90 93 95
80 80 84 91 96 97 97 98 100 101 98 92 86 86 89 87 83 81 84 88 91 93 94 93 93 94 94 94 93 94 95 97 96 94 92 93 93 91 94 97 96 93 92 92 93 91 87 80 76 79 86 94 98 100 100 100 99 98 100 100 99 97 92 87 84 87 90 91 89 89 90 89 86 84 85 88 89 86 86 86 83 72 69 74 79 85 91 91 87 79 77 80 86 91 94 96
79 78 82 87 93 96 96 97 98 98 97 95 91 87 88 88 85 82 83 86 90 91 92 93 94 95 95 95 94 95 96 96 95 94 94 94 90 88 91 98 100 98 97 97 94 90 87 85 81 78 79 87 95 98 98 95 94 97 101 103 101 99 97 92 89 89 90 88 87 87 88 90 90 88 86 88 94 94 89 83 72 61 66 78 87 94 96 90 79 72 74 80 86 92 95 96
81 81 83 85 89 93 94 94 95 95 95 95 93 91 90 90 90 87 84 83 85 87 90 92 94 94 95 96 96 96 97 96 94 95 95 91 87 87 93 99 102 100 99 98 95 90 89 90 87 81 77 79 87 94 96 95 94 95 98 101 102 100 97 96 96 93 89 84 82 85 87 90 92 92 89 88 92 96 92 82 68 58 69 83 94 100 96 84 72 70 76 82 88 92 95 96
87 87 85 84 85 89 92 93 93 93 93 93 93 93 93 95 94 91 85 82 82 84 87 92 94 93 94 96 96 97 97 95 94 94 93 91 88 89 93 98 103 101 99 98 97 95 92 91 91 86 79 76 79 87 94 97 98 96 94 96 100 101 98 98 98 95 88 81 79 83 88 92 94 94 93 90 89 92 92 82 67 62 76 91 99 98 88 77 73 75 79 83 88 92 95 96
93 92 88 83 81 85 90 92 92 92 92 92 93 93 95 97 96 92 89 84 82 83 87 90 92 92 92 94 96 97 98 96 94 92 91 93 94 92 90 93 100 102 100 98 98 98 96 92 91 89 85 78 75 79 89 98 100 96 92 91 94 100 100 96 95 92 87 82 80 83 88 94 96 96 96 93 89 89 89 82 68 69 85 97 98 90 78 76 79 82 84 85 86 90 94 96
95 95 91 85 82 84 88 91 91 90 90 90 91 92 95 96 95 93 91 89 85 85 86 87 88 90 91 92 95 98 98 96 94 93 93 96 98 95 88 87 94 100 100 98 97 98 98 95 92 91 90 83 76 76 83 93 98 96 91 88 90 97 100 96 90 87 85 85 85 85 88 92 95 96 97 96 93 89 86 79 73 81 93 97 93 82 78 83 86 87 88 87 87 88 91 93
94 95 93 89 86 85 87 90 90 88 87 87 88 90 93 95 95 94 93 92 90 86 84 83 86 88 90 92 95 98 99 97 95 95 96 97 97 95 89 85 89 97 99 97 97 97 99 98 95 93 92 88 81 78 79 86 93 95 93 89 88 91 96 94 88 85 86 89 92 91 88 87 90 93 95 97 97 92 85 78 81 92 96 93 85 79 84 90 92 91 90 89 90 89 89 90
93 95 95 93 90 88 87 88 89 88 86 85 85 87 90 93 94 94 94 93 91 86 83 83 86 89 91 93 95 97 99 97 96 97 98 97 95 94 92 87 86 91 95 95 95 96 97 100 100 96 93 91 88 82 79 81 88 93 95 93 89 87 89 90 87 87 91 94 96 95 89 83 83 87 91 96 98 94 87 82 89 97 96 88 78 81 91 96 97 94 91 91 91 90 88 88
93 96 97 95 93 90 87 86 87 88 87 85 85 87 88 90 92 94 93 92 89 85 83 84 88 90 91 93 95 97 98 98 97 97 98 97 94 94 94 91 87 87 90 91 92 94 98 102 103 98 93 93 93 87 81 78 82 90 94 94 92 87 84 84 86 89 95 98 99 95 89 83 79 81 87 92 96 96 92 91 94 96 92 84 80 89 97 99 97 93 92 92 91 90 88 87
94 98 99 97 93 90 87 86 86 87 86 85 87 89 89 89 90 91 91 90 88 85 84 85 87 90 92 93 94 96 98 98 98 98 98 97 96 95 95 93 89 86 87 88 89 93 99 103 102 99 95 94 97 94 85 79 79 84 90 92 91 88 84 83 87 92 95 98 99 96 90 84 81 81 83 86 90 94 97 98 97 93 88 87 92 97 98 94 92 94 95 93 91 89 87 86
96 99 99 99 95 90 87 86 87 87 85 85 88 90 90 89 88 88 89 90 89 87 85 85 86 89 92 93 93 95 97 99 98 98 98 97 97 96 95 93 90 88 88 89 90 93 98 101 99 96 95 95 97 98 91 84 80 79 84 87 87 86 85 86 91 95 94 94 97 96 91 87 85 84 82 83 86 90 97 102 99 93 90 95 99 98 92 87 92 98 98 93 90 89 88 86
97 99 99 100 97 92 88 86 87 87 86 87 88 88 87 87 87 87 88 89 90 89 88 86 85 87 89 92 94 94 95 98 98 98 97 97 97 97 95 93 91 90 90 93 95 95 94 95 94 93 94 96 97 99 97 89 82 79 78 80 82 83 85 89 95 96 94 92 94 96 93 90 88 86 83 81 82 85 94 104 104 99 97 97 96 91 86 90 98 100 96 91 90 90 90 88
92 99 100 100 99 94 89 87 87 88 90 92 90 87 85 84 85 85 86 87 89 90 91 89 87 86 86 88 92 94 94 96 97 97 97 96 97 97 96 94 93 92 92 95 97 95 92 89 89 90 92 95 97 99 100 95 87 80 74 75 78 80 83 89 95 97 96 93 93 95 96 94 90 86 84 81 80 82 90 102 110 108 101 95 88 86 90 97 98 94 90 91 93 93 92 90
84 95 100 99 98 95 91 89 89 91 94 95 93 89 85 83 82 82 84 86 88 90 92 92 90 87 85 85 87 91 93 95 97 97 96 96 96 96 96 96 95 94 94 96 98 95 91 86 85 88 92 95 96 98 99 98 91 82 75 73 74 76 80 87 93 97 98 97 95 96 99 97 91 87 85 83 80 81 85 96 109 112 104 94 88 91 97 97 92 84 86 94 97 97 95 90
79 87 96 97 96 94 92 90 91 94 96 96 94 91 87 83 81 80 82 85 88 90 91 92 91 90 88 87 86 87 89 92 95 96 96 95 95 96 96 96 96 96 96 98 98 95 91 87 86 88 91 93 95 97 98 97 92 85 78 72 71 74 80 86 92 96 98 99 99 99 100 99 94 89 87 85 83 82 83 88 99 109 108 101 97 98 96 91 82 81 90 98 100 99 96 90
81 81 88 94 93 92 90 90 92 95 97 97 96 93 89 86 82 81 82 84 86 88 89 89 89 90 91 91 89 87 87 89 91 93 94 95 95 96 96 96 96 97 98 99 98 95 91 90 91 91 89 88 91 95 97 94 90 87 81 72 70 75 81 86 91 96 98 100 101 102 100 99 96 92 89 88 88 86 84 84 88 98 109 110 105 99 92 83 80 88 96 100 101 99 94 89
88 81 81 86 88 88 88 90 93 95 97 98 98 96 93 90 87 83 82 82 84 86 87 86 85 87 91 93 91 89 87 87 87 90 93 95 96 96 96 96 96 97 99 100 99 96 93 94 96 95 90 85 85 91 95 93 89 87 84 78 74 75 79 84 89 94 98 99 101 102 100 96 95 93 90 90 92 91 88 85 83 88 101 113 110 98 88 83 89 95 97 98 99 97 91 86
97 86 80 79 83 86 89 93 95 96 97 97 97 96 95 94 92 89 85 83 83 85 85 82 80 83 87 89 90 88 87 86 87 90 93 95 95 96 96 96 97 97 98 99 99 97 96 96 98 97 93 86 84 86 90 93 91 88 87 89 88 82 81 82 84 88 94 97 99 100 99 96 93 91 89 89 91 93 92 90 85 83 90 106 113 103 93 93 95 95 94 96 96 94 88 83
100 92 83 80 84 90 95 97 97 96 94 93 91 91 92 94 95 96 94 89 86 85 83 81 80 80 80 82 85 85 85 86 89 92 93 94 94 95 96 96 97 97 98 98 98 98 98 98 99 98 97 93 86 83 85 89 92 91 89 93 99 96 91 86 81 81 85 93 96 98 98 97 95 92 89 87 87 89 92 94 92 86 85 93 109 113 106 100 95 92 95 96 94 90 85 79
93 91 84 83 89 97 101 100 97 94 90 86 85 86 89 92 95 98 99 97 92 88 85 85 86 83 78 76 78 81 84 86 88 91 92 92 92 93 94 95 96 97 98 97 97 98 98 98 99 100 100 99 93 85 82 84 88 91 91 93 99 103 99 94 87 81 81 84 90 94 97 98 97 95 92 90 87 86 87 90 94 92 84 84 95 114 115 105 97 95 95 95 92 87 80 71
80 83 82 85 91 98 101 99 94 89 84 81 83 86 89 91 93 96 97 97 95 91 89 90 92 91 87 81 78 80 84 87 87 86 86 87 88 90 92 93 95 97 98 97 97 97 97 98 99 100 102 101 97 91 85 83 84 87 90 92 97 103 102 99 95 89 83 81 84 88 92 93 94 94 95 95 92 89 86 85 87 91 86 81 85 102 116 114 106 99 94 91 88 85 76 65
77 78 81 85 88 90 92 93 90 83 79 81 84 87 88 90 91 93 94 94 94 92 91 92 93 95 95 93 89 86 88 89 88 85 82 80 82 85 88 90 93 95 96 96 97 97 97 97 98 100 101 101 99 95 91 86 84 85 88 90 95 102 103 101 100 98 91 85 83 82 83 85 87 90 94 96 96 92 88 85 84 87 89 83 82 89 108 118 114 104 94 87 84 82 76 69
83 81 82 85 84 81 82 84 82 77 79 83 85 87 88 89 90 91 92 92 92 92 92 92 93 94 96 98 98 95 92 91 89 87 84 82 81 81 83 86 90 92 94 95 96 96 96 96 96 97 98 99 99 96 93 90 88 87 88 91 94 98 102 102 102 102 98 91 84 79 78 80 84 88 92 94 94 92 90 88 86 87 91 89 83 82 92 110 117 111 98 86 81 81 84 85
89 86 85 85 82 79 78 77 74 75 80 84 85 86 87 88 89 90 91 91 91 91 91 92 92 93 94 97 98 97 94 91 90 90 91 91 88 85 84 85 86 87 89 92 93 93 94 94 95 95 95 96 97 96 94 92 90 89 91 93 94 96 100 101 101 102 99 92 85 80 79 81 85 88 89 89 90 91 90 89 89 90 93 96 89 82 82 93 110 116 105 89 81 82 91 101
91 89 88 86 83 79 76 72 70 76 81 84 85 86 87 88 89 90 90 91 91 91 91 91 91 92 93 94 95 95 94 92 91 92 94 95 95 94 91 88 85 84 86 89 90 90 91 93 93 94 94 94 95 95 94 93 91 91 92 93 94 95 97 99 100 100 98 92 86 82 82 84 87 87 86 86 88 90 91 90 91 92 95 99 97 88 80 83 96 111 112 97 85 83 90 105
92 91 90 89 85 81 76 71 72 79 82 84 85 86 86 88 89 89 90 91 91 91 90 90 91 92 92 92 93 93 93 92 92 93 94 95 96 96 95 93 89 87 86 87 88 89 90 91 92 93 93 93 92 93 93 93 92 91 92 92 93 94 95 97 97 97 95 92 88 85 85 86 87 86 85 86 88 89 91 92 92 93 96 99 101 97 86 81 86 100 112 106 90 84 87 100
93 92 91 90 88 83 78 75 77 81 84 85 85 85 86 87 88 89 89 90 91 91 90 90 91 91 92 92 92 92 92 92 92 93 93 94 94 94 94 94 93 92 90 89 88 89 90 90 90 91 92 92 91 91 91 92 92 91 91 92 93 94 94 95 95 94 93 91 89 87 87 86 86 86 87 87 88 90 91 91 92 93 95 97 101 103 98 86 83 88 103 110 96 88 86 91
92 91 91 90 88 85 82 81 82 83 85 85 85 85 87 88 88 88 89 89 89 90 90 90 90 91 91 91 91 91 91 92 92 92 92 93 93 93 93 93 93 93 92 91 90 91 91 91 91 91 91 91 91 90 90 91 91 91 91 91 92 93 93 93 93 92 91 90 90 88 87 86 86 87 88 88 89 90 90 91 92 93 94 95 98 103 106 99 87 84 90 105 103 92 86 85
91 91 91 90 88 87 86 86 85 85 86 86 86 87 87 88 88 88 88 88 88 88 89 90 90 90 91 91 92 92 92 92 92 92 92 93 94 93 93 92 92 92 91 91 91 91 92 91 91 91 91 91 91 91 91 91 91 91 91 91 92 92 92 92 92 91 91 90 89 88 87 87 87 88 88 89 90 90 90 91 92 92 93 94 96 99 105 106 97 86 84 94 102 96 88 85
90 90 90 90 89 88 88 89 88 87 86 86 87 88 88 88 88 88 88 87 87 87 88 89 90 90 90 91 92 92 92 92 91 91 92 92 93 93 93 92 92 91 91 90 91 91 91 91 91 91 91 91 91 91 91 91 92 92 92 91 91 91 91 91 90 90 90 89 88 88 87 87 88 88 88 90 90 90 91 91 91 92 93 94 95 97 100 104 103 94 86 87 94 94 90 87
90 91 91 91 91 90 90 90 89 87 87 87 87 88 88 88 87 87 87 87 87 87 88 89 89 90 91 92 93 93 93 92 91 91 91 91 91 92 92 92 92 91 91 91 91 91 91 91 91 92 91 91 91 91 91 91 92 92 91 91 90 90 90 90 90 90 90 89 89 88 88 87 86 87 89 90 91 91 91 91 91 92 93 94 95 95 96 99 101 98 92 87 89 91 90 88
92 92 92 91 91 91 91 91 89 87 87 87 87 87 88 87 87 87 86 87 87 87 88 88 89 90 91 93 94 94 94 93 92 92 91 91 91 91 91 92 92 91 91 91 91 90 91 91 91 91 91 91 91 91 91 91 91 91 91 90 90 90 90 89 89 89 89 89 89 89 88 86 86 87 89 90 91 91 91 91 91 92 93 94 94 94 94 95 97 97 94 91 89 89 89 88
94 93 93 92 91 92 91 90 88 87 86 86 86 86 86 86 86 86 86 87 87 88 88 89 89 89 90 92 94 95 95 94 93 92 91 92 91 91 91 91 91 91 91 90 91 91 91 91 91 90 91 91 91 91 91 91 90 90 90 90 90 90 89 89 89 89 89 89 89 88 88 87 87 88 89 89 90 90 91 92 93 93 93 93 93 93 93 93 94 94 93 91 90 89 88 87
94 94 94 93 92 92 90 87 85 86 86 85 85 85 85 85 86 87 88 88 88 89 89 89 89 90 91 91 91 93 94 95 93 91 91 92 93 92 91 91 91 90 90 90 90 91 91 91 90 90 90 90 91 91 91 90 90 90 90 90 89 89 88 88 88 88 89 89 88 88 89 90 89 89 88 88 89 90 90 92 93 93 93 93 93 93 92 91 91 91 91 90 89 88 87 87
93 94 94 93 93 91 87 84 84 85 85 84 84 84 85 87 88 89 90 89 89 90 89 89 90 91 91 90 90 90 91 92 92 91 91 92 93 93 92 90 90 90 90 90 90 90 91 91 91 91 90 90 90 90 90 90 89 89 89 89 89 88 87 86 86 87 89 90 89 90 92 92 90 88 89 89 89 89 89 91 92 92 92 93 93 92 92 90 89 89 89 88 87 87 87 86
93 93 93 93 92 89 84 83 84 84 83 83 84 85 87 90 91 90 90 90 90 89 89 90 91 91 91 91 90 89 88 88 89 91 91 90 90 91 91 90 89 90 90 91 91 90 90 90 90 90 90 90 90 89 89 89 88 88 88 89 88 88 86 85 85 88 90 92 93 94 94 92 90 89 89 89 88 87 89 90 91 91 92 92 92 91 91 90 88 87 85 84 85 87 87 85
92 92 92 92 90 85 83 84 84 83 82 83 86 88 90 91 91 91 90 90 89 89 90 91 92 92 92 92 91 90 88 86 87 89 90 89 88 88 88 88 89 90 90 91 91 90 90 89 89 89 89 90 89 89 88 88 87 86 87 89 89 88 87 87 89 91 92 93 94 93 90 88 90 90 90 88 87 87 88 89 90 92 92 91 90 90 89 90 89 86 81 80 83 87 87 86
92 92 92 90 86 83 83 85 84 82 82 85 88 91 91 90 90 91 90 90 89 90 91 93 93 93 92 92 90 89 87 86 86 87 88 87 86 85 85 87 89 89 90 91 91 91 91 90 89 88 88 88 88 89 89 88 86 85 87 89 90 91 92 93 93 93 93 93 92 88 84 86 90 92 89 87 88 88 89 89 90 91 90 89 89 90 90 90 88 84 80 82 84 86 87 87
92 92 91 87 82 82 84 85 84 82 83 87 90 91 91 89 90 91 91 90 91 92 93 94 94 93 92 90 87 86 85 85 85 86 86 86 85 84 84 87 89 90 91 91 91 91 91 90 88 87 87 88 89 90 91 88 86 87 89 89 91 93 94 95 95 94 93 91 86 82 83 88 91 92 89 88 89 90 90 89 88 87 87 88 89 90 92 90 85 81 83 86 87 87 87 87
92 91 89 83 82 83 85 85 84 83 85 89 90 89 89 89 89 90 91 91 92 94 94 94 93 92 89 86 84 83 83 84 85 86 86 86 86 85 86 87 89 90 91 91 91 90 89 89 88 87 88 90 92 92 89 86 88 92 93 92 91 92 94 94 94 93 90 85 81 82 87 90 91 91 91 90 90 90 90 89 87 86 86 87 88 89 91 89 81 81 86 89 89 88 88 88
90 88 85 82 83 84 85 85 85 85 88 89 89 89 89 89 89 90 91 93 94 95 95 93 90 87 85 83 82 83 83 84 86 86 86 86 87 88 89 89 89 90 90 90 89 88 87 87 88 89 90 91 92 91 87 87 91 95 96 94 92 92 92 93 92 89 84 80 81 85 90 91 91 91 92 92 90 89 90 89 88 88 88 88 88 87 86 83 79 83 87 90 90 89 89 90
88 85 81 82 84 85 85 86 86 87 88 89 89 89 90 90 90 90 91 93 95 95 94 90 86 84 83 83 82 83 84 86 87 87 87 88 89 90 91 91 89 89 89 88 87 87 87 88 88 90 90 89 89 89 89 92 94 95 95 94 93 92 91 91 88 84 81 81 85 88 90 91 90 91 91 91 90 90 90 90 91 90 90 89 88 86 81 74 77 85 88 90 91 90 91 92
86 82 80 82 84 85 85 86 86 88 89 89 89 90 90 91 91 90 91 93 94 93 91 87 85 84 83 83 83 84 86 88 89 90 90 90 90 90 90 90 89 87 87 86 86 87 88 88 88 89 89 89 89 89 92 95 95 94 93 94 93 92 90 87 83 80 82 86 89 90 90 90 89 89 89 90 91 92 91 91 91 91 91 91 90 86 75 70 76 84 89 91 91 92 92 93
83 81 82 84 85 85 85 86 86 87 89 90 90 90 91 91 91 91 91 92 92 91 88 86 85 84 83 84 85 87 89 90 91 92 92 91 90 89 88 87 87 86 86 86 87 87 87 87 88 89 90 91 90 91 93 94 94 93 93 92 91 89 87 84 82 82 85 89 91 91 90 89 88 88 88 90 92 92 92 91 91 91 92 93 91 86 76 72 76 79 84 89 92 93 93 94
82 82 83 84 85 85 85 85 85 87 90 91 91 91 91 92 91 91 92 91 90 89 87 86 85 84 84 86 88 90 91 91 91 92 91 90 88 87 87 86 85 86 87 88 88 87 87 88 90 91 91 91 91 92 93 93 93 92 92 90 87 85 84 84 85 87 88 89 90 90 89 87 87 89 89 90 91 92 92 91 91 92 93 94 92 88 84 81 79 78 78 82 88 91 93 95
82 83 84 85 85 85 85 84 85 87 90 91 91 91 91 91 92 93 92 91 89 88 86 86 86 86 87 89 91 92 92 92 91 90 88 87 87 88 87 86 85 85 87 88 88 89 90 91 91 91 91 91 91 92 93 93 93 92 89 84 81 82 84 87 89 91 90 89 89 89 87 87 88 89 90 91 91 91 91 91 92 94 95 94 93 91 91 91 87 82 78 77 80 85 91 94
83 84 85 85 85 85 84 84 85 88 90 90 91 91 91 91 92 93 92 91 89 88 86 85 87 89 91 92 92 91 91 91 89 86 84 85 87 88 87 86 85 85 86 87 89 91 92 92 91 91 91 91 92 92 93 93 93 89 83 79 80 84 86 88 89 90 90 90 88 87 86 87 88 89 90 91 92 92 91 92 94 96 96 94 92 92 96 98 93 88 83 79 77 78 84 91
84 85 85 85 85 84 84 84 86 89 90 90 90 90 90 91 92 92 92 92 91 89 86 87 89 92 93 93 92 91 90 89 87 85 85 87 88 88 88 87 87 86 86 88 90 91 92 92 92 91 91 92 92 93 93 93 90 84 78 79 83 86 87 87 87 88 88 88 87 86 86 86 86 88 91 93 94 94 94 94 95 97 96 93 91 94 99 101 97 92 88 84 80 77 79 86
85 85 85 84 84 83 83 84 87 89 90 90 89 89 89 91 92 93 93 94 93 89 87 89 91 92 93 92 90 90 90 88 87 87 88 88 88 88 88 88 88 87 88 89 89 90 91 92 92 92 92 92 92 93 93 92 87 80 78 83 86 86 86 85 85 85 86 86 86 86 85 84 85 89 94 96 96 97 97 97 96 96 94 90 91 96 101 102 100 96 91 86 83 81 80 83
85 85 85 84 83 82 82 85 88 89 89 89 89 89 90 91 93 94 95 95 92 89 88 90 91 91 90 90 89 89 89 89 88 89 90 89 88 87 87 88 89 90 91 90 89 89 90 91 92 92 92 92 92 93 92 89 83 78 81 86 86 85 84 83 83 84 84 85 86 85 84 83 87 92 95 95 96 99 101 100 98 94 91 91 95 98 101 102 101 98 94 89 85 84 83 83
85 85 84 83 82 82 84 87 88 89 89 89 89 90 91 92 94 95 96 94 91 88 88 88 89 90 90 89 90 90 90 90 90 91 91 90 88 86 86 88 91 92 92 91 90 89 90 90 91 92 92 92 92 93 92 87 80 78 83 86 86 83 81 81 81 82 84 87 88 86 83 85 91 94 93 91 95 101 105 103 98 92 90 95 98 99 99 101 100 98 96 93 89 86 85 83
