data/real/Dogrib_v624/conserv_mass/windninja_240_30_100m_vel.asc
NCOLS 357 
NROWS 223 
XLLCORNER 457900 
YLLCORNER 5716800 
CELLSIZE 100 
NODATA_value -3.4e+38 
[rows 168 to 188 of 223, columns 92 to 137 of 357]
29.1100006103516 30.0900001525879 31.0400009155273 31.7399997711182 31.4699993133545 30.6800003051758 30.6100006103516 31.1000003814697 32.1500015258789 33.9900016784668 37.2700004577637 42.439998626709 45.1599998474121 39.560001373291 29.6599998474121 23.9500007629395 20.4799995422363 17.5200004577637 15.710000038147 13.8100004196167 12.3999996185303 12.3900003433228 12.6199998855591 12.6499996185303 12.7399997711182 12.289999961853 11.3500003814697 10.5299997329712 10.3800001144409 11.9200000762939 14.460000038147 15.7299995422363 15.3599996566772 16.75 19.1700000762939 19.2900009155273 17.2000007629395 16.1399993896484 17.2800006866455 20.6499996185303 24.8700008392334 31.9500007629395 48.1599998474121 50.9099998474121 31.2000007629395 17.6200008392334
28.6800003051758 29.9899997711182 31.2600002288818 32.0499992370605 31.9200000762939 31.1200008392334 30.5799999237061 30.7299995422363 31.7199993133545 33.189998626709 35.810001373291 41.2099990844727 47.5 47.0499992370605 36.7099990844727 26.8400001525879 22.6200008392334 20.5599994659424 18.1299991607666 14.9899997711182 12.9200000762939 12.4399995803833 12.5699996948242 12.6899995803833 12.6800003051758 12.3699998855591 11.8999996185303 11.3000001907349 10.8599996566772 11.8699998855591 14.0100002288818 14.5500001907349 13.3400001525879 14.0799999237061 16.4200000762939 17.1200008392334 15.539999961853 14.6800003051758 15.8100004196167 18.3700008392334 22.2800006866455 26.4500007629395 40.310001373291 50.2099990844727 37.0200004577637 23.5699996948242
28.0699996948242 29.8199996948242 31.7299995422363 32.9300003051758 33.0699996948242 32.5200004577637 31.8299999237061 31.5400009155273 32.0099983215332 32.8800010681152 34.75 38.8300018310547 45.3300018310547 49.5699996948242 45.1300010681152 32.9300003051758 25.9599990844727 26.2700004577637 23.1700000762939 16.8500003814697 13.7600002288818 12.8400001525879 12.5200004577637 12.460000038147 12.5 12.4399995803833 12.2799997329712 11.9099998474121 11.4099998474121 11.9399995803833 13.7299995422363 14.4499998092651 13.9300003051758 13.6499996185303 13.3800001144409 13.8199996948242 14.6099996566772 14.4300003051758 14.9099998474121 16.9200000762939 20.4200000762939 24.0699996948242 36.060001373291 48.0699996948242 40.8600006103516 24.9899997711182
27.0699996948242 29.1399993896484 31.6100006103516 33.3300018310547 34.0800018310547 34.1199989318848 33.8600006103516 33.8600006103516 34.0099983215332 34.3199996948242 35.560001373291 38.2799987792969 42.5999984741211 47.4599990844727 47.8600006103516 39.0099983215332 31.6000003814697 35.0299987792969 32.5299987792969 20.3799991607666 14.789999961853 13.4399995803833 12.5600004196167 12.3599996566772 12.4499998092651 12.4700002670288 12.5 12.3000001907349 11.9099998474121 12.1899995803833 13.6800003051758 14.539999961853 14.2600002288818 13.1899995803833 11.7799997329712 12.039999961853 13.7299995422363 13.7200002670288 14.2200002670288 16.5 19.7199993133545 23.7000007629395 31.8299999237061 42.7099990844727 42.8600006103516 30.5499992370605
25.8400001525879 27.6900005340576 30.2999992370605 32.3199996948242 33.5800018310547 34.2900009155273 34.6699981689453 35.4300003051758 36.2000007629395 36.8400001525879 38.1699981689453 40.3600006103516 42.7999992370605 44.8499984741211 45.6100006103516 40.1100006103516 35.6199989318848 42.2400016784668 45.1399993896484 28.2900009155273 16.5 13.9300003051758 12.4200000762939 12.3000001907349 12.6499996185303 12.5299997329712 12.5600004196167 12.4099998474121 12.3199996948242 12.6099996566772 13.5600004196167 14.2200002670288 13.9399995803833 13.039999961853 11.960000038147 12.2399997711182 13.3900003433228 13.289999961853 14.0799999237061 17.1299991607666 20.2299995422363 23.0300006866455 26.2600002288818 31.5699996948242 38.189998626709 33.0800018310547
25.1000003814697 26.1900005340576 28.6000003814697 30.6900005340576 32.0299987792969 33.0900001525879 33.9500007629395 34.9900016784668 36.4300003051758 38.310001373291 41.0200004577637 44.1500015258789 46.1100006103516 44.75 41.9500007629395 37.3899993896484 35.1500015258789 43.439998626709 52.7599983215332 41.689998626709 20.1700000762939 14.5699996948242 12.3299999237061 12.1599998474121 13.1300001144409 12.8699998855591 12.5299997329712 12.3800001144409 12.5200004577637 12.8400001525879 13.2299995422363 13.6700000762939 13.460000038147 13.0500001907349 12.6700000762939 12.75 13.4099998474121 13.6300001144409 14.3800001144409 16.9799995422363 19.75 21.2399997711182 22.3400001525879 24.8099994659424 30.5799999237061 31.2600002288818
25.4200000762939 25.2199993133545 27.0300006866455 29.2000007629395 30.5 31.6700000762939 33.1399993896484 34.3899993896484 35.6500015258789 38.0699996948242 42.2599983215332 47.4900016784668 50.9900016784668 47.6100006103516 39.5499992370605 34.2000007629395 34.0400009155273 42.4700012207031 55.7799987792969 52.1300010681152 28.6700000762939 16.3600006103516 13.1400003433228 12.8299999237061 14.0600004196167 13.3400001525879 12.5500001907349 12.4399995803833 12.539999961853 12.7399997711182 12.9099998474121 13.1199998855591 13.0600004196167 13.1000003814697 13.2200002670288 13.2200002670288 13.5799999237061 14.0600004196167 14.6400003433228 16.1499996185303 18.2399997711182 19.6499996185303 20.2299995422363 21.6200008392334 25.2600002288818 27.4500007629395
26.4799995422363 25.1200008392334 25.7900009155273 27.6700000762939 28.9200000762939 30.0499992370605 32.0800018310547 34.0699996948242 35.2000007629395 36.9099998474121 40.9300003051758 47.7299995422363 54.7200012207031 52.4099998474121 39.3899993896484 32.2099990844727 34.6699981689453 43.7599983215332 56.4000015258789 57.2799987792969 39.8499984741211 21.6100006103516 16.1900005340576 16.4300003051758 15.7799997329712 13.6000003814697 12.539999961853 12.4499998092651 12.2700004577637 12.3000001907349 12.539999961853 12.6999998092651 12.8599996566772 13.1199998855591 13.3000001907349 13.4200000762939 13.7299995422363 14.2600002288818 14.8000001907349 15.710000038147 16.9500007629395 18.1900005340576 18.9899997711182 19.7600002288818 21.7399997711182 23.4400005340576
27.2600002288818 25.7600002288818 25.2900009155273 26.3999996185303 27.3099994659424 27.9599990844727 29.7399997711182 32.2000007629395 33.8300018310547 35.0999984741211 38.2099990844727 45.1300010681152 55.4099998474121 57.1100006103516 42.3499984741211 31.0599994659424 34.4099998474121 45.7200012207031 57.9000015258789 60.7799987792969 47.439998626709 28.8999996185303 22.2900009155273 23.6399993896484 19.5499992370605 14.0900001525879 12.4399995803833 12.1300001144409 11.6700000762939 11.4399995803833 11.8500003814697 12.3299999237061 12.7600002288818 13.1000003814697 13.039999961853 13.2200002670288 13.7600002288818 14.3599996566772 14.9499998092651 15.5799999237061 16.1900005340576 16.9200000762939 17.8700008392334 18.7299995422363 20.0400009155273 21.0699996948242
27.2099990844727 26.3299999237061 25.2900009155273 25.6000003814697 26.1599998474121 26.1800003051758 26.9599990844727 28.9899997711182 31.0100002288818 32.6699981689453 35.6300010681152 41.9599990844727 53.060001373291 59.7799987792969 48.3600006103516 30.8799991607666 30.9200000762939 43.4900016784668 58.2599983215332 64.879997253418 54.5900001525879 37.1100006103516 31.6499996185303 34.2000007629395 27.2800006866455 15.7200002670288 12.3699998855591 11.5900001525879 10.6300001144409 10.1800003051758 10.8699998855591 11.6899995803833 12.4700002670288 12.960000038147 12.710000038147 12.8900003433228 13.6000003814697 14.2399997711182 14.8800001144409 15.460000038147 16.0900001525879 16.6299991607666 17.0400009155273 17.7900009155273 18.9799995422363 19.8600006103516
26.6399993896484 26.5100002288818 25.4099998474121 25.0200004577637 25.2999992370605 25.2000007629395 25.2800006866455 26.5499992370605 28.5200004577637 30.3400001525879 33.0900001525879 38.7299995422363 49.2200012207031 59.6800003051758 54.4500007629395 33.9199981689453 26.8899993896484 36.3800010681152 53.6300010681152 66.6100006103516 63.4099998474121 46.0099983215332 38.560001373291 43.060001373291 40.0900001525879 20.3500003814697 12.5799999237061 11.7700004577637 9.47000026702881 8.77999973297119 9.5600004196167 10.6800003051758 12.0200004577637 12.8000001907349 12.5799999237061 12.6599998474121 13.3299999237061 13.7700004577637 14.460000038147 15.25 16.2900009155273 17.2299995422363 17 16.8700008392334 17.9899997711182 19.4899997711182
25.8400001525879 26.3600006103516 25.5499992370605 24.8099994659424 24.75 24.75 24.6700000762939 25.2600002288818 26.9200000762939 28.6299991607666 30.8099994659424 35.6300010681152 44.8499984741211 56.6800003051758 58.5499992370605 42.5099983215332 27 28.9500007629395 44.0900001525879 62.3600006103516 67.75 54.5499992370605 41.7299995422363 45.7999992370605 48.8600006103516 33.689998626709 16.0699996948242 11.8199996948242 8.40999984741211 6.94000005722046 8.02000045776367 9.71000003814697 11.4799995422363 12.6499996185303 12.6800003051758 12.6400003433228 13.0299997329712 13.2799997329712 13.8900003433228 15.0200004577637 16.5 17.8899993896484 17.5900001525879 16.6000003814697 17.2700004577637 19.3299999237061
24.8899993896484 26.0799999237061 25.6200008392334 24.9300003051758 24.6700000762939 24.5599994659424 24.4200000762939 24.5400009155273 25.7000007629395 27.2600002288818 29 32.9700012207031 40.7799987792969 51.7900009155273 58.9900016784668 51.6199989318848 33.6800003051758 26.1800003051758 33.6199989318848 52.5900001525879 66.4400024414062 62.5499992370605 47.5499992370605 44.9799995422363 49.2000007629395 43.7200012207031 26.5699996948242 14.8599996566772 9.63000011444092 7.17999982833862 7.86999988555908 9.22000026702881 10.7399997711182 12.3999996185303 12.8800001144409 12.8900003433228 12.8999996185303 13 13.5200004577637 14.960000038147 16.7800006866455 17.9699993133545 18.0900001525879 17.2999992370605 17.3899993896484 18.9400005340576
23.6299991607666 25.6499996185303 25.4899997711182 24.8500003814697 24.5900001525879 24.4200000762939 24.2199993133545 24.1599998474121 24.8299999237061 25.9500007629395 27.2099990844727 30.3999996185303 37.2200012207031 46.9000015258789 55.9900016784668 55.9199981689453 43.7400016784668 29.6900005340576 27.0799999237061 39.2400016784668 58.2799987792969 65.4100036621094 57.6800003051758 48.5 46.6699981689453 44.0800018310547 35.8499984741211 23.2299995422363 14.8000001907349 11.1300001144409 10.1599998474121 9.17000007629395 9.92000007629395 12.3299999237061 13.210000038147 13.4200000762939 13.3100004196167 12.7700004577637 13.1599998474121 15.0699996948242 17.0799999237061 17.8700008392334 18.2299995422363 18.2700004577637 18.2299995422363 18.8299999237061
22.0799999237061 24.8700008392334 25.1499996185303 24.5799999237061 24.4099998474121 24.2600002288818 23.9799995422363 23.8299999237061 24.1800003051758 24.7800006866455 25.4400005340576 27.7900009155273 33.6800003051758 42.560001373291 51.9300003051758 56.2099990844727 50.8300018310547 38.3400001525879 28.1399993896484 30.2800006866455 45.2000007629395 60.1699981689453 63.5200004577637 55.3400001525879 45.4199981689453 41.6199989318848 34.810001373291 25.5 20.2900009155273 17.8700008392334 14.3500003814697 10.2299995422363 10.0500001907349 12.539999961853 13.710000038147 14.2399997711182 14.3599996566772 13.0200004577637 12.7299995422363 14.9200000762939 17.1399993896484 17.9500007629395 18.6700000762939 19.0599994659424 19.2999992370605 19.6499996185303
20.9599990844727 24 24.8600006103516 24.4200000762939 24.2999992370605 24.1299991607666 23.7900009155273 23.6200008392334 23.8299999237061 24.1000003814697 24.1499996185303 25.4300003051758 30.0599994659424 38.1300010681152 47.3800010681152 53.7299995422363 53.5699996948242 46.6199989318848 36.5400009155273 32.060001373291 38.3400001525879 52.8300018310547 64.9499969482422 60.7799987792969 45.4700012207031 40.0999984741211 35.939998626709 28.9500007629395 25.9699993133545 24.5499992370605 20.7600002288818 14.5 11.9200000762939 12.9200000762939 14.0699996948242 15.1599998474121 15.9499998092651 14.75 13.4399995803833 14.3900003433228 16.1700000762939 17.9300003051758 20.0499992370605 20.9300003051758 20.5200004577637 20.5200004577637
20.4500007629395 23.2299995422363 24.6200008392334 24.3099994659424 24.2000007629395 24.0799999237061 23.7000007629395 23.5100002288818 23.6200008392334 23.7299995422363 23.4200000762939 23.8999996185303 27.2199993133545 33.9099998474121 42.3400001525879 49.4599990844727 52.4000015258789 50.5499992370605 44.5800018310547 39.3300018310547 40.3300018310547 49.9300003051758 63.9900016784668 64.4899978637695 49.3400001525879 40.8400001525879 39.0800018310547 36.1699981689453 32.3699989318848 30.0900001525879 27.1599998474121 21.2299995422363 15.789999961853 14.210000038147 14.2700004577637 15.3999996185303 17.6399993896484 18.6900005340576 17 15 14.8999996185303 16.7600002288818 21.4599990844727 25.0799999237061 23.1200008392334 20.8600006103516
20.3099994659424 22.3899993896484 24.1800003051758 24.1499996185303 24.0200004577637 24.0200004577637 23.6399993896484 23.4200000762939 23.4400005340576 23.3500003814697 22.75 22.7800006866455 25.2299995422363 30.3799991607666 37.3499984741211 44.2700004577637 48.3400001525879 49.3600006103516 47.2000007629395 44.2700004577637 44.0499992370605 49.3800010681152 60.7000007629395 65.1500015258789 54.7000007629395 42.8300018310547 39.8199996948242 38.3600006103516 34.3899993896484 32.2099990844727 31.0699996948242 27.5300006866455 21.9300003051758 18.6299991607666 17.0300006866455 17.1100006103516 19.8199996948242 23.25 23.4599990844727 19.5400009155273 16.5900001525879 16.1299991607666 21.1599998474121 29.6800003051758 28.7600002288818 21.9300003051758
20.5900001525879 21.8299999237061 23.5400009155273 23.8899993896484 23.8600006103516 23.9300003051758 23.6399993896484 23.3999996185303 23.4099998474121 23.1900005340576 22.3400001525879 21.8799991607666 23.4500007629395 27.5200004577637 33.2999992370605 39.2799987792969 43.439998626709 45.6100006103516 45.8699989318848 45.2799987792969 45.9099998474121 48.9799995422363 56.4199981689453 62.560001373291 57.3600006103516 46.6100006103516 42.7299995422363 41.7299995422363 38.7700004577637 37.0800018310547 36.189998626709 33.4500007629395 30.6299991607666 28.5599994659424 25.7299995422363 23.2000007629395 22.8700008392334 25.5 27.7900009155273 25.7299995422363 21.7900009155273 18.7399997711182 20.6800003051758 31.7700004577637 35.8699989318848 25.6800003051758
20.9699993133545 21.8799991607666 23.1000003814697 23.6200008392334 23.6900005340576 23.75 23.6100006103516 23.4699993133545 23.4599990844727 23.1900005340576 22.4699993133545 22 22.8700008392334 25.8600006103516 30.7700004577637 35.7900009155273 39.4900016784668 42.0999984741211 43.810001373291 45.0099983215332 46.6399993896484 49.0499992370605 53.7799987792969 58.4599990844727 55.8499984741211 49.1800003051758 46.7599983215332 47.5099983215332 48.5099983215332 48.0099983215332 45.1100006103516 40.5 36.6800003051758 34.6100006103516 32.1800003051758 28.5499992370605 25.7900009155273 26.2800006866455 28.7199993133545 28.4500007629395 25.7299995422363 22.3799991607666 21.7700004577637 31.5799999237061 40.5800018310547 32.0499992370605
20.8999996185303 21.8600006103516 22.8199996948242 23.3400001525879 23.5400009155273 23.6399993896484 23.5699996948242 23.4699993133545 23.4500007629395 23.0900001525879 22.5200004577637 22.5 23.4500007629395 25.9400005340576 30.1499996185303 34.1800003051758 36.8600006103516 39.3499984741211 41.9799995422363 44.6599998474121 47.4000015258789 50.4900016784668 54.3199996948242 54.8600006103516 50.0400009155273 45.6399993896484 43.4099998474121 42.0299987792969 43.5800018310547 47.6199989318848 49.4900016784668 45.9500007629395 38.5900001525879 34.1300010681152 31.75 29.25 27.2299995422363 27.2600002288818 28.7700004577637 29.0900001525879 27.4599990844727 24.6499996185303 23.8099994659424 32.5699996948242 44.3199996948242 37.5200004577637
