data/real/Dogrib_v624/conserv_mass/windninja_315_30_100m_vel.asc
NCOLS 357 
NROWS 223 
XLLCORNER 457900 
YLLCORNER 5716800 
CELLSIZE 100 
NODATA_value -3.4e+38 
[rows 105 to 125 of 223, columns 276 to 321 of 357]
26.9099998474121 26.3500003814697 30.0200004577637 36.0499992370605 40.0099983215332 40.0800018310547 37.9900016784668 35.7099990844727 33.7000007629395 32.2900009155273 31.6200008392334 31.3500003814697 31.2399997711182 31.0799999237061 30.5799999237061 30.0400009155273 30.0799999237061 30.7999992370605 32.0699996948242 33.6100006103516 35.0900001525879 36.189998626709 36.2999992370605 35.3499984741211 34.0099983215332 32.7700004577637 31.7800006866455 30.9599990844727 30.3799991607666 30.1399993896484 29.9899997711182 29.7099990844727 29.2099990844727 28.8500003814697 28.8600006103516 28.6200008392334 27.1200008392334 24.7999992370605 24.6800003051758 26.8500003814697 27.7800006866455 27.5400009155273 28.4300003051758 30.2600002288818 29.1800003051758 24.3199996948242
26.9500007629395 30.0100002288818 35.1699981689453 38.9199981689453 38.8800010681152 36.0400009155273 32.9900016784668 30.6200008392334 29.1299991607666 28.8199996948242 29.5 30.8199996948242 31.75 31.8199996948242 31.5799999237061 31.6200008392334 32.0299987792969 32.9000015258789 34.189998626709 35.1699981689453 35.3400001525879 34.75 33.2400016784668 31.1399993896484 28.7600002288818 27.2900009155273 27.4300003051758 27.8400001525879 28.5599994659424 29.5499992370605 29.9899997711182 29.7900009155273 29.4300003051758 29.0699996948242 28.4699993133545 27.2800006866455 25.3400001525879 24.3700008392334 26.8400001525879 30.2900009155273 30.5400009155273 29.2700004577637 29.1200008392334 29.0300006866455 26.1299991607666 22.2099990844727
30.5200004577637 34.5 37.2599983215332 36.7799987792969 33.5499992370605 29.8700008392334 26.8700008392334 25.5 25.8999996185303 26.7600002288818 27.7900009155273 29.2700004577637 29.8099994659424 29.2800006866455 29.2900009155273 29.8400001525879 30.4699993133545 31.5499992370605 32.439998626709 32.1699981689453 30.9300003051758 29.0699996948242 26.8799991607666 24.3600006103516 22.0300006866455 21.8500003814697 23.3199996948242 24.4699993133545 25.6499996185303 26.7299995422363 26.8299999237061 26.5200004577637 26.3899993896484 25.9400005340576 24.6499996185303 23.2000007629395 22.7900009155273 25.0400009155273 29.8600006103516 32.8199996948242 31.9899997711182 30.0799999237061 28.5900001525879 26.8700008392334 24.9099998474121 25.0300006866455
34.5299987792969 35.9599990844727 34.689998626709 31.0499992370605 27.1200008392334 24.5200004577637 23.6700000762939 25.1100006103516 26.9899997711182 27.1700000762939 26.6100006103516 26.6700000762939 26.5499992370605 25.7999992370605 25.6100006103516 25.7900009155273 26.3600006103516 27.3999996185303 27.5100002288818 26.3700008392334 24.8400001525879 22.9799995422363 21.5599994659424 20.2000007629395 19.5300006866455 21.0100002288818 23.1900005340576 24.2600002288818 24.6599998474121 24.6900005340576 24.2600002288818 23.7099990844727 23.5300006866455 23.1200008392334 21.7900009155273 21.3199996948242 23.6900005340576 28.4599990844727 32.9199981689453 34.0400009155273 32.310001373291 30.1299991607666 28.2000007629395 27.0300006866455 27.8199996948242 30.6900005340576
35.0299987792969 32.7000007629395 28.5699996948242 24.6299991607666 22.75 23.5300006866455 26.2700004577637 28.8099994659424 28.6100006103516 26.9300003051758 25.5900001525879 25.0900001525879 25.4500007629395 25 24.0200004577637 24.0499992370605 24.4899997711182 24.9200000762939 24.6100006103516 23.2800006866455 21.7000007629395 21.0100002288818 21.3700008392334 20.9699993133545 20.7700004577637 22.9699993133545 25.4799995422363 26.0900001525879 25.5499992370605 25.1100006103516 24.8400001525879 24.5 24.8299999237061 25.0300006866455 23.5400009155273 23.1900005340576 26.9899997711182 32.1100006103516 34.7900009155273 34.2900009155273 32.2400016784668 30.2600002288818 28.6200008392334 28.4300003051758 30.5300006866455 33.3800010681152
30.4799995422363 25.5599994659424 22.0499992370605 21.6000003814697 23.8600006103516 27.8999996185303 30.3899993896484 29.1299991607666 26.3899993896484 25.4300003051758 25.1100006103516 25.4899997711182 26.5699996948242 25.25 23.9099998474121 25.1100006103516 25.9099998474121 26.1200008392334 25.9300003051758 23.9599990844727 22.2800006866455 23.5400009155273 25 23.4599990844727 22.3999996185303 25.2000007629395 27.9699993133545 27.8999996185303 27.1200008392334 27.1599998474121 27.5100002288818 27.9500007629395 28.9899997711182 28.4300003051758 25.25 24.6800003051758 29.5799999237061 34.310001373291 35.3899993896484 34.1100006103516 32.1500015258789 30.1700000762939 28.4500007629395 28.3999996185303 30.3099994659424 32.2700004577637
23.1900005340576 19.9799995422363 21.0100002288818 24.7800006866455 29.0599994659424 31.5100002288818 29.7000007629395 25.9699993133545 25.3999996185303 26.2099990844727 26.0100002288818 26.9400005340576 26.9300003051758 24.6200008392334 25.0400009155273 27.8099994659424 28.9099998474121 29.3600006103516 28.5 25.1900005340576 24.25 27.4300003051758 27.5799999237061 23.6800003051758 22.8799991607666 27.1100006103516 29.7999992370605 29.1299991607666 28.6499996185303 29.3199996948242 30.2800006866455 31.25 31.1200008392334 27.6700000762939 23.6599998474121 25.2999992370605 31.6700000762939 35.5499992370605 35.6399993896484 34.0400009155273 31.7700004577637 29.3799991607666 27.8299999237061 27.7999992370605 28.8500003814697 30.1599998474121
18.8600006103516 21.0599994659424 25.9300003051758 29.9799995422363 32.1599998474121 30.75 26.6700000762939 25.4300003051758 26.9099998474121 27.0699996948242 27.3500003814697 27.9500007629395 25.7999992370605 24.5799999237061 27.9599990844727 31.25 32.0499992370605 31.3400001525879 28.0599994659424 24.3899993896484 25.9899997711182 29.6599998474121 27.0400009155273 22.3999996185303 23.7199993133545 29.1399993896484 31.3899993896484 30.7000007629395 30.7099990844727 31.7399997711182 32.6699981689453 32.2200012207031 28.7999992370605 23.7999992370605 22.8999996185303 28 34.0400009155273 36.6399993896484 36.1800003051758 34.0200004577637 31.1200008392334 28.5900001525879 27.1900005340576 26.8500003814697 27.5300006866455 28.7700004577637
20.7399997711182 26.5400009155273 30.7299995422363 32.4199981689453 31.7299995422363 28.2299995422363 25.4799995422363 26.3099994659424 27.25 27.6499996185303 28.8099994659424 27.3899993896484 25.0200004577637 27.3299999237061 32.25 34.1500015258789 32.75 28.9699993133545 24.3899993896484 24.0400009155273 28.8299999237061 30.4300003051758 25.1299991607666 21.7900009155273 25.6299991607666 31.4500007629395 33.310001373291 32.9900016784668 33.3400001525879 33.9000015258789 32.9099998474121 29.2600002288818 24.0599994659424 22.0900001525879 25.7800006866455 31.9099998474121 36.2200012207031 37.6300010681152 36.4199981689453 33.310001373291 29.7299995422363 27.0300006866455 25.7199993133545 26.0599994659424 27.5599994659424 28.4799995422363
26.6399993896484 31.1499996185303 32.7099990844727 32.189998626709 29.5499992370605 26.0599994659424 25.2399997711182 26.6900005340576 28.0400009155273 29.75 29.5400009155273 26.4699993133545 26.7199993133545 31.9300003051758 35.1100006103516 33.2599983215332 28.5699996948242 24.1599998474121 23.4699993133545 27.7099990844727 31.7600002288818 28.9699993133545 22.6700000762939 22.2700004577637 28.5200004577637 34.1500015258789 35.4700012207031 35.1500015258789 34.8199996948242 32.9900016784668 28.8799991607666 24.0100002288818 21.8600006103516 24.5599994659424 30.1800003051758 34.9000015258789 37.4500007629395 37.4599990844727 34.7200012207031 30.2700004577637 26.3099994659424 24.5499992370605 25.2000007629395 27.2600002288818 28.7700004577637 28.9799995422363
31.3199996948242 33.0200004577637 32.4300003051758 30.1100006103516 26.8600006103516 24.9400005340576 25.7900009155273 27.9799995422363 30.1800003051758 31.1599998474121 28.8799991607666 26.7099990844727 30.1000003814697 34.5 33.2200012207031 27.8500003814697 23.9899997711182 24.2900009155273 28.25 32.3400001525879 31.3299999237061 24.8700008392334 20.9500007629395 24.5699996948242 32.1800003051758 36.5800018310547 36.7700004577637 35.5699996948242 32.9799995422363 28.0200004577637 23.4400005340576 22.1200008392334 24.4400005340576 29.1299991607666 33.5499992370605 36.3300018310547 37.0499992370605 35.0099983215332 30.6200008392334 26.2299995422363 24.3400001525879 25.3700008392334 27.7299995422363 29.2199993133545 29.4799995422363 29.7199993133545
33.2599983215332 32.7700004577637 30.5599994659424 27.6900005340576 25.8600006103516 25.9500007629395 27.6399993896484 29.9500007629395 31.6900005340576 30.8199996948242 27.8600006103516 28.1000003814697 32.4300003051758 33.1300010681152 28.0400009155273 24.1499996185303 25.2900009155273 29.5599994659424 33.1399993896484 32.5400009155273 27.0300006866455 21.6100006103516 22.2800006866455 28.8400001525879 35.4799995422363 37.7400016784668 36.5699996948242 33.8199996948242 28.8199996948242 23.5699996948242 22.4899997711182 25.4200000762939 29.4500007629395 33.1500015258789 35.7799987792969 36.689998626709 35.3899993896484 31.7800006866455 27.7600002288818 26.0799999237061 27.2600002288818 29.4400005340576 30.5200004577637 30.3899993896484 30.5 31.3799991607666
33.5999984741211 31.6599998474121 29.0599994659424 27.3999996185303 27.2700004577637 27.9899997711182 29.4300003051758 31.3199996948242 31.8199996948242 29.5699996948242 27.6399993896484 29.8899993896484 32.4099998474121 29.5400009155273 25.4500007629395 26.4400005340576 30.7600002288818 34.0299987792969 33.560001373291 28.7199993133545 22.6800003051758 21.3999996185303 26.2800006866455 33.2400016784668 37.5699996948242 37.8300018310547 35.3600006103516 30.8299999237061 25.3400001525879 23.3299999237061 26.2800006866455 30.7600002288818 34.1100006103516 36.4799995422363 37.5499992370605 36.6300010681152 34 30.9400005340576 29.3999996185303 30.1900005340576 31.8199996948242 32.5099983215332 32.2299995422363 32.1500015258789 32.810001373291 33.4799995422363
33.6500015258789 31.1100006103516 29.2800006866455 28.8199996948242 28.9300003051758 29.2199993133545 30.4300003051758 31.75 30.8500003814697 28.5 28.5 30.9799995422363 30.7099990844727 27.4799995422363 27.5 31.4599990844727 34.5699996948242 34.4700012207031 30.6499996185303 24.5499992370605 21.1800003051758 24.0900001525879 30.9599990844727 36.3800010681152 38.25 36.7799987792969 32.7999992370605 27.6599998474121 24.8600006103516 26.9899997711182 31.8199996948242 35.6500015258789 37.9099998474121 38.8800010681152 38.1599998474121 35.9900016784668 33.6500015258789 32.4099998474121 32.7099990844727 33.7400016784668 34.1399993896484 33.8199996948242 33.6300010681152 33.7799987792969 33.7599983215332 32.7599983215332
34.4500007629395 31.6900005340576 30.3700008392334 29.9799995422363 29.6299991607666 29.8199996948242 30.9799995422363 31.2900009155273 29.6000003814697 28.4699993133545 29.9099998474121 31.0900001525879 29.5300006866455 28.7000007629395 31.5499992370605 34.7400016784668 34.9300003051758 32.2099990844727 26.9599990844727 21.9099998474121 22.2000007629395 28.2999992370605 34.7900009155273 37.8300018310547 37.3899993896484 34.310001373291 29.8999996185303 27.1200008392334 28.5100002288818 32.8300018310547 36.6199989318848 38.6699981689453 39.2400016784668 38.2900009155273 36.2400016784668 34.2099990844727 32.939998626709 32.8699989318848 33.560001373291 33.9599990844727 33.689998626709 33.2599983215332 32.8499984741211 31.8600006103516 30.0300006866455 27.0100002288818
35.5800018310547 32.6599998474121 31.2299995422363 30.4300003051758 29.9699993133545 30.3600006103516 31.0699996948242 30.5100002288818 29.2199993133545 29.5499992370605 30.9799995422363 30.8199996948242 29.9599990844727 31.5300006866455 34.5499992370605 35.2999992370605 33.1500015258789 28.9500007629395 23.5200004577637 21.3299999237061 25.2700004577637 32.3600006103516 37.0299987792969 37.7099990844727 35.560001373291 32.4000015258789 30.2800006866455 30.9099998474121 33.9500007629395 36.7700004577637 37.9099998474121 37.7400016784668 36.3199996948242 33.8400001525879 31.6599998474121 30.5300006866455 30.1800003051758 30.7800006866455 31.4400005340576 31.3299999237061 30.6700000762939 29.7299995422363 28.2399997711182 25.8099994659424 22.9699993133545 20.2000007629395
34.8400001525879 32.5200004577637 31.3799991607666 30.5900001525879 30.3199996948242 30.7099990844727 30.8500003814697 30.1399993896484 29.7700004577637 30.6000003814697 31.2199993133545 30.7900009155273 31.3600006103516 33.7999992370605 35.2000007629395 33.5999984741211 29.9500007629395 24.9899997711182 21.0599994659424 22.8099994659424 29.3600006103516 35.4199981689453 37.8499984741211 36.7599983215332 34.4199981689453 33.1500015258789 33.5999984741211 34.9599990844727 36.1599998474121 36.2000007629395 35.060001373291 33.2999992370605 30.7399997711182 28.0699996948242 26.8299999237061 26.7399997711182 27 27.6299991607666 27.8899993896484 27.3600006103516 25.9799995422363 23.9899997711182 21.8500003814697 19.7700004577637 18.5 18.7700004577637
32.0999984741211 30.9599990844727 30.6299991607666 30.4099998474121 30.5200004577637 30.7999992370605 30.6499996185303 30.25 30.3700008392334 30.9500007629395 31.1800003051758 31.3799991607666 32.8800010681152 34.5400009155273 33.7200012207031 30.4300003051758 25.8700008392334 21.6100006103516 21.4599990844727 26.5100002288818 33.1399993896484 37.3499984741211 37.9099998474121 36.3499984741211 35.1699981689453 35.189998626709 35.2000007629395 34.4099998474121 33.4799995422363 32.2299995422363 30.4099998474121 28.3400001525879 26.5 25.7900009155273 26.3500003814697 26.7800006866455 26.0300006866455 25.0400009155273 24.6399993896484 23.6000003814697 21.3600006103516 19.3999996185303 18.7099990844727 19 20.5599994659424 24.0499992370605
29.9400005340576 29.4599990844727 29.5799999237061 29.9899997711182 30.6200008392334 30.9400005340576 30.7399997711182 30.5200004577637 30.6299991607666 31 31.4099998474121 32.2299995422363 33.5400009155273 33.5299987792969 31.0599994659424 27.0100002288818 22.8400001525879 21.5 24.8799991607666 30.8099994659424 36.0800018310547 38.2900009155273 37.75 36.4900016784668 35.5699996948242 34.4799995422363 32.4700012207031 30.4699993133545 29.3799991607666 28.4899997711182 27.1299991607666 26.2299995422363 26.9300003051758 28.5400009155273 28.9899997711182 26.9699993133545 23.9500007629395 23.3299999237061 23.7000007629395 21.4300003051758 19.1200008392334 19.4799995422363 21.6000003814697 24.8400001525879 28.6100006103516 32.3800010681152
28.8099994659424 28.5200004577637 28.9200000762939 29.8500003814697 30.7999992370605 31.1700000762939 30.9799995422363 30.6800003051758 30.6399993896484 30.9899997711182 31.6000003814697 32.4099998474121 32.8300018310547 31.5 28.3600006103516 24.4099998474121 22.2000007629395 24.0599994659424 28.9200000762939 34.1699981689453 37.6699981689453 38.2400016784668 37.0699996948242 35.4000015258789 33.2599983215332 30.7900009155273 29.0499992370605 28.3600006103516 28.2600002288818 27.8500003814697 27.3500003814697 28.4599990844727 30.5699996948242 30.4500007629395 26.7900009155273 21.9500007629395 21.1800003051758 24.7399997711182 25.2999992370605 21.3799991607666 20.9500007629395 25.0499992370605 29.2000007629395 32.4300003051758 34.2599983215332 34.7200012207031
27.9599990844727 27.9599990844727 28.9400005340576 30.1399993896484 30.8899993896484 31.0300006866455 30.7299995422363 30.4799995422363 30.5499992370605 30.8799991607666 31.3099994659424 31.7000007629395 31.25 29.3099994659424 26.1000003814697 23.2299995422363 23.5900001525879 27.4300003051758 32.2900009155273 36.3699989318848 38.2000007629395 37.5800018310547 35.8699989318848 33.5999984741211 31.25 29.8899993896484 29.6800003051758 29.7600002288818 29.7000007629395 29.5499992370605 30.1800003051758 31.3700008392334 30.3400001525879 25.5400009155273 19.9899997711182 19.2700004577637 24.4200000762939 28.9599990844727 26.0100002288818 21.8099994659424 24.6900005340576 30.6800003051758 33.5400009155273 33.4000015258789 31.6700000762939 29.8400001525879
