data/real/Dogrib_v624/conserv_mass/windninja_360_30_100m_vel.asc
NCOLS 357 
NROWS 223 
XLLCORNER 457900 
YLLCORNER 5716800 
CELLSIZE 100 
NODATA_value -3.4e+38 
[rows 84 to 104 of 223, columns 0 to 45 of 357]
29.9799995422363 29.8400001525879 29.5300006866455 29.4099998474121 29.6399993896484 30.1000003814697 30.4200000762939 30.3299999237061 30.1599998474121 30.2700004577637 30.4200000762939 30.1700000762939 29.6200008392334 29.2199993133545 29.0499992370605 28.9099998474121 28.6100006103516 28.1100006103516 27.5400009155273 27.2999992370605 27.3600006103516 27.2199993133545 27.0200004577637 27.5300006866455 28.5699996948242 29.1499996185303 29.0499992370605 28.7900009155273 28.4400005340576 27.9300003051758 27.3199996948242 26.8299999237061 26.5200004577637 26.2099990844727 25.8199996948242 25.4699993133545 25.2099990844727 24.9799995422363 24.7999992370605 24.9200000762939 25.4599990844727 26.1900005340576 27.0599994659424 28.0100002288818 28.75 29.0599994659424
30.2800006866455 30.1700000762939 29.7900009155273 29.4300003051758 29.4799995422363 29.9099998474121 30.4200000762939 30.6700000762939 30.4799995422363 30.1700000762939 30.1599998474121 30.3500003814697 30.2199993133545 29.7000007629395 29.2299995422363 29.0599994659424 28.9699993133545 28.6900005340576 28.2399997711182 28 28.1800003051758 28.2600002288818 27.7000007629395 26.9899997711182 27.5 28.6399993896484 29.1800003051758 29.0100002288818 28.6800003051758 28.2800006866455 27.7900009155273 27.25 26.8999996185303 26.8400001525879 26.8999996185303 26.8600006103516 26.7299995422363 26.5200004577637 26.1100006103516 25.4799995422363 25.0599994659424 25.2299995422363 25.8299999237061 26.4899997711182 27.2399997711182 28.2999992370605
30.4099998474121 30.3500003814697 30.1499996185303 29.8299999237061 29.6800003051758 29.8299999237061 30.2600002288818 30.7000007629395 30.6299991607666 30.0599994659424 29.7199993133545 29.8600006103516 30.0300006866455 29.9200000762939 29.7199993133545 29.5100002288818 29.2700004577637 29.0900001525879 28.9599990844727 28.7900009155273 28.5200004577637 28.1700000762939 27.6700000762939 26.9599990844727 26.5499992370605 27.0499992370605 27.7999992370605 28.0400009155273 27.9599990844727 27.9599990844727 27.9799995422363 27.8500003814697 27.6599998474121 27.6299991607666 27.8799991607666 28.1499996185303 28.1700000762939 27.7900009155273 27.0400009155273 26.2199993133545 25.6700000762939 25.4599990844727 25.4400005340576 25.5599994659424 26.2199993133545 27.2900009155273
30.4899997711182 30.2999992370605 29.9899997711182 29.6700000762939 29.4899997711182 29.5699996948242 29.9099998474121 30.4500007629395 30.8799991607666 30.7700004577637 30.2099990844727 29.7700004577637 29.7600002288818 29.9400005340576 29.9599990844727 29.7299995422363 29.3400001525879 29.1299991607666 29.1100006103516 28.9899997711182 28.5200004577637 27.8899993896484 27.4799995422363 27.2099990844727 26.7099990844727 26.3099994659424 26.7700004577637 27.5900001525879 27.9300003051758 28 28.1100006103516 28.2399997711182 28.2199993133545 28.0799999237061 28.1100006103516 28.4099998474121 28.6200008392334 28.2800006866455 27.4300003051758 26.7900009155273 26.5300006866455 26.2999992370605 26.0699996948242 26.0400009155273 26.3999996185303 26.6399993896484
30.4200000762939 30.1100006103516 29.7099990844727 29.3999996185303 29.2000007629395 29.2199993133545 29.3799991607666 29.7199993133545 30.2999992370605 30.7999992370605 30.6900005340576 30.1000003814697 29.75 29.7600002288818 29.6800003051758 29.4099998474121 29.2000007629395 29.1399993896484 29.0200004577637 28.6599998474121 28.2000007629395 27.8999996185303 27.7600002288818 27.4899997711182 27.0799999237061 26.6499996185303 26.6499996185303 27.3999996185303 28.1900005340576 28.4400005340576 28.4699993133545 28.5400009155273 28.5 28.1900005340576 27.7900009155273 27.5599994659424 27.6100006103516 27.8799991607666 28.2399997711182 28.3600006103516 28.1299991607666 27.75 27.6000003814697 27.5499992370605 27.2399997711182 26.6299991607666
30.5200004577637 30.3299999237061 30.2399997711182 30.1200008392334 29.6800003051758 29.2399997711182 29.0499992370605 29.0300006866455 29.1700000762939 29.5100002288818 29.7700004577637 29.6299991607666 29.3899993896484 29.2700004577637 29.1499996185303 29.1800003051758 29.4699993133545 29.6000003814697 29.1499996185303 28.3400001525879 27.7199993133545 27.6100006103516 27.7299995422363 27.5599994659424 27.2900009155273 27.0699996948242 26.7800006866455 26.7299995422363 27.2600002288818 27.7999992370605 28 28.0900001525879 28.1399993896484 28.0100002288818 27.6800003051758 27.25 27.1499996185303 27.7399997711182 28.7199993133545 29.2900009155273 29.2999992370605 29.2299995422363 29.2399997711182 29.0100002288818 28.2999992370605 27.5900001525879
30.6100006103516 30.5799999237061 30.8700008392334 31.1599998474121 30.8500003814697 30.1000003814697 29.4400005340576 29.1000003814697 28.9099998474121 28.7900009155273 28.9699993133545 29.2700004577637 29.3600006103516 29.2800006866455 29.3199996948242 29.6399993896484 29.9599990844727 29.8500003814697 29.2600002288818 28.5300006866455 27.9200000762939 27.4799995422363 27.2800006866455 27.3099994659424 27.3600006103516 27.2600002288818 26.9200000762939 26.5499992370605 26.4599990844727 26.9699993133545 27.4500007629395 27.6200008392334 27.7800006866455 27.9699993133545 28.0900001525879 28.0400009155273 27.9400005340576 28.0200004577637 28.4699993133545 29.0699996948242 29.6000003814697 29.9899997711182 30.0599994659424 29.8299999237061 29.5 29.3899993896484
30.7700004577637 30.8299999237061 31.1700000762939 31.6599998474121 31.8799991607666 31.5 30.6399993896484 29.8799991607666 29.4899997711182 29.3700008392334 29.6000003814697 30.0400009155273 30.2099990844727 30.1800003051758 30.2700004577637 30.2900009155273 29.8299999237061 29.2399997711182 28.9699993133545 28.9599990844727 28.8199996948242 28.3099994659424 27.6900005340576 27.3199996948242 27.2399997711182 27.25 27.1800003051758 27.0699996948242 27.1100006103516 27.5499992370605 27.8999996185303 28.0200004577637 28.2299995422363 28.5499992370605 28.8500003814697 28.9799995422363 28.8099994659424 28.4200000762939 28.3700008392334 28.8099994659424 29.3700008392334 29.5799999237061 29.5300006866455 29.6399993896484 30.1399993896484 30.6800003051758
31.2000007629395 31.1599998474121 31.1299991607666 31.2900009155273 31.6499996185303 31.7399997711182 31.2099990844727 30.3299999237061 29.7900009155273 29.7800006866455 30.0699996948242 30.4500007629395 30.7999992370605 30.8999996185303 30.6599998474121 30.1200008392334 29.3099994659424 28.7000007629395 28.7000007629395 29.1700000762939 29.5799999237061 29.5499992370605 29.0300006866455 28.2299995422363 27.6100006103516 27.4200000762939 27.3899993896484 27.3799991607666 27.5400009155273 27.9599990844727 28.4099998474121 28.6399993896484 28.7700004577637 28.9500007629395 29.1700000762939 29.2999992370605 29.2900009155273 28.9699993133545 28.5200004577637 28.3899993896484 28.3899993896484 28.5400009155273 28.8199996948242 29.1200008392334 29.5 29.8199996948242
31.3400001525879 30.9799995422363 30.4400005340576 30.0300006866455 29.9099998474121 30 30.0300006866455 29.7199993133545 29.2800006866455 29.1399993896484 29.3199996948242 29.5400009155273 29.8899993896484 30.1700000762939 29.8899993896484 29.2299995422363 28.6800003051758 28.4200000762939 28.5400009155273 28.9899997711182 29.4099998474121 29.5699996948242 29.4500007629395 29.0300006866455 28.3099994659424 27.6200008392334 27.2900009155273 27.1800003051758 27.0200004577637 27.0599994659424 27.7900009155273 28.4599990844727 28.7600002288818 28.8600006103516 28.9400005340576 29.0200004577637 29.0300006866455 28.8400001525879 28.3500003814697 27.6399993896484 27.3400001525879 27.7900009155273 28.4799995422363 28.7099990844727 28.4500007629395 28.0400009155273
31.2399997711182 30.5 29.5100002288818 28.7299995422363 28.1499996185303 28.0599994659424 28.3500003814697 28.5599994659424 28.3999996185303 28.1800003051758 28.1599998474121 28.2099990844727 28.2800006866455 28.4400005340576 28.5300006866455 28.3700008392334 28.0400009155273 27.8899993896484 28.0200004577637 28.1599998474121 28.2600002288818 28.3299999237061 28.3299999237061 28.1800003051758 27.7600002288818 27.1200008392334 26.7800006866455 26.7000007629395 26.5599994659424 26.3299999237061 26.4799995422363 27.1200008392334 27.8299999237061 28.2900009155273 28.3700008392334 28.1299991607666 27.8999996185303 27.7600002288818 27.4799995422363 27.1399993896484 27.1900005340576 27.3799991607666 27.4400005340576 27.5499992370605 27.6200008392334 27.3500003814697
30.8199996948242 29.7800006866455 28.5499992370605 27.8400001525879 27.3700008392334 27.3099994659424 27.5499992370605 27.8899993896484 28.1000003814697 27.9899997711182 27.6700000762939 27.4500007629395 27.2900009155273 27.1299991607666 27.1800003051758 27.3999996185303 27.5 27.4799995422363 27.4400005340576 27.2700004577637 27.1700000762939 27.1900005340576 27.1000003814697 26.8199996948242 26.5200004577637 26.3400001525879 26.2299995422363 26.2999992370605 26.3500003814697 26.1399993896484 26 26.3700008392334 26.6399993896484 26.6900005340576 26.75 26.7600002288818 26.7199993133545 26.8199996948242 27.0599994659424 27.2800006866455 27.3799991607666 26.9899997711182 26.3299999237061 25.9899997711182 26.1700000762939 26.4500007629395
30.0699996948242 28.9799995422363 27.8600006103516 27.5599994659424 27.4200000762939 27.4400005340576 27.6299991607666 27.9500007629395 28.2999992370605 28.4400005340576 28.2000007629395 27.6700000762939 27.1299991607666 26.7999992370605 26.6800003051758 26.9300003051758 27.3999996185303 27.5300006866455 27.2299995422363 26.8700008392334 26.7000007629395 26.7000007629395 26.7399997711182 26.7600002288818 26.7900009155273 26.7800006866455 26.6000003814697 26.4200000762939 26.2399997711182 25.9699993133545 25.7700004577637 25.6800003051758 25.3999996185303 25.0599994659424 24.9500007629395 25.1299991607666 25.3899993896484 25.7199993133545 26.1100006103516 26.3199996948242 26.0799999237061 25.5599994659424 25.0499992370605 24.5 24.1700000762939 24.3600006103516
29.1299991607666 28.1599998474121 27.2399997711182 27.3600006103516 27.4799995422363 27.4699993133545 27.5300006866455 27.75 28.0100002288818 28.2299995422363 28.2199993133545 27.9200000762939 27.5200004577637 27.2900009155273 27.3199996948242 27.7800006866455 28.4400005340576 28.5599994659424 27.8799991607666 26.9899997711182 26.4500007629395 26.4200000762939 26.8299999237061 27.3899993896484 27.7700004577637 27.7999992370605 27.5200004577637 26.8199996948242 26.1499996185303 25.6700000762939 25.0900001525879 24.3400001525879 24.0499992370605 24.0900001525879 23.75 23.4300003051758 23.4599990844727 23.5100002288818 23.5499992370605 23.5499992370605 23.4300003051758 23.2999992370605 23.2000007629395 23.0599994659424 22.9300003051758 22.9899997711182
29.0200004577637 28.3099994659424 27.3799991607666 27.1599998474121 27.0900001525879 26.9599990844727 26.7700004577637 26.6200008392334 26.4899997711182 26.4300003051758 26.5699996948242 26.8899993896484 27.2000007629395 27.3199996948242 27.6200008392334 28.3600006103516 29.0799999237061 29.2800006866455 28.6499996185303 27.2999992370605 26.1399993896484 25.8500003814697 26.3700008392334 27.1000003814697 27.5100002288818 27.4699993133545 27.0699996948242 26.3999996185303 25.7800006866455 25.3299999237061 24.8700008392334 24.25 23.7199993133545 23.3999996185303 23.1399993896484 22.8099994659424 22.5300006866455 22.3099994659424 22.0400009155273 21.8500003814697 21.8600006103516 22.0400009155273 22.2900009155273 22.5599994659424 22.7999992370605 23.0100002288818
29.8199996948242 29.4500007629395 28.5400009155273 27.5300006866455 26.8199996948242 26.3899993896484 26.0100002288818 25.5900001525879 25.2299995422363 24.9799995422363 25.0300006866455 25.3600006103516 25.7399997711182 26.0699996948242 26.6200008392334 27.1499996185303 27.4500007629395 27.7399997711182 27.9200000762939 27.4699993133545 26.4300003051758 25.5200004577637 25.3299999237061 25.6900005340576 26.0699996948242 26.1000003814697 25.7600002288818 25.3700008392334 25.1599998474121 24.9300003051758 24.6399993896484 24.3299999237061 23.8999996185303 23.4799995422363 23.2600002288818 23.0599994659424 22.7600002288818 22.4400005340576 22.1499996185303 21.8899993896484 21.7299995422363 21.7999992370605 22.1200008392334 22.5599994659424 22.8899993896484 23.0799999237061
29.9099998474121 29.7299995422363 29.1599998474121 28.2900009155273 27.3899993896484 26.7399997711182 26.4300003051758 26.2999992370605 26.1499996185303 25.8799991607666 25.5 25.2399997711182 25.2199993133545 25.4200000762939 25.5 25.2399997711182 25.1100006103516 25.3099994659424 26.1399993896484 27.0699996948242 27.1599998474121 26.1399993896484 24.8500003814697 24.2000007629395 24.2399997711182 24.4599990844727 24.5200004577637 24.4699993133545 24.4400005340576 24.3299999237061 24.0699996948242 23.7700004577637 23.5400009155273 23.3299999237061 23.1200008392334 22.9200000762939 22.6800003051758 22.4200000762939 22.1800003051758 21.9500007629395 21.7900009155273 21.7800006866455 21.8999996185303 22.1499996185303 22.4200000762939 22.5599994659424
29.8299999237061 29.7199993133545 29.4400005340576 29.0599994659424 28.6299991607666 28.25 28.1000003814697 28.0300006866455 27.7700004577637 27.3500003814697 26.9699993133545 26.5300006866455 26.3099994659424 26.1299991607666 25.3799991607666 24.2999992370605 23.7000007629395 23.7000007629395 24.2600002288818 25.1299991607666 25.8999996185303 25.8299999237061 24.7800006866455 23.5900001525879 22.9899997711182 22.9699993133545 23.2900009155273 23.6299991607666 23.7199993133545 23.6100006103516 23.4099998474121 23.1299991607666 22.8899993896484 22.7399997711182 22.6399993896484 22.4899997711182 22.2600002288818 21.9899997711182 21.7000007629395 21.4899997711182 21.4200000762939 21.4099998474121 21.4099998474121 21.4599990844727 21.6200008392334 21.8099994659424
29.9300003051758 29.8099994659424 29.5100002288818 29.3099994659424 29.2700004577637 29.2399997711182 29.0300006866455 28.6800003051758 28.3899993896484 28.1399993896484 27.8299999237061 27.4599990844727 27.1000003814697 26.5499992370605 25.6800003051758 24.6299991607666 23.6499996185303 23.0200004577637 22.6399993896484 22.5 22.8500003814697 23.5400009155273 23.8799991607666 23.4899997711182 22.8600006103516 22.6200008392334 22.7600002288818 22.9400005340576 22.9699993133545 22.8199996948242 22.6599998474121 22.5200004577637 22.3600006103516 22.1700000762939 22 21.8400001525879 21.5900001525879 21.1599998474121 20.7700004577637 20.5599994659424 20.5499992370605 20.6100006103516 20.6200008392334 20.6299991607666 20.6900005340576 20.8700008392334
29.6299991607666 29.4200000762939 29.1900005340576 29.2199993133545 29.2600002288818 29.0699996948242 28.6700000762939 28.3400001525879 28.2199993133545 28.1100006103516 27.7199993133545 27.0900001525879 26.3400001525879 25.6700000762939 25.25 24.8400001525879 24.0599994659424 23.0300006866455 22.1399993896484 21.6700000762939 21.5699996948242 21.8899993896484 22.4300003051758 22.7399997711182 22.7000007629395 22.6200008392334 22.5 22.3299999237061 22.1900005340576 22.0699996948242 21.9400005340576 21.8299999237061 21.6900005340576 21.4799995422363 21.2700004577637 21.0200004577637 20.6000003814697 20.0900001525879 19.6900005340576 19.4699993133545 19.3400001525879 19.2399997711182 19.1499996185303 19.0499992370605 18.9899997711182 19.0200004577637
29.8400001525879 29.75 29.6100006103516 29.4400005340576 29.1800003051758 28.8500003814697 28.5 28.1900005340576 27.8299999237061 27.5100002288818 27.1499996185303 26.3500003814697 25.1399993896484 24.0499992370605 23.4899997711182 23.3199996948242 23.1299991607666 22.7199993133545 22.3700008392334 22.1299991607666 21.9099998474121 21.75 21.7399997711182 21.8500003814697 21.9099998474121 21.8400001525879 21.6900005340576 21.5200004577637 21.3199996948242 21.1000003814697 20.9099998474121 20.75 20.5900001525879 20.4500007629395 20.2900009155273 20.0200004577637 19.75 19.6100006103516 19.4500007629395 19.2000007629395 18.7700004577637 18.1399993896484 17.6000003814697 17.2299995422363 16.9699993133545 16.9099998474121
