data/real/Dogrib_v624/conserv_mass/windninja_240_30_100m_ang.asc
NCOLS 357 
NROWS 223 
XLLCORNER 457900 
YLLCORNER 5716800 
CELLSIZE 100 
NODATA_value -3.4e+38 
[rows 84 to 125 of 223, columns 0 to 93 of 357]
243 242 241 240 240 239 239 239 239 239 240 240 240 240 240 240 240 240 240 241 241 241 241 241 240 240 239 240 240 241 241 242 242 242 243 244 244 245 245 245 244 243 242 241 241 240 240 241 241 240 240 241 239 238 239 241 242 241 242 242 242 241 241 241 242 243 244 244 245 245 245 245 245 246 248 250 250 250 250 251 252 253 257 258 253 245 239 235 234 231 225 223 225 224
242 242 241 240 240 239 239 239 239 240 240 240 239 239 240 240 240 239 240 240 240 240 240 241 241 240 239 239 239 240 241 241 241 242 242 242 243 243 244 244 244 244 244 243 242 241 241 241 239 240 242 243 241 239 240 240 240 240 241 242 242 241 241 242 242 243 244 245 245 246 246 246 246 246 247 248 249 250 252 253 253 252 254 255 251 246 241 238 233 227 224 224 226 226
242 241 240 240 240 240 239 239 239 240 240 240 239 239 240 240 239 239 239 239 239 240 240 240 242 242 240 240 240 240 240 241 241 241 241 241 242 242 242 242 243 244 244 244 244 243 243 240 237 238 240 240 239 239 239 239 239 239 240 240 240 240 240 241 242 243 244 245 245 246 247 247 247 247 248 248 248 249 252 253 253 253 253 252 248 245 243 237 227 221 222 226 231 237
241 240 240 240 240 240 240 239 239 239 240 240 240 239 240 240 239 239 239 239 239 240 240 240 241 242 241 240 240 240 240 241 241 241 241 241 241 241 241 242 242 243 244 244 244 244 242 238 237 238 238 238 238 239 239 239 239 239 239 240 240 239 239 240 242 243 244 245 245 246 247 248 248 249 249 248 248 248 250 251 252 253 253 250 246 244 242 232 223 224 229 234 238 243
240 240 239 240 240 241 240 240 239 239 239 239 240 240 240 240 239 239 239 239 238 239 240 240 240 241 241 240 240 240 240 241 241 241 242 242 242 240 240 240 241 241 242 243 244 243 240 237 238 239 239 239 239 239 239 239 240 240 240 240 239 238 239 240 241 242 243 244 245 246 247 248 249 250 249 249 248 248 248 249 251 253 252 249 246 244 238 227 224 230 232 233 232 232
240 239 239 239 240 241 240 240 240 240 240 239 240 240 240 240 240 239 239 238 238 239 240 240 240 241 241 241 240 240 241 241 241 241 242 242 242 240 240 240 240 240 241 242 242 240 238 238 238 239 239 238 238 239 239 239 240 239 240 240 239 238 238 240 241 242 242 243 244 245 246 248 249 250 250 249 249 248 247 248 249 251 251 248 245 242 233 224 226 228 226 224 224 223
240 239 238 239 239 240 240 240 240 240 240 240 240 240 240 240 240 239 238 237 239 240 240 240 240 240 241 241 241 241 242 242 242 242 242 242 242 241 240 240 240 240 240 240 240 238 237 238 239 238 237 237 237 237 237 238 238 239 239 239 238 237 238 239 240 241 241 242 243 244 245 247 249 250 251 250 249 248 247 246 248 249 249 246 244 238 227 224 227 228 225 224 225 226
240 239 238 238 239 239 238 238 239 239 239 240 240 239 240 240 240 238 237 237 238 239 240 240 240 240 240 240 240 241 242 242 242 241 241 241 241 241 241 241 240 240 241 240 240 238 237 238 240 240 239 238 238 237 237 237 237 238 238 238 237 236 237 238 239 239 240 240 241 242 244 246 249 251 251 251 249 248 246 246 246 247 246 245 243 234 225 226 229 229 230 231 231 232
240 239 238 238 239 238 238 237 238 239 239 240 239 239 240 240 239 238 237 238 238 238 238 239 240 240 240 240 240 240 241 241 241 242 241 241 241 240 240 241 241 241 241 241 241 240 237 238 241 242 242 241 240 239 238 238 237 237 237 236 236 236 236 237 237 238 238 239 239 240 242 244 247 250 251 251 249 248 246 245 245 246 245 244 241 231 225 227 228 228 229 232 230 229
239 239 238 239 240 240 239 238 239 240 241 241 240 239 240 240 239 238 238 238 238 238 238 238 239 240 240 241 241 241 242 242 242 242 242 241 240 240 240 241 242 242 242 241 242 241 238 238 241 241 241 242 241 240 239 238 238 238 237 236 236 235 236 236 236 237 237 237 238 239 240 242 245 248 249 249 248 247 246 244 244 244 243 243 240 230 226 228 228 227 229 230 228 225
238 238 239 240 241 241 240 240 240 241 242 242 242 241 240 240 240 240 240 239 239 239 239 239 239 240 241 241 242 242 243 244 243 243 242 242 241 241 241 241 242 244 243 242 242 241 238 239 240 240 240 241 241 240 239 239 238 238 238 237 236 236 235 236 236 236 236 235 235 237 238 240 242 245 246 246 247 247 246 244 243 243 242 242 238 229 228 230 229 229 231 233 230 227
238 239 239 240 241 242 241 241 241 242 242 243 242 241 240 240 240 241 241 240 239 239 239 240 240 241 242 242 242 242 243 245 245 244 243 242 242 242 241 241 243 244 243 243 243 242 240 240 241 240 240 240 241 240 239 239 238 238 238 238 237 236 236 235 235 236 235 235 235 235 236 238 240 243 243 243 244 245 245 244 243 242 242 242 238 230 229 232 232 233 234 236 237 234
239 240 240 241 241 242 242 241 241 241 242 242 242 241 240 240 241 242 241 240 240 239 239 240 241 241 242 242 242 243 244 245 245 245 245 244 243 243 243 243 244 244 244 244 245 244 244 244 244 243 242 241 241 240 239 239 239 238 238 237 237 236 235 235 235 236 236 236 236 236 236 238 240 242 242 241 242 243 243 243 243 242 242 242 238 231 231 234 234 235 237 239 241 241
241 241 242 242 242 242 242 242 242 242 242 241 241 240 239 240 241 242 241 240 239 239 239 239 240 241 241 241 242 243 244 246 246 246 246 245 245 246 245 245 245 245 245 245 246 246 246 247 248 248 247 245 243 241 240 240 239 239 238 238 237 237 235 235 235 235 235 235 235 235 236 238 240 241 241 241 241 241 241 241 241 242 241 241 239 232 233 238 238 239 240 243 245 247
242 242 243 243 243 243 243 244 244 244 243 242 241 240 239 240 241 241 239 239 240 240 239 240 241 241 241 241 242 243 244 245 246 246 246 246 246 247 247 247 247 246 246 246 246 247 247 247 249 251 252 251 249 247 245 244 243 242 241 240 239 238 236 236 236 235 235 234 234 233 234 236 237 238 239 240 241 241 240 239 239 239 239 241 239 233 237 242 242 243 245 247 247 250
242 242 242 243 243 243 244 245 245 245 244 243 243 242 241 242 242 241 239 239 240 240 241 241 242 242 242 241 242 243 244 244 245 245 245 245 246 246 246 247 247 247 247 246 247 247 247 247 248 250 251 252 252 252 252 250 249 247 245 244 243 240 239 238 237 236 235 234 233 233 233 234 234 235 236 237 237 238 238 237 238 236 235 238 237 233 238 243 243 245 248 249 249 251
242 242 241 242 242 243 244 244 244 244 244 244 243 243 243 243 244 242 240 239 239 240 241 243 243 243 243 242 243 244 244 244 245 245 245 245 245 246 246 246 247 247 247 247 248 248 248 248 249 249 250 250 252 253 253 253 254 253 251 250 247 245 243 242 240 239 238 236 234 233 234 234 233 233 233 233 232 233 234 234 236 234 233 235 234 233 238 241 242 244 248 250 251 252
243 242 241 241 241 242 242 243 243 243 243 242 242 243 243 243 244 244 242 241 241 240 241 243 244 244 244 244 244 244 244 245 245 245 245 245 246 246 246 247 247 248 248 248 249 249 249 249 249 249 249 250 250 251 252 253 254 255 255 255 253 251 250 248 246 245 243 241 239 237 237 236 235 234 233 232 230 230 229 229 232 233 233 235 235 236 240 242 243 246 249 252 254 255
243 241 240 240 241 241 242 242 242 242 242 241 241 242 241 242 244 244 244 244 244 242 242 242 244 244 245 245 245 245 245 245 245 246 246 246 246 246 247 248 249 249 249 249 250 250 250 250 250 250 250 250 250 250 250 251 252 254 255 256 256 256 256 255 254 253 250 248 245 244 244 242 240 239 238 236 233 232 230 228 230 232 232 235 239 243 245 247 248 251 254 256 258 257
242 241 241 241 241 242 242 242 242 242 242 241 241 241 241 241 242 243 244 245 245 244 244 243 243 244 245 245 245 245 245 246 246 246 246 246 246 247 248 249 250 250 251 251 252 252 252 252 252 252 252 252 251 251 251 251 251 252 253 254 255 255 256 257 259 259 258 255 252 251 250 248 246 245 244 242 240 238 235 231 232 232 231 235 242 247 250 252 253 255 258 260 262 262
242 241 241 241 241 242 242 243 243 242 242 241 241 241 242 243 243 243 243 244 244 245 245 244 244 245 245 246 246 246 246 247 247 247 247 246 246 247 248 249 250 251 252 253 254 254 254 254 255 255 254 254 253 252 251 251 252 252 252 253 253 253 254 255 256 258 260 259 258 257 255 253 251 250 248 247 245 242 239 236 235 233 231 235 243 248 251 253 255 256 258 261 264 268
241 241 240 240 241 242 242 243 243 242 242 241 241 241 243 244 244 243 243 244 244 245 245 245 245 246 246 246 247 247 247 248 248 248 248 247 247 248 248 249 249 250 250 251 252 253 254 255 255 255 255 256 255 254 253 253 253 253 253 253 253 253 253 254 254 255 256 258 259 260 259 257 255 253 251 249 247 244 241 238 236 233 232 237 246 250 252 254 256 257 259 261 263 268
241 241 240 240 241 241 242 242 242 242 242 242 241 242 243 243 244 244 244 244 244 245 245 245 246 246 247 247 248 248 249 249 250 250 249 249 249 250 250 248 247 247 248 248 248 249 251 253 253 253 254 255 255 255 255 256 256 255 254 254 254 254 254 254 254 254 254 255 256 258 258 258 257 256 253 251 249 247 244 241 238 234 232 237 244 249 252 255 257 259 260 261 262 265
241 241 240 240 240 241 241 241 241 242 242 242 242 242 243 243 244 244 245 245 245 245 245 246 247 247 247 248 249 249 249 249 249 249 250 250 250 251 250 248 246 246 247 246 246 246 247 249 252 252 252 252 253 252 253 255 257 258 257 256 255 255 255 255 254 254 254 254 254 255 255 255 256 255 254 252 250 248 246 244 241 235 232 235 240 244 249 254 257 259 260 261 262 262
240 240 241 241 241 242 242 242 242 242 241 242 243 243 243 244 245 245 246 246 246 246 246 246 247 247 248 248 248 248 247 247 247 248 248 249 250 250 250 247 246 246 247 247 247 246 245 247 249 250 251 251 251 250 250 250 252 256 259 259 259 258 257 256 256 255 255 254 254 254 254 253 253 253 252 251 249 245 243 241 237 232 229 232 235 240 245 249 253 255 257 258 259 259
240 241 242 243 244 245 244 244 244 242 242 242 243 243 244 244 246 247 247 247 247 247 247 247 247 247 248 248 247 246 246 247 247 247 248 248 249 249 249 247 245 247 247 247 248 247 246 246 246 247 249 250 249 249 249 247 246 248 253 257 260 261 261 259 258 257 256 255 254 254 253 253 252 251 250 249 247 243 240 237 233 229 227 227 230 235 240 244 246 249 251 252 253 253
242 243 244 244 245 245 245 245 245 244 243 243 244 244 244 245 246 248 248 247 247 247 247 247 247 247 247 247 246 245 246 247 248 249 250 250 250 250 249 246 245 247 248 247 248 248 248 247 246 245 245 247 248 248 247 247 245 244 245 250 255 259 262 262 261 259 258 256 255 254 254 253 252 251 250 248 247 244 242 239 235 230 226 223 225 230 235 239 241 242 243 244 246 247
243 243 244 245 245 245 245 245 245 245 245 244 245 245 245 246 246 247 247 247 247 247 247 248 248 248 247 247 245 244 245 247 249 250 251 252 252 252 251 247 244 246 247 247 247 248 248 249 248 246 245 245 246 246 246 246 245 243 243 244 248 252 255 258 261 262 261 259 257 256 255 254 253 252 250 249 248 246 245 243 239 234 228 223 221 225 230 233 236 238 238 238 239 241
243 243 244 245 246 246 246 246 246 246 246 245 245 245 246 247 246 245 245 245 246 247 247 248 248 247 247 247 245 244 245 247 248 250 252 253 253 252 251 247 243 245 247 248 248 248 249 250 250 249 247 245 244 245 245 245 244 243 243 244 246 248 249 252 256 259 261 262 260 258 256 254 254 253 251 250 248 247 247 246 243 238 232 227 224 224 226 228 230 233 234 233 234 235
244 244 246 248 249 249 248 248 248 247 246 244 244 245 246 247 246 245 244 244 245 247 248 248 247 247 246 246 245 244 244 245 248 251 253 254 253 251 249 245 240 244 248 249 250 250 251 252 251 251 249 247 245 243 243 243 242 242 243 245 246 246 247 248 250 252 255 258 261 261 259 256 254 254 253 251 250 249 248 248 247 244 239 234 230 227 227 226 227 228 229 229 230 231
244 245 247 249 251 250 248 248 247 245 244 244 244 245 245 245 245 244 243 243 245 246 246 246 247 247 246 245 246 245 242 242 246 251 253 253 251 249 247 241 237 243 249 251 252 253 254 254 253 252 251 249 247 244 243 242 241 240 242 244 244 245 246 248 249 249 250 252 255 259 261 259 257 255 254 253 251 250 249 249 248 248 246 243 238 234 232 229 225 225 225 225 227 228
244 244 244 245 246 245 245 245 243 242 243 243 244 244 244 244 243 242 242 243 244 244 244 244 246 247 246 245 247 246 242 241 245 249 251 250 249 248 244 236 235 243 248 251 253 255 255 255 254 252 251 250 249 246 243 241 239 239 241 241 242 242 243 246 249 251 253 253 253 254 257 259 259 258 256 254 253 252 251 250 249 249 249 250 249 245 241 236 230 225 224 224 225 226
242 242 241 242 241 241 241 240 239 240 242 244 244 244 244 244 242 241 242 244 244 243 241 243 246 246 244 244 246 247 246 246 248 250 250 248 247 245 235 229 234 241 246 249 253 255 255 255 254 252 251 250 249 247 245 241 239 240 240 240 240 240 240 241 243 248 254 257 257 256 255 256 259 260 259 257 255 254 252 251 250 250 250 252 254 256 255 251 242 233 227 225 224 224
240 240 241 241 240 239 238 237 237 239 242 243 243 243 244 243 242 242 244 245 244 241 241 244 245 244 244 244 245 248 251 254 256 254 251 248 248 241 225 223 232 239 243 246 249 251 252 253 253 252 250 249 248 246 244 241 239 240 240 241 240 239 238 237 236 238 244 251 255 256 255 255 255 257 259 260 259 257 254 253 252 252 251 252 255 259 262 264 260 250 240 232 227 224
240 241 242 241 240 239 237 235 236 239 241 242 241 242 242 241 240 242 245 245 242 241 242 244 243 243 246 246 246 247 252 257 259 256 252 250 249 237 217 219 230 237 240 243 244 246 248 250 251 251 250 249 247 245 243 241 240 240 240 240 240 239 238 235 233 233 237 240 244 248 250 251 252 253 255 258 260 260 258 256 254 253 253 254 256 259 262 265 268 269 261 249 239 231
241 242 243 242 240 238 236 236 237 240 241 241 240 240 240 240 239 241 243 243 241 241 242 240 240 242 247 250 247 245 249 253 254 253 251 249 247 231 209 215 230 238 240 241 241 241 244 247 249 250 250 249 247 244 242 241 242 241 240 240 240 239 238 235 233 233 235 236 236 237 241 245 248 249 250 253 256 259 260 260 257 256 255 255 257 260 263 265 267 273 276 269 258 248
241 242 244 243 241 239 238 238 240 242 242 242 240 240 240 240 239 240 242 241 242 243 240 236 238 243 249 253 248 245 249 249 248 247 246 246 242 224 204 214 233 242 244 242 241 241 241 243 245 247 249 250 248 244 241 241 242 241 240 240 240 239 237 236 234 234 236 236 234 232 234 238 241 243 246 249 252 255 259 261 260 258 257 258 258 260 264 269 271 271 274 277 273 263
242 243 244 243 241 240 240 240 242 243 243 243 242 242 242 241 240 240 241 241 243 242 236 234 238 244 249 250 245 245 248 246 243 243 243 242 238 220 202 215 234 243 245 244 243 243 242 241 242 244 247 249 247 243 242 242 241 240 239 240 240 239 238 237 236 236 237 237 234 232 232 234 236 238 242 246 249 252 257 261 262 262 261 261 261 262 265 271 276 276 273 274 275 271
242 242 242 242 240 240 240 241 242 243 243 244 244 243 243 242 241 240 241 242 242 236 231 235 243 247 248 244 240 243 246 244 243 243 242 240 236 217 201 215 234 241 243 244 245 246 245 243 241 242 244 246 246 244 243 242 241 239 239 240 240 239 238 237 238 238 239 238 235 233 233 233 233 234 237 242 247 252 258 263 267 267 266 265 265 266 267 271 276 280 281 278 275 272
241 241 240 239 239 239 240 241 242 242 242 243 242 242 241 242 241 241 242 243 239 231 229 240 249 250 248 243 241 243 245 245 244 244 242 240 234 219 203 217 235 241 241 242 245 247 247 245 243 241 242 244 244 245 245 243 241 239 239 240 240 240 238 238 238 240 241 239 236 234 234 234 233 232 233 237 242 249 256 263 270 275 275 272 270 270 271 272 274 278 284 285 283 278
240 240 238 237 237 238 238 239 240 241 241 241 241 240 239 239 241 243 246 244 236 228 236 250 252 250 248 245 245 246 247 246 245 244 242 239 232 219 208 223 239 243 242 241 243 246 248 248 245 242 241 242 243 245 246 245 242 240 239 240 240 239 238 237 238 240 240 239 237 235 235 234 233 231 231 233 236 241 248 256 266 277 284 282 279 277 276 276 276 277 280 285 289 287
240 239 237 236 236 236 235 236 237 239 240 241 241 240 237 237 240 245 248 244 233 232 248 255 253 249 247 245 246 247 247 246 245 243 240 237 230 218 212 226 239 244 244 243 244 245 247 248 247 244 242 241 241 243 245 246 244 241 240 240 239 239 238 237 238 239 239 238 237 236 235 234 233 231 230 230 232 236 239 244 254 268 282 290 291 288 284 281 281 280 279 281 285 289
