data/real/Dogrib_v624/conserv_mass/windninja_240_30_100m_ang.asc
NCOLS 357 
NROWS 223 
XLLCORNER 457900 
YLLCORNER 5716800 
CELLSIZE 100 
NODATA_value -3.4e+38 
[rows 0 to 41 of 223, columns 188 to 281 of 357]
259 256 252 251 257 267 277 281 279 274 269 261 249 235 228 225 223 223 227 235 241 243 243 246 248 248 246 247 249 248 246 248 250 248 247 246 245 243 243 244 245 246 247 247 246 245 245 245 245 246 247 248 249 249 248 248 246 243 243 246 252 256 255 253 255 258 260 257 252 249 247 248 248 249 249 249 248 246 245 243 241 240 242 245 248 251 253 253 252 253 252 252 251 251
259 256 252 251 255 262 269 273 274 272 268 261 251 241 233 229 227 227 230 235 240 242 245 246 247 245 245 246 248 249 250 250 248 247 246 246 245 244 244 244 245 245 246 246 246 246 245 245 245 246 246 247 247 247 247 247 245 243 243 247 251 253 252 252 254 256 256 254 251 249 248 248 248 248 249 248 247 246 244 243 241 241 242 243 245 248 249 249 249 250 250 250 250 250
255 252 248 247 251 255 258 260 263 267 266 260 253 248 242 238 236 235 237 239 239 239 243 244 243 241 242 243 245 248 250 249 247 245 245 244 244 245 245 244 243 244 244 244 245 246 245 244 244 245 245 244 244 244 245 246 246 245 247 250 251 250 249 251 253 252 250 249 249 249 249 249 248 248 247 247 246 245 244 243 243 244 244 243 244 245 245 245 246 247 247 247 248 248
248 243 240 240 243 247 248 250 253 257 258 254 249 246 245 246 245 243 243 243 241 238 238 239 240 239 239 240 242 243 243 243 245 244 243 241 242 244 245 244 243 244 244 243 244 245 244 242 241 242 242 241 241 240 241 246 249 250 251 252 252 249 249 251 251 249 247 246 247 248 248 248 249 248 247 246 245 244 243 244 246 247 248 248 247 246 245 245 246 246 246 246 245 245
246 239 235 235 237 239 240 242 245 247 246 244 243 243 245 249 252 252 250 248 246 242 240 239 239 237 237 239 240 239 239 240 241 241 240 239 241 243 243 243 245 246 244 244 244 244 244 243 242 241 239 238 237 236 238 243 248 249 250 253 252 250 250 251 249 246 245 244 244 244 245 247 249 249 247 245 244 242 241 242 245 248 249 250 249 247 246 247 247 246 246 244 243 242
249 241 237 236 236 237 238 239 241 241 238 237 237 239 242 247 251 255 257 255 251 247 244 243 240 237 240 244 244 241 240 241 241 240 239 240 243 244 241 241 244 245 245 246 246 247 247 246 245 243 239 236 235 236 240 244 246 246 248 251 251 250 250 250 248 246 245 244 241 240 241 244 246 248 247 245 243 240 238 239 242 244 245 246 246 246 246 246 246 247 246 244 241 239
246 241 240 240 239 240 241 241 240 238 236 233 232 235 240 244 248 253 257 259 256 252 249 248 245 242 246 250 251 250 248 245 242 241 242 243 245 245 243 242 243 244 245 247 249 251 251 249 246 243 238 232 231 235 242 246 247 246 248 250 250 249 250 249 248 247 247 246 243 241 240 240 242 243 243 242 241 239 237 237 238 238 238 240 242 242 243 243 244 245 246 245 243 241
242 238 239 242 242 244 245 243 241 239 235 231 230 233 238 243 248 251 253 255 256 255 255 254 250 246 249 252 253 255 255 251 246 244 243 243 244 244 242 242 243 245 246 248 250 253 252 249 245 240 233 229 228 232 238 243 245 246 249 250 250 249 249 249 249 249 249 248 246 245 244 242 241 239 239 238 238 237 236 236 236 235 235 236 238 240 241 241 241 243 244 245 246 245
242 237 238 243 244 246 247 245 243 239 236 232 230 232 237 244 249 251 251 252 253 254 255 254 250 248 250 251 251 250 250 250 247 244 242 241 241 240 239 241 243 245 247 249 250 248 246 244 240 234 229 229 229 232 237 240 243 246 249 250 251 250 249 248 248 247 247 246 246 247 248 247 244 241 239 237 236 236 236 237 237 236 236 236 237 238 239 239 240 240 240 242 243 243
245 240 241 246 248 248 249 247 244 240 237 232 230 232 238 245 249 249 248 249 250 251 251 249 246 247 251 253 252 249 246 245 245 243 241 240 239 239 238 238 241 244 247 251 249 244 240 238 234 230 228 230 232 234 236 239 243 246 248 249 249 248 248 247 246 245 244 243 244 245 246 247 246 245 242 239 237 236 236 236 236 236 236 237 237 237 237 238 239 238 237 238 238 237
248 245 244 249 253 253 252 250 246 242 237 233 231 233 239 246 247 245 244 245 246 246 245 242 241 245 252 254 254 251 248 247 245 243 242 239 236 236 235 234 237 243 250 252 250 245 241 236 231 229 230 233 235 236 236 238 242 247 250 249 248 246 246 246 245 243 242 241 241 242 242 243 244 244 243 241 239 237 236 236 236 235 236 237 237 236 236 237 238 238 237 237 236 234
242 244 245 247 252 256 256 252 247 242 237 233 232 235 242 247 246 241 241 241 239 238 236 234 237 244 251 253 253 251 250 249 247 245 243 237 232 230 230 230 235 244 250 250 247 244 241 236 230 228 232 236 238 239 238 239 243 248 252 251 249 248 247 246 245 243 243 242 242 242 241 241 242 242 242 241 240 239 238 237 237 236 237 237 237 236 236 237 238 239 239 239 237 234
236 237 239 240 243 248 251 249 246 241 235 232 233 238 245 247 243 237 237 236 235 233 231 231 236 243 248 250 249 248 247 247 246 245 241 232 228 229 230 232 238 245 247 246 242 239 236 232 227 227 232 237 239 239 240 242 247 251 253 252 251 250 248 247 245 244 244 243 243 242 241 241 242 242 242 241 240 239 239 239 239 238 239 239 238 237 238 239 239 238 238 238 236 233
238 236 236 234 235 238 240 241 241 236 230 228 232 238 244 243 237 233 234 235 234 231 229 230 236 242 245 246 245 244 244 244 245 244 237 225 224 230 233 238 245 247 245 241 238 235 232 228 224 226 232 236 238 238 239 242 250 254 254 251 250 250 249 248 246 245 244 243 243 242 241 241 241 241 241 241 240 239 239 240 241 240 241 242 241 240 240 241 240 238 236 235 234 232
245 242 238 235 234 236 235 235 235 231 226 227 232 239 242 240 235 234 235 234 232 229 228 231 236 240 242 242 242 242 243 245 246 242 233 220 219 227 232 241 249 250 246 240 235 232 229 226 224 228 233 235 237 238 238 242 251 255 254 249 248 248 248 247 245 244 243 242 242 242 241 241 241 240 240 240 240 240 240 240 241 241 243 243 242 243 243 244 242 239 238 236 234 234
246 247 244 240 239 239 237 235 232 229 228 233 239 243 244 240 237 236 236 232 229 227 229 234 238 239 240 241 243 243 245 246 244 239 229 215 217 226 233 241 249 252 250 244 238 233 228 225 226 230 233 234 236 238 238 243 252 256 253 247 244 243 243 243 242 242 241 241 241 241 241 240 240 240 240 240 240 240 240 241 241 242 244 244 244 245 246 247 244 242 241 239 236 235
242 244 244 243 243 243 239 235 232 229 233 242 248 248 245 240 237 236 234 230 227 229 233 239 243 243 241 241 243 244 243 240 237 233 225 214 217 229 237 244 249 251 251 248 242 235 229 226 227 229 230 231 233 236 238 245 255 256 252 246 242 239 237 237 238 239 239 239 239 239 239 239 239 239 239 239 240 240 240 241 241 242 244 245 245 247 248 248 245 243 241 239 237 235
240 238 239 242 244 241 236 232 230 230 238 247 251 249 245 241 237 234 232 229 227 229 233 240 244 244 241 241 244 243 238 234 231 229 224 215 218 230 239 247 251 252 250 246 242 236 232 231 231 230 229 229 231 232 236 246 255 255 251 247 244 241 237 234 234 235 236 237 238 238 237 237 238 238 238 239 239 240 240 240 240 241 242 244 245 247 247 246 243 241 240 238 237 236
241 237 237 241 242 237 231 227 227 233 244 250 251 248 245 241 237 234 232 230 228 228 230 234 237 237 239 245 248 243 236 232 230 228 224 216 217 229 238 247 254 254 249 243 238 233 232 234 235 233 231 231 231 232 237 247 252 251 248 246 245 243 240 237 234 234 235 236 237 237 237 237 237 238 238 239 239 239 239 239 240 240 241 242 243 244 244 243 241 240 239 238 236 235
244 240 240 241 240 234 228 224 226 237 247 251 248 246 245 243 238 234 233 233 231 230 231 233 235 235 241 250 252 245 238 233 231 229 224 218 217 226 236 246 253 254 248 241 236 231 231 235 236 235 235 236 234 235 244 250 250 247 245 243 242 240 240 239 237 236 236 235 236 236 237 237 237 237 238 238 238 238 239 239 239 240 240 240 240 241 241 241 240 240 239 238 236 234
241 240 241 241 238 232 226 222 229 242 249 248 244 242 242 241 234 231 232 233 234 235 237 240 241 241 248 253 252 246 241 236 233 230 226 221 219 225 235 245 251 251 245 238 233 230 233 235 236 236 237 238 237 240 250 253 250 245 243 241 239 237 237 238 239 240 238 237 236 236 236 236 236 236 237 237 237 238 238 239 239 239 240 240 240 239 240 240 240 239 239 238 236 234
239 239 239 239 236 230 223 223 233 246 249 246 240 238 237 234 230 229 230 231 233 236 239 243 245 247 252 253 248 243 240 238 236 234 228 223 222 227 236 245 249 248 241 233 228 231 236 237 237 238 239 240 241 246 254 255 250 245 242 240 237 235 235 235 237 239 240 239 238 237 236 235 234 235 236 236 237 237 238 238 239 239 239 240 239 239 239 239 239 239 238 237 235 233
242 241 239 237 234 227 220 223 234 243 245 241 236 235 234 228 226 229 230 229 230 233 236 240 243 248 252 250 243 237 234 234 235 235 230 222 221 227 235 243 249 247 239 229 226 233 238 237 237 239 242 244 247 253 257 254 248 244 242 239 236 234 233 233 234 236 238 239 239 237 235 234 234 235 235 236 236 237 238 238 239 239 239 239 239 239 239 239 239 239 238 237 234 233
245 244 242 239 235 226 220 225 235 241 242 237 234 235 233 227 226 229 229 228 228 230 233 236 241 248 250 245 239 235 231 230 232 235 233 223 220 225 231 241 247 245 236 225 224 234 238 235 236 240 245 248 253 261 261 253 245 243 242 240 237 234 233 232 232 233 235 237 237 236 235 234 235 235 236 236 237 238 238 239 239 239 239 239 239 239 239 239 239 239 238 237 235 234
245 245 244 242 237 231 227 232 240 245 243 238 236 237 233 229 229 229 228 227 227 229 230 233 239 245 246 241 237 234 230 228 232 238 237 226 221 226 233 242 246 242 233 222 224 235 237 234 235 241 246 250 257 262 260 252 245 243 242 241 239 237 234 232 231 233 236 237 237 235 234 235 235 236 236 237 237 238 238 239 239 239 239 239 239 239 239 239 239 239 238 237 235 234
242 241 241 240 237 235 236 240 247 250 246 241 239 238 235 233 234 232 230 229 229 230 232 235 241 243 242 238 235 232 226 225 233 239 238 228 220 226 235 244 246 241 232 223 226 236 238 234 234 241 248 252 255 256 254 251 248 244 242 240 239 239 237 236 234 234 237 238 237 236 235 235 236 236 236 237 238 238 239 239 239 240 241 241 240 239 239 239 239 239 238 236 235 235
238 237 237 236 232 234 237 241 247 250 248 244 242 240 238 238 238 236 235 235 235 236 237 241 245 244 240 236 233 228 223 225 234 239 237 229 221 225 235 241 243 240 232 224 229 236 238 236 236 244 252 254 253 251 249 250 250 248 245 242 239 238 239 240 239 239 239 238 236 235 235 236 236 236 236 237 238 239 239 239 240 242 243 242 240 240 239 239 239 239 238 236 236 236
236 235 236 233 230 233 236 238 242 245 245 243 241 240 241 241 240 238 238 240 241 242 243 245 247 245 241 236 232 227 223 227 235 239 237 232 226 227 234 239 240 237 231 225 229 234 236 237 242 250 253 251 250 250 249 248 250 251 249 245 241 238 238 239 240 240 239 238 236 235 235 236 236 236 236 237 238 239 239 239 240 243 245 242 240 240 239 239 239 238 237 236 236 237
237 237 237 234 231 234 237 238 239 241 242 241 240 240 242 243 241 239 238 239 242 245 247 249 247 243 238 235 231 226 225 229 235 237 235 232 230 229 234 238 239 235 230 227 230 233 236 241 248 251 248 243 243 244 244 244 246 248 250 248 243 240 238 237 237 237 238 238 236 234 234 235 235 236 236 237 238 239 239 240 242 246 245 242 240 240 239 239 239 238 237 236 235 237
239 238 236 235 233 235 237 237 237 239 241 241 240 240 242 244 243 240 237 236 238 242 246 249 247 241 235 231 228 226 227 230 234 234 232 231 230 228 231 237 238 235 230 228 230 235 241 249 252 249 244 240 238 236 235 237 239 243 245 246 245 244 242 239 237 236 237 237 237 235 234 235 235 235 235 235 237 238 239 242 247 249 247 242 240 239 239 238 238 237 237 235 234 237
239 236 234 234 234 233 235 235 234 236 241 243 241 240 243 245 244 240 235 233 235 238 241 243 243 241 236 231 227 226 228 231 233 233 232 232 231 229 230 234 237 236 232 229 229 235 246 254 254 250 247 244 242 238 235 234 236 238 240 242 243 245 245 243 239 237 237 238 237 236 235 235 235 235 234 234 235 237 240 245 250 252 248 243 240 239 238 238 237 237 236 234 234 237
237 233 232 234 233 231 233 233 230 232 238 240 240 240 244 246 244 240 234 231 235 238 238 238 238 238 238 234 230 229 230 232 234 234 235 236 234 231 227 229 234 235 234 232 232 239 249 253 250 248 248 247 246 244 240 237 236 236 237 239 240 241 243 243 241 239 238 238 238 237 236 235 234 234 233 233 234 236 240 246 252 253 250 244 239 238 237 237 237 236 235 233 234 238
235 231 231 232 230 230 233 233 228 228 234 236 235 238 243 246 245 241 236 234 239 242 240 238 237 236 236 235 233 234 236 237 237 237 238 238 236 231 226 225 229 232 232 232 235 245 252 251 245 243 243 242 242 242 242 241 238 237 238 238 238 238 239 240 241 240 239 238 238 237 236 235 234 233 231 231 232 234 239 246 250 250 246 241 237 236 235 236 236 235 233 232 234 238
233 230 230 230 228 228 231 232 228 228 232 233 232 236 241 245 244 241 238 237 241 242 241 240 238 237 236 233 232 235 239 240 239 238 238 240 238 233 226 223 226 228 228 229 234 246 251 249 246 244 241 238 236 237 238 239 239 239 239 238 236 236 237 238 240 240 240 239 237 237 236 235 234 232 231 230 231 234 239 244 243 241 237 234 233 233 233 234 234 233 231 231 234 240
232 230 229 227 224 224 226 228 228 230 234 234 233 235 239 241 241 239 237 237 240 241 240 239 239 239 237 233 231 233 236 237 237 236 238 241 241 235 226 222 224 226 226 226 233 244 248 248 247 246 243 240 238 237 237 237 237 237 238 237 235 235 236 237 238 239 240 239 237 236 235 234 233 231 230 231 233 238 244 245 241 237 233 230 230 230 231 232 232 231 228 229 234 240
228 227 226 225 221 220 222 224 227 230 235 237 237 238 239 239 238 235 233 234 236 238 238 238 239 240 237 233 231 233 235 235 236 235 237 241 242 237 226 222 224 226 227 229 236 243 246 247 246 243 242 243 242 241 239 238 236 236 237 237 235 234 234 235 236 237 237 236 236 235 234 233 231 230 230 232 238 247 251 248 243 239 234 230 229 228 229 230 230 228 225 227 232 237
223 222 223 224 222 222 222 224 226 229 233 238 242 243 242 239 236 232 230 230 231 233 235 237 239 239 237 233 231 234 236 237 236 235 238 243 244 237 227 224 227 230 231 234 238 244 248 249 244 239 239 240 242 243 243 241 238 237 238 238 235 233 233 234 234 234 235 235 235 235 235 232 230 228 229 234 244 252 252 247 243 240 236 232 230 228 228 229 229 225 222 225 231 234
223 222 223 225 225 226 225 225 227 229 231 236 243 247 247 243 238 233 230 229 228 229 231 235 238 238 236 232 231 234 236 237 236 236 241 246 246 238 229 226 229 233 235 236 239 247 253 251 242 237 237 236 237 240 241 241 239 239 239 239 237 236 235 234 234 235 235 236 236 236 234 231 228 226 227 236 247 252 249 245 242 240 237 234 231 229 229 229 227 222 220 228 236 238
228 226 227 228 227 227 226 225 228 230 231 236 243 248 250 247 242 237 233 230 229 228 230 234 236 237 236 233 232 235 236 236 236 238 244 248 246 237 228 225 229 233 236 236 240 250 255 251 242 237 236 236 235 236 236 236 237 238 238 238 237 238 238 236 235 235 236 237 237 236 233 230 227 226 229 240 250 251 246 242 241 239 237 235 232 230 230 229 226 220 221 232 240 241
234 231 232 232 232 230 229 227 229 231 233 239 244 248 249 249 246 241 235 232 231 229 230 234 236 237 236 233 233 235 235 235 235 238 244 247 244 235 227 224 227 232 234 235 242 253 255 249 242 238 237 237 238 236 234 234 235 236 237 237 236 237 238 237 235 235 236 238 237 234 232 231 229 228 233 245 251 249 243 241 240 238 237 234 231 230 231 230 226 220 223 233 238 237
237 234 234 236 237 236 234 231 230 232 235 240 244 246 247 247 246 243 238 235 232 230 231 235 237 237 236 234 234 235 235 234 235 238 243 244 241 233 225 222 225 229 233 235 245 255 254 247 243 239 237 237 238 237 236 235 235 236 236 236 235 236 236 235 233 234 235 237 235 231 230 232 232 230 237 248 250 245 240 239 238 238 236 233 231 231 231 231 227 223 227 237 239 237
240 236 234 236 238 238 236 233 230 231 236 240 241 242 243 244 243 242 240 237 234 231 232 235 237 238 237 235 235 235 236 236 237 240 243 242 239 232 223 221 224 227 231 236 249 255 252 246 243 240 238 237 237 235 235 236 236 236 236 236 235 235 234 232 232 233 235 234 232 229 230 233 234 235 244 252 250 242 238 237 237 237 236 233 232 232 232 232 230 230 237 245 246 244
