data/real/Dogrib_v624/conserv_mass/windninja_270_30_100m_ang.asc
NCOLS 357 
NROWS 223 
XLLCORNER 457900 
YLLCORNER 5716800 
CELLSIZE 100 
NODATA_value -3.4e+38 
[rows 0 to 41 of 223, columns 0 to 93 of 357]
274.000000000000000 278 283 287 287 282 268 255 251 255 262 272 287 299 305 306 303 294 280 263 254 252 248 245 247 254 273 301 322 326 314 309 308 304 297 289 283 283 285 286 290 295 297 295 288 282 280 282 283 284 289 293 283 244 221 216 216 219 228 239 248 258 268 277 280 276 270 263 261 258 244 232 231 236 244 254 270 288 293 284 274 271 283 305 320 326 323 315 311 313 316 315 314 311
271 273 277 281 282 279 270 261 260 263 268 275 281 289 296 299 298 291 279 265 258 255 253 253 258 268 283 297 318 323 311 305 303 300 296 290 283 280 280 281 282 285 289 293 293 289 283 281 279 279 280 281 269 233 220 222 224 231 242 250 256 262 266 269 270 269 264 259 255 247 236 234 237 241 246 252 261 274 286 284 279 284 297 308 318 322 321 317 313 314 315 312 308 307
268 267 267 268 270 272 273 273 273 273 274 275 275 276 279 283 284 281 275 270 266 265 267 273 278 283 286 290 303 313 303 296 293 291 291 291 285 277 273 271 270 272 278 286 294 295 290 284 278 274 269 261 238 212 223 235 245 256 263 266 266 265 263 259 257 257 255 252 247 236 232 242 249 250 250 251 254 259 270 284 293 299 304 310 315 316 317 315 310 307 307 303 300 301
268 266 262 261 262 265 271 277 277 276 274 273 271 271 271 271 272 273 275 276 277 279 281 282 284 284 282 283 292 301 293 288 286 284 284 287 288 281 273 268 266 267 271 277 284 289 291 288 284 278 269 257 234 214 235 251 262 268 270 269 266 264 260 254 251 251 248 246 245 240 241 248 252 255 255 254 254 256 265 282 297 303 302 303 306 306 306 301 292 286 288 294 298 301
268 266 263 261 260 262 267 273 276 275 273 271 271 270 269 269 270 274 279 282 284 284 283 282 280 279 277 277 283 289 286 283 281 281 280 282 286 286 279 272 267 266 265 267 271 278 284 287 285 281 273 262 242 228 254 269 274 274 270 266 263 261 258 252 247 244 243 247 253 255 256 255 254 254 257 258 257 259 267 276 291 297 292 290 290 286 281 277 275 276 282 293 300 301
268 267 264 263 262 262 264 268 272 273 272 271 271 271 271 272 274 277 281 283 284 282 279 277 276 275 274 273 278 283 282 281 280 279 278 279 282 285 284 279 273 268 264 262 263 267 275 282 283 279 273 265 247 246 270 278 278 273 267 262 260 258 255 250 245 242 246 255 267 275 276 270 260 256 257 259 261 263 266 270 279 285 282 279 275 271 268 270 274 278 287 295 299 298
269 268 266 264 263 262 263 265 268 271 272 272 272 272 273 274 277 280 283 284 282 279 276 275 274 272 270 270 275 282 280 279 280 279 278 278 278 281 284 283 279 273 268 264 262 264 269 275 277 273 266 254 241 260 279 281 276 268 262 259 257 255 252 247 244 245 252 263 275 285 290 286 275 264 259 260 263 263 262 264 270 277 274 269 266 266 267 271 275 282 290 294 291 291
269 269 267 265 264 263 262 263 265 269 272 273 273 273 274 275 279 283 287 288 285 280 275 272 270 269 268 268 273 281 280 278 279 279 278 277 277 278 281 283 282 278 273 269 266 265 266 267 269 265 254 239 241 265 277 275 269 263 259 257 255 254 254 251 246 248 254 265 277 289 297 296 288 276 265 262 262 262 260 260 264 269 267 263 261 266 272 275 280 286 290 288 280 285
270 270 268 267 265 263 262 262 264 267 270 273 273 273 274 276 280 285 289 290 289 284 277 271 267 266 265 265 270 280 281 278 278 278 277 276 276 276 277 279 281 280 276 273 271 268 265 262 260 252 238 235 248 262 267 265 263 260 258 257 256 257 261 262 257 251 253 262 275 288 298 301 297 288 274 265 261 261 259 258 259 264 265 262 261 266 274 280 284 286 285 278 276 284
271 271 270 268 265 263 262 262 264 266 268 271 273 274 274 277 281 283 284 286 289 289 283 276 269 264 262 263 268 279 283 279 277 276 276 274 274 275 276 276 278 279 277 275 272 269 264 260 252 235 225 235 248 254 256 258 260 259 258 257 258 261 265 271 274 266 255 258 268 283 295 302 302 295 283 271 263 260 258 256 257 262 267 267 270 275 277 281 285 283 278 272 277 285
271 271 270 267 263 262 264 264 265 266 267 269 271 273 274 276 278 278 276 278 287 294 293 286 277 268 262 261 266 277 283 279 276 275 275 274 273 273 274 275 276 277 276 274 272 268 264 258 246 224 220 233 241 245 248 250 253 255 256 257 259 261 265 270 278 282 267 258 263 274 289 300 304 299 287 276 268 264 259 256 258 265 275 283 290 291 287 282 281 280 276 275 279 282
270 270 269 265 262 263 265 265 265 266 266 267 268 270 272 273 273 271 269 273 284 297 303 298 289 276 265 261 263 273 281 277 275 274 274 274 273 273 273 273 274 276 275 273 271 268 264 257 240 220 221 235 240 242 245 246 248 251 253 255 257 260 263 267 273 283 281 264 261 268 283 296 303 302 289 276 270 269 265 260 265 273 282 291 298 301 297 287 281 278 279 280 278 273
270 269 267 263 263 265 266 265 265 265 265 265 266 267 269 268 266 266 267 273 282 297 309 308 298 286 272 263 262 268 277 276 274 274 274 273 273 273 272 271 272 275 275 272 270 268 263 254 236 219 226 241 247 249 249 249 249 250 251 253 255 257 259 262 266 274 282 271 261 265 277 289 298 301 292 277 269 270 271 270 275 279 283 288 292 296 298 294 287 282 281 280 276 268
270 269 264 262 264 266 266 265 264 264 264 264 264 265 265 265 265 267 271 275 280 293 308 312 305 295 282 268 263 262 270 273 272 273 274 274 273 272 271 269 269 272 275 273 270 267 262 253 234 220 232 247 255 257 257 256 254 253 253 253 254 254 254 255 258 264 272 272 265 266 273 282 290 297 294 281 272 271 273 277 280 280 278 276 277 283 290 294 293 288 282 278 276 273
269 267 262 262 265 267 266 265 264 263 263 263 263 263 264 265 266 270 274 276 278 285 300 309 309 302 292 277 266 259 260 267 269 272 275 275 274 272 270 269 267 268 272 274 272 268 262 252 232 224 240 253 258 260 261 261 259 257 256 255 254 253 251 250 252 256 262 268 268 268 271 277 284 291 293 286 279 277 278 278 277 274 270 268 269 274 280 287 290 288 281 278 278 279
267 264 260 263 267 267 266 265 264 263 263 263 263 263 263 265 267 270 274 277 276 278 288 301 308 307 299 285 269 259 255 262 267 270 274 276 275 272 270 268 267 266 268 272 273 270 264 253 233 233 250 258 261 263 265 265 262 259 258 258 257 255 253 251 252 254 259 264 267 268 270 273 279 286 291 290 288 288 285 276 267 261 260 262 265 269 271 274 278 280 279 279 278 277
266 261 257 264 268 268 267 266 265 264 264 263 263 263 264 265 266 268 271 274 273 272 280 294 305 308 302 289 274 262 255 259 266 269 271 275 275 273 270 269 268 265 264 266 270 272 267 255 238 242 253 258 263 267 271 272 269 264 262 261 259 258 257 257 258 260 262 265 267 267 268 270 274 281 289 293 295 294 288 274 260 252 248 250 256 262 265 266 267 274 280 277 269 267
262 257 257 264 268 269 270 269 267 265 264 263 262 262 264 265 266 267 268 269 269 269 276 290 302 306 300 291 279 266 259 261 267 269 270 273 274 273 272 271 270 267 264 263 265 268 268 258 243 243 250 257 263 269 274 278 279 274 269 266 264 262 263 264 266 266 267 268 269 269 269 269 271 276 286 293 294 291 284 273 261 251 243 239 244 253 259 262 267 274 277 266 255 257
258 255 260 266 268 270 271 270 268 266 264 262 262 262 263 264 266 266 266 267 268 271 275 284 296 302 297 289 281 271 265 266 269 270 270 271 273 274 274 273 272 269 267 264 263 264 264 259 242 242 252 259 263 267 270 275 281 281 277 272 269 268 269 271 271 271 271 271 273 274 273 270 268 273 282 287 285 279 276 271 263 254 243 237 240 246 255 262 270 272 266 252 248 256
258 259 264 268 269 270 270 270 268 266 264 262 262 262 263 263 264 265 266 267 269 273 274 276 284 293 293 287 281 275 272 271 271 271 270 270 272 275 277 276 274 271 269 267 266 264 262 254 238 249 261 266 267 267 268 271 275 279 278 276 273 272 272 272 272 272 273 274 276 277 275 271 269 271 275 277 276 270 266 263 258 251 242 240 240 243 253 266 270 264 254 247 250 260
269 267 267 268 269 268 268 269 269 267 265 263 262 262 262 262 262 263 265 266 269 271 271 269 272 281 287 286 282 278 277 276 273 271 271 270 272 276 279 278 276 274 271 270 268 266 262 251 241 261 271 274 274 272 271 271 272 273 273 273 272 271 271 271 272 274 275 276 278 278 276 273 272 271 268 266 270 266 257 249 246 243 240 242 240 242 252 265 266 255 249 249 254 263
276 274 269 267 267 267 267 268 269 269 267 264 262 261 261 261 261 262 264 266 266 266 265 263 266 273 281 286 285 281 279 278 276 273 272 272 272 276 280 282 280 276 274 272 270 267 263 253 252 270 276 278 278 277 275 274 272 270 269 267 267 267 269 271 273 275 276 278 279 277 275 274 273 270 264 259 260 261 252 232 229 236 240 243 242 244 252 260 260 253 251 256 266 276
278 279 273 266 265 266 267 268 269 270 268 265 263 261 260 261 261 261 263 264 264 263 260 261 264 269 277 284 285 281 278 277 277 276 274 273 273 275 280 284 284 280 277 274 272 268 264 257 263 275 278 279 279 279 277 274 271 269 268 266 265 267 270 272 274 276 278 279 279 276 274 274 272 269 263 257 253 251 238 212 221 233 239 244 244 247 251 256 260 256 259 270 283 289
278 282 278 268 265 266 268 268 269 269 268 265 263 261 260 261 261 261 262 263 263 261 260 262 265 268 273 277 279 277 275 275 276 276 275 274 275 277 280 284 288 285 280 276 274 270 266 263 272 278 279 278 278 277 275 271 268 269 270 269 270 272 274 275 276 277 278 279 278 275 274 272 269 267 264 259 252 241 217 203 222 235 240 245 246 246 249 253 260 262 270 280 286 288
278 284 285 273 267 266 268 269 268 267 266 264 263 261 261 261 261 261 262 262 262 262 262 263 266 268 269 267 267 270 272 273 273 274 275 276 278 280 282 285 289 290 284 278 275 273 271 272 277 279 278 277 275 273 270 268 269 271 273 275 278 279 278 277 277 278 278 277 275 274 273 270 266 266 265 259 250 233 203 203 226 240 247 251 253 251 250 253 257 265 274 280 278 272
277 285 293 280 270 267 268 269 268 266 264 264 263 263 262 261 261 261 262 261 261 262 263 264 265 265 263 259 260 265 269 270 271 272 275 278 281 283 285 286 288 291 289 282 277 276 277 279 279 278 276 274 272 270 270 272 273 275 277 281 282 282 280 279 278 278 277 275 272 271 272 269 265 266 265 259 246 223 199 208 230 244 252 257 261 264 263 258 256 258 265 270 267 264
276 283 298 287 275 268 267 267 266 263 263 264 265 265 263 262 261 261 261 261 260 261 264 265 263 261 258 257 260 264 266 267 268 271 274 278 282 285 287 287 287 289 290 287 280 278 279 282 279 277 274 273 273 275 276 277 277 277 278 280 281 281 280 279 278 277 276 273 269 267 267 266 264 266 265 258 240 214 202 217 238 248 254 260 266 275 279 270 258 251 250 256 262 264
274 280 298 292 281 272 268 265 261 259 262 265 266 266 265 263 261 261 261 261 261 261 263 264 263 260 259 261 263 264 264 264 266 268 272 276 281 286 289 289 287 286 287 288 285 280 280 283 279 276 275 276 278 280 281 280 279 279 279 279 279 279 279 278 277 276 274 271 268 265 263 260 258 264 264 254 231 210 210 230 247 255 262 268 276 283 285 279 264 251 245 247 256 266
272 277 293 293 284 277 270 263 255 257 262 265 266 266 266 264 263 261 261 261 262 262 263 264 264 263 263 265 266 267 267 267 267 268 269 272 278 285 289 289 286 284 283 285 285 282 282 287 282 278 279 280 280 281 281 281 281 281 280 279 278 278 278 278 276 275 273 270 266 263 259 253 248 260 260 247 218 211 224 243 255 262 269 279 287 286 283 275 267 258 250 248 252 262
271 274 284 288 284 278 270 261 256 261 263 263 265 266 266 266 264 263 261 261 263 264 264 264 266 267 267 268 269 271 272 272 271 270 270 270 273 279 285 286 284 281 280 280 281 282 285 291 289 282 280 280 280 280 281 282 283 282 281 280 279 278 278 277 275 274 272 268 264 260 255 245 241 258 256 234 211 218 237 253 264 271 278 287 291 287 275 265 262 260 256 252 252 256
269 269 273 279 278 273 266 260 263 270 269 266 266 267 267 267 266 264 263 262 263 265 265 265 266 268 269 270 273 275 277 278 277 274 271 270 270 272 276 279 278 276 276 277 278 281 285 292 293 285 280 280 280 280 281 283 284 283 282 280 279 278 278 276 275 273 271 266 261 256 249 237 239 254 248 222 215 230 246 259 270 279 286 288 288 283 271 259 251 253 254 255 252 251
266 264 263 267 268 264 260 260 267 274 275 273 271 270 269 269 268 266 265 264 264 265 267 267 266 268 270 272 274 277 279 281 281 277 273 271 270 269 268 269 271 272 273 275 277 280 284 291 295 287 281 280 280 280 281 282 284 284 283 282 281 279 277 275 275 274 270 264 257 250 242 231 238 247 237 226 233 247 258 267 275 283 287 286 282 278 269 251 245 251 254 254 251 249
265 263 257 257 260 259 258 263 269 274 276 277 276 274 272 271 269 268 267 267 266 266 267 267 267 268 271 273 274 275 277 280 283 282 277 273 270 265 262 261 265 269 271 273 275 278 282 289 295 288 282 281 281 280 280 281 283 284 284 283 282 279 277 276 275 273 269 262 254 245 235 228 235 238 235 239 253 265 272 276 281 286 287 282 275 269 254 240 245 253 257 254 248 245
266 262 255 253 257 258 261 266 271 273 274 276 278 277 274 272 271 270 270 269 268 268 267 266 267 268 271 272 272 272 274 278 282 286 283 276 269 262 257 258 261 267 270 272 274 276 281 288 296 290 283 282 281 280 279 280 282 284 284 283 281 280 279 278 275 272 266 259 250 241 231 227 233 239 245 253 261 271 279 283 287 289 286 278 267 253 228 230 250 257 259 256 249 243
266 262 255 256 260 262 266 269 271 273 274 275 277 276 274 272 271 271 272 271 270 269 267 266 267 268 270 271 270 270 272 275 279 284 285 277 267 260 257 258 260 264 268 272 274 277 280 287 295 292 284 282 281 280 279 279 281 283 283 282 281 281 281 278 274 269 262 254 245 237 231 230 238 249 259 266 270 275 282 289 291 289 284 275 261 241 219 229 255 261 261 259 256 250
265 262 259 262 266 268 270 271 272 273 275 275 274 273 272 270 270 272 273 274 272 270 268 267 267 269 270 270 269 270 272 273 274 277 279 274 266 260 258 259 261 265 269 273 276 278 281 286 294 293 285 282 281 280 279 278 279 282 282 281 280 280 280 277 272 264 255 246 239 235 235 239 248 258 267 276 280 282 287 292 292 287 280 271 256 232 222 235 258 265 265 265 265 265
266 265 266 270 273 274 275 274 273 273 273 273 271 270 269 268 269 272 275 276 274 272 270 269 270 271 270 269 269 270 271 270 267 266 267 267 264 261 259 261 264 269 273 275 277 279 281 285 292 293 286 282 281 281 279 278 278 280 280 280 280 279 278 275 268 257 246 239 237 239 243 250 257 263 270 279 288 292 293 292 289 283 274 262 239 220 228 243 258 266 270 272 275 277
269 270 273 276 278 280 279 276 273 271 270 269 268 268 267 267 269 273 277 279 277 274 273 273 274 273 270 268 269 270 267 264 260 258 258 260 261 261 262 265 270 273 275 277 278 278 280 283 290 292 286 282 281 281 280 279 278 278 278 279 278 277 276 271 260 246 240 239 242 247 253 258 264 268 273 282 294 298 295 289 284 278 267 251 222 211 235 250 259 267 274 278 282 283
271 272 275 279 281 282 281 277 273 269 268 267 266 266 267 268 271 275 277 279 278 276 276 277 276 273 269 267 267 266 263 260 257 255 255 257 261 264 268 271 274 275 276 277 278 278 279 282 289 293 286 282 281 280 280 279 278 277 277 277 276 275 272 263 247 238 240 244 249 255 259 264 269 273 278 285 294 298 293 284 277 271 260 243 216 216 245 256 263 269 274 281 284 282
270 271 273 276 280 280 279 276 273 271 269 268 268 268 268 269 273 275 277 279 279 277 277 277 274 269 266 264 263 262 260 259 257 256 256 260 265 270 273 276 276 276 276 277 277 278 279 281 288 293 287 282 280 280 279 279 278 277 276 275 275 273 265 250 239 240 247 252 256 260 264 268 273 277 282 286 290 293 288 278 270 263 252 233 215 229 252 263 268 272 276 285 285 277
269 268 268 270 273 274 274 274 275 275 274 273 272 271 270 271 273 274 277 280 281 279 276 273 268 263 261 261 261 260 260 259 258 258 261 266 271 274 277 277 277 276 277 277 277 278 278 280 285 292 289 282 279 279 279 278 278 277 276 275 274 268 254 243 244 253 258 261 262 265 268 271 275 279 282 283 283 283 281 274 265 256 242 220 218 238 255 266 274 278 284 288 285 270
268 266 265 264 264 266 269 273 276 278 277 276 276 274 272 272 272 273 275 279 281 278 274 269 262 257 257 259 260 262 261 260 261 263 267 272 275 277 277 277 276 276 277 277 278 277 277 279 284 291 290 282 279 279 279 278 277 277 276 274 269 259 250 251 259 265 267 267 268 269 270 272 275 278 280 280 278 278 275 268 260 251 231 210 222 244 258 270 280 287 289 288 281 265
