data/real/Dogrib_v624/conserv_mass/windninja_315_30_100m_ang.asc
NCOLS 357 
NROWS 223 
XLLCORNER 457900 
YLLCORNER 5716800 
CELLSIZE 100 
NODATA_value -3.4e+38 
[rows 42 to 83 of 223, columns 0 to 93 of 357]
348 344 340 339 337 332 325 319 317 316 315 314 315 315 313 308 301 296 297 302 305 303 298 292 288 287 289 291 294 297 301 304 307 309 311 313 315 315 316 317 317 316 317 319 320 320 320 321 325 331 333 328 323 322 322 320 320 319 317 315 313 318 324 326 325 324 323 322 321 319 317 315 313 309 306 304 307 313 319 322 319 325 6 27 355 332 323 320 323 322 313 309 323 336
341 340 339 339 338 332 325 321 320 319 318 318 319 320 317 310 303 299 300 305 308 306 302 300 300 301 301 302 303 305 308 311 312 313 314 315 314 314 315 317 318 317 318 320 321 321 321 322 324 330 333 329 324 322 321 320 319 318 317 315 317 322 325 326 325 323 322 321 319 317 315 313 310 306 303 304 308 313 319 324 323 338 24 9 337 325 319 319 322 321 312 309 328 331
334 335 336 338 337 331 324 321 321 319 319 320 323 324 323 317 309 306 307 311 314 313 312 312 312 311 310 310 310 311 313 315 315 315 314 314 313 314 317 319 320 319 320 321 322 321 321 322 324 329 333 331 325 322 321 320 320 320 320 321 323 324 325 325 324 322 321 320 318 316 313 310 307 304 302 304 310 315 320 327 332 8 22 341 325 316 312 313 315 312 302 299 314 317
329 330 332 335 335 331 326 323 322 321 320 322 326 328 327 322 315 312 314 318 321 321 319 318 317 316 315 315 315 315 315 316 316 315 314 313 314 316 319 321 321 320 321 322 322 322 321 322 324 329 334 333 326 323 322 322 323 324 324 325 324 324 324 324 323 321 320 320 318 315 312 309 305 302 300 303 312 318 323 337 6 23 349 329 322 313 308 307 307 299 287 279 278 281
326 327 329 331 332 330 327 325 324 322 321 324 327 328 327 322 316 313 316 321 325 326 325 323 320 318 317 317 317 316 315 315 316 315 314 314 316 318 320 322 322 321 321 322 322 322 322 322 323 328 335 334 328 323 322 323 325 326 325 325 324 323 323 323 322 321 320 320 318 315 311 308 303 299 298 302 313 320 328 2 27 351 331 326 320 312 305 299 292 280 267 257 253 261
322 324 326 328 328 327 325 325 325 323 321 323 325 326 323 318 313 310 313 319 324 326 328 326 321 319 317 317 317 316 315 315 316 316 316 316 317 318 320 322 323 321 321 322 322 322 322 322 323 328 334 335 329 323 322 324 326 325 324 324 323 323 322 322 322 321 320 320 318 315 311 307 302 298 298 303 313 325 349 24 2 332 323 320 315 306 292 274 256 248 245 249 262 282
320 321 323 324 324 324 322 321 322 321 320 320 322 322 319 315 311 309 311 316 321 324 326 324 320 317 317 317 317 316 316 316 317 318 317 317 318 319 321 322 323 322 322 323 323 322 322 322 323 327 334 336 329 323 323 325 325 325 325 325 324 323 322 322 321 321 321 320 317 314 311 307 300 297 299 306 317 339 13 8 336 322 316 312 305 286 259 237 233 238 247 261 280 298
319 319 320 321 321 320 318 316 316 317 317 318 319 319 316 314 311 309 311 315 320 324 325 322 317 315 316 317 317 317 317 318 318 318 318 318 319 320 322 323 324 323 323 323 323 322 322 322 323 327 334 335 329 324 324 325 325 326 326 325 324 323 322 322 321 321 321 320 317 315 312 307 299 296 299 309 324 358 11 343 324 315 309 300 275 241 231 230 238 254 268 281 295 309
319 318 319 319 319 318 314 311 312 313 314 315 316 316 315 314 312 310 311 314 319 324 325 321 318 316 317 318 319 319 318 318 318 318 319 320 321 322 323 324 324 324 324 323 323 322 323 322 322 326 332 334 330 326 324 324 325 326 326 325 324 323 322 322 321 321 321 319 317 315 313 308 299 294 299 311 332 4 357 328 316 309 298 268 229 224 235 251 266 279 289 296 304 318
318 318 318 319 319 319 315 311 311 312 313 313 313 313 314 314 313 312 312 314 318 325 325 321 318 318 318 319 320 320 319 318 318 318 319 320 322 323 325 324 324 324 324 323 322 322 323 322 322 324 330 333 331 327 324 325 325 325 325 324 323 322 322 321 321 321 321 319 317 315 313 309 301 296 301 315 340 360 342 319 309 300 270 224 223 248 274 287 288 289 296 302 309 321
316 316 317 318 320 321 318 313 312 313 314 314 312 311 313 314 315 315 314 314 319 325 324 319 318 317 317 317 319 320 318 316 316 316 317 318 320 321 322 322 322 323 323 322 321 322 322 322 322 323 327 330 329 327 325 325 325 324 325 324 323 322 321 321 321 321 321 320 317 315 313 310 303 299 303 321 346 353 329 311 299 268 223 222 256 282 295 301 296 291 294 302 310 318
314 315 315 316 318 320 319 315 313 315 315 315 312 309 310 313 316 317 316 316 319 325 322 317 316 317 316 315 317 318 316 314 313 313 313 313 314 314 315 315 317 321 322 321 320 321 321 321 322 324 326 327 326 325 326 325 324 324 324 324 323 322 321 320 320 321 321 320 317 315 313 310 304 300 304 323 348 345 318 298 260 230 234 267 287 294 301 307 303 293 292 300 310 315
314 314 314 314 316 318 317 315 314 315 315 316 314 308 306 310 317 319 319 317 320 324 319 314 316 318 316 315 315 316 314 312 310 309 308 308 308 309 311 313 317 320 322 322 321 321 321 322 323 325 325 325 325 325 326 325 324 324 324 323 323 322 320 320 320 320 320 319 316 315 313 310 305 301 304 322 345 337 302 262 239 255 283 299 303 303 306 313 311 299 294 300 311 317
314 314 313 312 313 314 315 315 315 315 315 316 316 311 305 308 317 321 319 316 315 316 312 310 314 318 316 315 315 316 314 311 308 307 307 307 309 311 314 317 320 323 324 323 322 322 322 323 325 326 326 326 325 326 327 326 324 323 323 322 323 322 320 319 318 319 319 317 315 314 313 310 305 301 305 322 342 324 278 279 296 306 310 313 314 312 313 319 320 311 303 305 313 320
313 313 312 311 312 313 313 314 314 314 315 316 318 315 307 308 318 320 314 307 303 305 306 308 312 317 316 315 316 316 314 312 310 310 311 313 315 316 318 321 324 326 326 325 323 323 323 324 326 326 327 326 325 326 326 326 325 323 322 322 322 322 320 318 317 318 318 316 314 312 311 308 303 298 299 304 314 309 312 319 323 323 322 323 325 324 324 329 332 327 320 317 319 324
316 315 313 312 312 312 313 314 314 314 314 315 317 314 308 307 316 320 310 303 303 306 307 309 312 317 317 316 316 317 316 315 315 316 317 319 320 320 321 324 327 328 328 327 325 324 323 324 326 326 327 326 325 325 325 327 327 324 322 322 322 322 320 318 316 317 316 314 312 309 307 303 297 289 274 254 297 317 319 322 324 324 325 327 330 330 330 332 334 332 328 325 327 332
317 316 315 313 313 312 313 313 313 312 312 312 313 310 305 305 316 325 321 315 312 309 308 309 312 316 318 318 318 319 318 317 318 318 319 321 322 322 324 327 329 330 329 327 325 324 323 323 324 326 326 325 324 325 325 327 330 326 321 321 322 322 320 317 316 315 315 312 310 307 302 296 286 275 273 301 320 322 322 323 324 325 325 325 327 328 326 324 325 325 324 324 328 334
314 314 314 314 313 312 312 312 312 312 311 310 309 306 304 308 321 330 328 320 315 311 309 309 311 314 318 320 321 321 320 319 318 318 318 320 322 324 326 328 330 329 327 326 325 323 322 322 324 326 326 324 324 324 324 327 332 328 321 319 321 321 320 317 315 314 313 311 308 302 292 281 280 291 312 325 328 328 328 328 327 326 324 321 319 315 306 303 305 309 313 317 322 330
311 312 313 313 312 311 311 312 313 314 312 310 308 306 307 314 325 330 327 321 317 315 312 310 311 313 317 322 324 323 322 319 318 318 317 319 323 325 326 328 329 327 325 325 324 322 322 322 324 326 325 324 323 322 322 327 333 331 321 319 320 321 320 317 314 313 312 309 303 292 281 279 291 309 323 328 329 329 328 326 325 323 317 310 300 292 291 296 302 307 311 315 318 322
309 311 314 314 313 312 311 311 313 315 313 310 307 307 311 317 324 326 323 318 316 317 316 314 313 313 316 320 324 325 323 319 317 317 317 318 322 323 323 326 326 325 325 324 323 322 321 321 323 325 325 324 322 320 320 326 334 333 322 320 321 321 320 317 314 313 313 309 300 293 294 298 304 313 321 323 322 321 319 316 314 310 301 290 289 298 305 309 313 317 318 317 316 318
308 310 314 316 315 313 311 310 311 313 311 308 306 308 312 316 320 321 318 314 313 315 318 316 315 316 316 318 321 325 324 319 316 315 314 315 318 319 319 322 323 323 323 323 322 321 320 321 322 324 325 323 322 319 319 326 335 332 323 320 321 321 320 317 314 315 316 315 312 313 315 315 314 315 317 313 310 306 300 292 287 284 284 293 307 313 315 317 318 321 320 318 316 318
306 308 312 315 314 312 311 310 310 311 309 307 306 308 311 314 315 316 313 309 307 310 314 314 314 317 319 319 321 324 323 316 312 310 309 311 314 314 316 318 320 320 320 321 320 320 319 319 321 323 324 323 322 319 319 326 334 331 323 321 321 320 320 317 316 320 325 325 324 324 325 323 321 321 320 313 303 293 286 283 283 289 299 309 315 317 318 318 318 318 318 317 317 318
306 307 310 313 312 310 310 310 310 310 309 307 307 308 310 312 313 313 311 307 305 307 310 309 308 311 315 317 319 322 319 309 303 301 302 306 309 310 312 315 316 317 318 318 318 318 318 318 319 321 322 323 322 319 318 325 332 329 323 322 321 320 320 318 319 327 331 327 326 326 327 326 325 326 327 325 317 308 303 301 302 308 313 315 315 316 317 317 315 315 315 317 320 316
306 307 310 312 312 310 310 309 310 311 308 307 308 308 310 311 312 311 311 310 308 307 308 306 303 303 304 306 308 313 312 304 297 296 298 302 305 307 309 312 314 315 315 316 316 317 317 316 317 319 321 322 322 319 317 322 329 327 323 321 320 319 319 320 325 330 329 327 325 326 327 327 327 329 331 334 334 331 327 323 319 319 321 318 317 316 316 315 313 313 317 327 324 311
306 308 311 313 313 312 311 312 313 313 309 306 307 308 310 311 312 311 311 311 310 308 306 304 300 298 296 296 296 299 303 301 297 297 299 302 304 305 307 309 311 312 313 314 314 315 315 315 316 317 319 320 320 319 318 321 327 327 323 321 319 317 318 322 327 328 326 326 326 327 327 327 327 328 330 334 337 336 335 333 330 329 328 323 321 319 315 313 312 314 326 339 327 309
306 308 311 314 314 314 314 316 319 319 312 307 307 309 310 311 311 310 310 311 309 305 302 300 298 296 294 294 295 296 299 300 300 300 302 303 304 305 306 309 310 311 312 312 313 313 314 313 314 315 317 318 319 318 318 320 325 328 324 320 318 316 319 325 326 325 325 325 326 327 327 326 326 327 328 330 332 333 334 333 332 332 330 325 321 318 314 312 313 321 339 342 323 307
305 307 311 313 313 313 313 315 322 324 318 311 309 309 310 310 310 309 310 310 307 303 299 298 298 297 297 297 298 299 301 302 303 303 304 305 306 307 309 310 311 312 312 312 313 313 313 313 313 314 315 316 317 317 317 318 322 327 324 320 318 317 321 325 325 324 324 325 326 327 326 325 325 325 325 327 328 329 329 329 329 329 326 320 314 312 310 310 315 333 347 337 320 305
304 306 310 312 312 311 310 312 319 325 320 313 309 309 310 310 310 309 309 308 306 303 300 300 300 300 300 301 302 303 303 304 304 305 306 307 308 309 310 311 311 312 313 313 314 314 314 314 314 314 315 315 316 317 317 317 319 325 324 319 317 319 321 322 323 323 323 325 326 326 325 324 324 324 324 325 326 326 325 324 323 321 317 310 304 302 302 306 318 339 344 333 318 302
303 305 309 311 312 312 311 312 317 322 320 312 308 309 310 310 309 308 308 307 305 304 303 303 303 303 304 304 305 305 305 305 306 306 307 307 308 309 309 310 311 312 312 313 313 314 314 315 315 315 316 316 317 318 319 317 319 324 323 318 317 319 319 320 321 321 322 323 325 325 324 323 323 324 324 324 324 323 322 320 318 316 313 305 299 299 303 309 322 338 337 329 317 301
302 304 308 310 311 312 313 313 315 319 320 313 307 307 308 308 307 307 306 306 305 305 305 305 305 305 306 306 306 306 307 307 307 308 308 308 308 309 309 310 310 311 312 312 312 312 313 313 314 314 315 316 317 319 319 318 320 324 321 317 317 318 319 319 320 321 322 323 324 324 323 322 322 322 322 322 322 321 320 320 319 317 313 306 300 301 309 318 329 337 333 325 316 300
302 304 307 309 310 311 312 312 314 317 320 317 308 306 307 307 306 307 307 307 306 306 306 306 305 306 306 306 306 307 308 308 309 310 310 310 310 310 311 311 311 312 312 312 312 312 312 312 312 312 312 313 314 317 318 319 321 323 320 318 318 318 318 319 320 321 322 323 324 323 323 322 321 320 320 321 323 323 323 323 320 318 314 307 300 301 311 321 332 337 333 325 315 301
302 304 306 308 309 309 310 311 313 314 318 318 311 307 308 308 308 308 308 308 307 307 307 307 307 307 307 307 307 308 308 309 310 310 310 310 311 311 312 312 312 312 313 312 312 312 313 313 313 312 312 312 313 315 317 319 321 322 320 318 318 318 318 318 319 320 322 323 323 323 322 321 320 319 320 322 324 324 324 322 319 316 314 308 301 300 308 320 331 336 333 326 315 303
302 304 306 308 308 309 310 311 311 312 314 316 313 309 309 311 311 309 308 308 308 308 308 308 308 308 309 309 309 309 310 310 310 310 310 310 310 311 312 312 312 312 313 313 313 313 313 314 314 314 314 314 315 315 317 321 322 320 318 317 317 318 317 318 319 320 321 323 322 322 322 320 319 319 320 322 323 322 321 320 317 313 311 306 301 299 305 319 330 334 333 326 313 303
302 304 307 308 309 309 310 311 311 311 311 312 312 309 308 311 312 310 309 309 308 309 309 309 309 309 309 310 310 310 310 311 311 311 311 311 311 311 312 313 313 313 313 314 313 313 314 314 315 315 315 315 315 316 319 323 322 319 317 316 317 317 317 317 318 319 321 322 321 321 321 320 319 319 320 320 321 320 318 317 315 311 307 303 299 297 302 315 326 331 331 323 309 300
302 304 307 308 309 309 310 311 311 311 311 311 311 309 307 309 311 311 310 309 309 309 309 309 309 309 309 310 310 310 311 311 311 311 311 311 312 312 312 313 313 313 313 313 313 313 313 314 314 314 314 314 314 315 320 324 321 317 316 316 317 317 317 317 318 318 319 320 320 320 320 320 320 319 319 319 319 318 317 317 315 310 304 299 298 297 299 308 319 325 326 316 305 297
303 304 306 307 308 309 309 310 311 311 311 312 312 310 309 309 310 311 311 310 310 310 310 310 310 310 310 310 310 310 311 312 311 312 312 312 312 312 312 312 312 312 313 313 313 313 313 313 314 313 313 313 313 315 320 323 320 316 316 316 316 316 316 317 317 318 319 319 319 319 320 320 319 318 317 317 318 318 318 318 315 309 301 295 293 294 296 303 313 322 321 311 302 298
304 305 307 308 308 309 309 309 310 311 311 311 311 310 311 311 310 311 312 311 310 310 311 311 311 311 311 311 311 311 312 312 312 312 313 313 313 313 312 312 312 312 312 313 313 313 313 313 314 313 313 313 313 315 320 322 318 315 315 315 316 316 316 316 316 317 318 319 319 319 319 319 318 316 316 317 318 319 319 318 315 310 300 291 288 293 300 306 314 323 321 310 302 299
304 305 307 308 308 309 309 309 310 310 310 310 310 310 311 312 312 312 312 312 311 310 311 311 311 311 311 311 311 311 312 313 313 313 313 314 314 314 313 313 313 313 313 313 313 313 313 313 313 313 313 313 313 315 320 320 317 314 314 315 315 315 315 315 316 316 317 317 318 318 319 318 317 316 317 318 319 319 319 318 316 313 306 298 296 302 312 316 318 323 322 311 303 300
304 306 307 308 308 309 309 309 309 310 310 310 310 310 311 312 313 313 313 314 313 311 311 311 311 311 311 311 311 311 312 312 312 312 312 313 314 314 313 313 314 313 313 313 313 313 313 313 313 313 313 313 313 316 320 319 315 314 313 314 314 315 315 315 315 316 316 316 317 318 318 318 317 316 317 318 318 318 318 318 317 316 313 307 303 306 318 322 319 321 320 311 304 305
304 306 308 308 309 310 310 310 310 310 310 311 311 310 311 312 313 314 314 314 315 313 312 311 311 311 312 311 311 311 311 311 312 312 312 312 313 314 313 313 314 314 314 314 313 313 313 314 314 314 314 313 313 317 320 317 314 313 313 314 314 314 314 314 315 315 315 315 316 317 317 317 316 316 316 317 318 318 318 316 316 316 314 308 301 301 313 321 317 316 317 312 312 57
305 307 309 309 310 310 311 311 311 311 311 312 312 311 312 313 313 314 314 314 315 315 314 312 312 312 312 312 312 312 312 312 312 312 311 312 312 313 313 313 313 314 314 314 314 313 314 314 314 315 315 315 315 317 319 316 313 313 313 314 314 314 314 314 314 314 314 315 316 317 317 317 316 315 314 316 318 319 317 315 314 315 312 305 298 297 307 317 316 314 317 322 356 27
306 307 309 310 311 311 311 312 312 312 312 312 312 312 312 313 314 314 315 314 314 315 315 314 313 313 313 313 313 313 312 313 313 312 311 311 311 312 312 312 313 313 314 314 314 314 313 313 314 316 316 315 314 316 317 314 313 313 313 313 314 315 315 314 314 314 314 314 315 316 317 317 317 315 314 315 317 318 317 314 313 312 310 303 297 296 304 314 315 314 323 352 12 341
