data/real/Dogrib_v624/conserv_mass/windninja_270_30_100m_vel.asc
NCOLS 357 
NROWS 223 
XLLCORNER 457900 
YLLCORNER 5716800 
CELLSIZE 100 
NODATA_value -3.4e+38 
[rows 105 to 125 of 223, columns 184 to 229 of 357]
20.2000007629395 20.9500007629395 21.0900001525879 22.7600002288818 25.5499992370605 27.7700004577637 29.4899997711182 32.5999984741211 35.6699981689453 37.4000015258789 40.3699989318848 40.5900001525879 36.5200004577637 38.0699996948242 40.9799995422363 37.7400016784668 35.1699981689453 34.0299987792969 32.9799995422363 33.4799995422363 32.560001373291 28.9400005340576 25.5100002288818 24.25 23.4899997711182 21.9200000762939 20.9799995422363 20.9200000762939 20.6900005340576 22.2399997711182 26.75 30.6100006103516 32.7599983215332 33.4500007629395 36.1300010681152 40.9599990844727 40.310001373291 33.0800018310547 26.9400005340576 26.5799999237061 31.1599998474121 33.6500015258789 28.6100006103516 22.1700000762939 24.3899993896484 32.3499984741211
20.8500003814697 20.8500003814697 20.1900005340576 22.4200000762939 25.8199996948242 29 33.1800003051758 37.3300018310547 36.4799995422363 33.6100006103516 37.5200004577637 39.6199989318848 34.3699989318848 35.0800018310547 38.3699989318848 35.810001373291 35.7900009155273 38.8499984741211 39.689998626709 37.1100006103516 32.4599990844727 28.2399997711182 25.6700000762939 24.5100002288818 24.1399993896484 22.6100006103516 19.4500007629395 17.4300003051758 18.8999996185303 23.8600006103516 28.8199996948242 30.7399997711182 30.0200004577637 30.1100006103516 34.310001373291 40.0499992370605 41.5 37.1699981689453 30.1399993896484 26.4500007629395 28.6800003051758 32.1500015258789 30.2299995422363 24.6800003051758 23.9799995422363 29.3500003814697
22.7000007629395 22.1700000762939 20.4400005340576 22.9099998474121 26.7700004577637 30.8299999237061 36.6699981689453 39.4199981689453 33.439998626709 28.2199993133545 35.5499992370605 39.9599990844727 33.0999984741211 31.0699996948242 33.8400001525879 31.5699996948242 32.810001373291 41.3199996948242 46.2700004577637 40.9300003051758 32.7000007629395 29.0400009155273 26.8099994659424 24.8600006103516 24.1499996185303 22.5599994659424 19.2000007629395 16.4099998474121 18.0300006866455 24.4699993133545 29.3799991607666 28.9099998474121 26.6200008392334 28.9799995422363 35.0200004577637 39.3600006103516 40.689998626709 38.5099983215332 33.5099983215332 29.2099990844727 28.2600002288818 29.5100002288818 29.8500003814697 27.2000007629395 24.6599998474121 26.4300003051758
24.9300003051758 24.2099990844727 21.7299995422363 24.0400009155273 28.5900001525879 33.75 38.7599983215332 38.1500015258789 29.5699996948242 24.9500007629395 34.3800010681152 40.4500007629395 32.7900009155273 26.8400001525879 27.8299999237061 27.6200008392334 29.9799995422363 40.4500007629395 49.8600006103516 46.2400016784668 35.2700004577637 29.9699993133545 27.7700004577637 25.7099990844727 24.2900009155273 22.3199996948242 19.5699996948242 16.9099998474121 17.9400005340576 23.7099990844727 27.8500003814697 26.1900005340576 25.1900005340576 30.2399997711182 36.25 39.189998626709 39.9500007629395 38.0400009155273 34.5699996948242 31.5599994659424 29.1599998474121 28.1800003051758 28.8299999237061 28.5400009155273 26.2399997711182 24.8600006103516
26.7800006866455 26.7999992370605 24.3700008392334 25.6200008392334 31 37.0800018310547 38.6599998474121 33.810001373291 25.4099998474121 23.6299991607666 34.0499992370605 40.2799987792969 32.5400009155273 23.6299991607666 21.8899993896484 24.5599994659424 29.6200008392334 38.7599983215332 49.6199989318848 50.6199989318848 39.1500015258789 30.7199993133545 28.8299999237061 27.0900001525879 24.1900005340576 21.5200004577637 19.9300003051758 18.3500003814697 18.0900001525879 21.2700004577637 24.6499996185303 24.4500007629395 25.9400005340576 31.6499996185303 36.4000015258789 39.4900016784668 40.5 37.7299995422363 34.0499992370605 31.7199993133545 29.9500007629395 28.5 28.2700004577637 28.8700008392334 27.7299995422363 24.4899997711182
27.6700000762939 29.25 27.8700008392334 27.9699993133545 33.0499992370605 38.189998626709 35.8699989318848 27.6499996185303 20.9699993133545 23.4400005340576 35.1199989318848 39.4300003051758 30.4400005340576 20.6900005340576 18.5100002288818 22.8899993896484 29.7199993133545 36.8600006103516 47.189998626709 52.5800018310547 43.5900001525879 32.189998626709 29.1900005340576 27.5100002288818 23.7600002288818 20.9899997711182 20.5499992370605 19.8299999237061 17.8099994659424 18.0799999237061 21.2399997711182 24.1800003051758 27.3299999237061 31.25 35.4599990844727 40.25 41.9900016784668 38.25 33.5499992370605 31.1800003051758 30.1499996185303 29.1599998474121 28.3600006103516 28.5200004577637 27.9400005340576 24.8700008392334
28.0400009155273 30.6299991607666 30.8700008392334 30.4300003051758 33.0999984741211 36.3699989318848 32.560001373291 23.1599998474121 18.0900001525879 23.7399997711182 35.7999992370605 38.0299987792969 27.2000007629395 17.7099990844727 17.3199996948242 23.0400009155273 29.4300003051758 35.2099990844727 44.5 51.9799995422363 46.7299995422363 34.2999992370605 28.8899993896484 27.1000003814697 24.2000007629395 21.6399993896484 21.0100002288818 20.2999992370605 17.5499992370605 15.8699998855591 18.9300003051758 24.6200008392334 28.0499992370605 29.5699996948242 33.7200012207031 40.5 43.6100006103516 39.810001373291 33.9300003051758 30.9599990844727 29.9200000762939 29.2399997711182 28.5599994659424 27.9599990844727 27.1700000762939 24.9599990844727
28.3700008392334 30.6499996185303 32.4000015258789 31.7399997711182 31.2199993133545 32.9500007629395 30.7800006866455 22.8199996948242 17.8600006103516 23.1700000762939 34.7799987792969 36.5900001525879 25.3899993896484 16.0400009155273 17.2800006866455 24.1800003051758 30.2299995422363 35.6599998474121 42.9900016784668 49.3300018310547 47.5699996948242 38.0999984741211 30.3899993896484 27.5300006866455 25.25 22.6200008392334 20.9300003051758 19.7800006866455 17.1700000762939 15.0299997329712 18.2199993133545 25.1100006103516 28.8199996948242 28.7099990844727 31.7000007629395 39.6500015258789 45.1199989318848 42.1300010681152 35.1199989318848 31.4200000762939 29.6399993896484 28.2700004577637 28.1200008392334 27.75 26.6700000762939 24.5599994659424
28.3600006103516 29.5900001525879 32.0200004577637 31.6800003051758 29.4699993133545 29.6900005340576 29.4300003051758 24.5699996948242 19.2900009155273 22.1299991607666 32.5099983215332 34.7799987792969 24.3999996185303 16.1299991607666 18.5100002288818 26.6900005340576 33.3800010681152 37.4599990844727 41.1800003051758 44.9799995422363 45.4099998474121 40.939998626709 35.189998626709 30.4899997711182 26.5200004577637 23.0300006866455 20.5200004577637 18.6100006103516 16.0599994659424 15.1400003433228 18.7999992370605 25.7900009155273 30.25 29.5799999237061 30.4899997711182 38.6500015258789 46.2099990844727 43.7200012207031 36.2099990844727 32.060001373291 29.4899997711182 27.25 27.0799999237061 27.1800003051758 26.5 24.4699993133545
28.3299999237061 28.4300003051758 30.3099994659424 30.8400001525879 29.0699996948242 27.8400001525879 27.7700004577637 25.6700000762939 21.0599994659424 21.9500007629395 30.25 31.7999992370605 22.7099990844727 17.3299999237061 21.9899997711182 32.0699996948242 37.25 36.4900016784668 37.3400001525879 41.1800003051758 41.0200004577637 38.689998626709 38.7299995422363 35.8800010681152 28.7999992370605 23.2900009155273 20.0799999237061 17.1000003814697 14.7700004577637 15.6000003814697 20.0799999237061 26.5499992370605 31.6599998474121 31.3999996185303 31.3199996948242 39.560001373291 46.7400016784668 43.6199989318848 36.3899993896484 32.439998626709 29.9799995422363 27.4599990844727 26.0400009155273 25.6000003814697 25.7099990844727 24.5799999237061
28.9200000762939 28.2299995422363 29.0400009155273 29.9300003051758 29.1299991607666 27.3899993896484 26.8600006103516 25.7999992370605 22.1900005340576 22.7000007629395 28.5100002288818 27.7800006866455 20.5799999237061 19.1700000762939 27.9899997711182 38.1399993896484 37.8300018310547 31.5400009155273 33.4500007629395 39.439998626709 36.810001373291 32.9300003051758 38.6300010681152 40.0900001525879 31.6200008392334 24.0200004577637 19.9400005340576 15.9700002670288 14.1700000762939 16.1200008392334 21.3700008392334 27.3299999237061 32.0999984741211 33.310001373291 34.5699996948242 41.810001373291 46.439998626709 42.3499984741211 36.3800010681152 33.0800018310547 30.9200000762939 28.3700008392334 25.3999996185303 23.9400005340576 24.1599998474121 24
30.5300006866455 29.0599994659424 29.1000003814697 29.1200008392334 28.4799995422363 27.4599990844727 26.9300003051758 25.6900005340576 22.5799999237061 23.2700004577637 26.7800006866455 23.9699993133545 19.5 22.8099994659424 33.4700012207031 40.7000007629395 35.3899993896484 26.3299999237061 30.8500003814697 38.7700004577637 33.189998626709 27.2000007629395 36.6100006103516 42.0800018310547 33.2599983215332 24.3299999237061 19.75 15.6700000762939 14.539999961853 16.9899997711182 22.0499992370605 27.4599990844727 31.9300003051758 34.8600006103516 38.2400016784668 43.6399993896484 45.2299995422363 41.5800018310547 37.75 34.5299987792969 31.5900001525879 28.6200008392334 25.1900005340576 23.2000007629395 22.6900005340576 22.4300003051758
34.439998626709 30.3799991607666 29.75 28.6900005340576 27.4699993133545 27.2199993133545 27.3999996185303 26.25 23.2099990844727 23.0699996948242 24.9099998474121 22.3700008392334 21.2800006866455 27.1100006103516 35.2299995422363 40.2000007629395 34.1199989318848 24.3600006103516 28.9599990844727 37.8699989318848 31.2700004577637 23.4799995422363 33.4700012207031 42.3400001525879 34.4500007629395 23.5599994659424 18.4300003051758 15.960000038147 15.8100004196167 18.4799995422363 22.4699993133545 26.7800006866455 31.2000007629395 35.5900001525879 40.6300010681152 44.9199981689453 44.8199996948242 42.1199989318848 39.5099983215332 35.7599983215332 31.4099998474121 27.6299991607666 24.7800006866455 23.2000007629395 21.6900005340576 20.0100002288818
41.3899993896484 32.7999992370605 30.0100002288818 28.3199996948242 26.6000003814697 26.7399997711182 28.0200004577637 27.7199993133545 24.4300003051758 22.6200008392334 23.6599998474121 23.4799995422363 24.7999992370605 29.0799999237061 33.689998626709 37.9700012207031 34.3400001525879 25.3999996185303 28.2099990844727 36.4700012207031 31.2299995422363 22.4799995422363 29.2700004577637 40.5999984741211 36.2000007629395 23.1900005340576 17.0100002288818 16.3999996185303 17.9500007629395 20.75 23.2299995422363 25.9099998474121 29.5300006866455 34.5699996948242 40.9000015258789 46.1599998474121 46.9700012207031 43.8699989318848 39.5999984741211 35.0900001525879 30.4599990844727 26.2999992370605 23.8799991607666 22.9799995422363 20.9599990844727 17.5200004577637
47.6199989318848 37.6699981689453 30.7099990844727 28.0499992370605 26.7099990844727 27.3299999237061 28.5900001525879 28.1000003814697 25.4400005340576 23.5 24.0300006866455 25.2999992370605 26.8999996185303 28.6100006103516 31.1700000762939 34.9199981689453 33.4500007629395 28.2299995422363 29.8500003814697 34.5200004577637 31.0400009155273 23.25 26.6900005340576 37.6100006103516 35.3499984741211 23.4099998474121 17.4200000762939 17.3099994659424 20.3400001525879 23.5799999237061 25.1499996185303 26.1200008392334 27.8799991607666 31.8999996185303 38.4199981689453 46.2700004577637 50.1399993896484 45.2299995422363 37.3699989318848 33 29.8700008392334 26.1800003051758 23.25 21.8500003814697 20.0900001525879 16.1900005340576
48.9300003051758 44.0499992370605 33.6300010681152 28.9300003051758 28.3700008392334 29.1800003051758 28.4500007629395 26.3600006103516 26.4400005340576 26.5100002288818 25.4699993133545 25.9500007629395 27.3899993896484 27.8400001525879 29.2000007629395 31.5300006866455 31.25 31.3299999237061 32.4700012207031 31.8400001525879 29.3899993896484 24.6100006103516 26.8799991607666 34.7900009155273 31.1599998474121 21.3700008392334 18.2299995422363 19.1700000762939 22.5900001525879 25.9599990844727 28.2600002288818 28.25 27.5699996948242 29.5 35.0299987792969 44.4799995422363 51.3600006103516 47.0999984741211 36.8899993896484 32.2799987792969 30.4300003051758 27.2800006866455 22.8700008392334 19.5400009155273 18.3400001525879 15.4899997711182
45.2299995422363 47.7000007629395 39.4900016784668 32.2000007629395 31.0200004577637 30.6200008392334 27.2199993133545 24.4200000762939 27.4099998474121 29.7700004577637 26.7600002288818 25.6100006103516 27.3299999237061 27.3299999237061 27.3299999237061 28.6900005340576 30.1800003051758 33.2400016784668 33.4500007629395 29.5799999237061 27.3999996185303 25.6200008392334 28.1299991607666 31.8400001525879 25.7800006866455 18.5400009155273 17.9500007629395 21.1000003814697 25 29.0499992370605 32.2000007629395 29.8099994659424 26.0799999237061 27.5 33.439998626709 41.939998626709 49.0800018310547 48.7599983215332 41.9000015258789 35.1300010681152 31.5 27.9300003051758 22.2600002288818 17.3500003814697 16.25 14.460000038147
38.2999992370605 46.25 45.3600006103516 37.7400016784668 33.7099990844727 31.25 26.7900009155273 24.7199993133545 28.3700008392334 30.7399997711182 27.3799991607666 25.4200000762939 26.6299991607666 26.0799999237061 25.8700008392334 28.1399993896484 30.8999996185303 33.0099983215332 32.3899993896484 29.6000003814697 27.4599990844727 26.6800003051758 28.3199996948242 27.8099994659424 21.0599994659424 16.6599998474121 17.9200000762939 22.2600002288818 27.3899993896484 33.6300010681152 34.439998626709 27.4099998474121 23.0300006866455 26.9599990844727 33.9199981689453 39.8400001525879 43.7999992370605 46.3600006103516 46.4700012207031 41.2000007629395 33.1100006103516 27.0799999237061 21.9300003051758 17.1700000762939 14.789999961853 12.6499996185303
32.2999992370605 40.060001373291 46.5200004577637 44.2299995422363 37.439998626709 32.5 28.25 26.6700000762939 28.7299995422363 29.3500003814697 26.8099994659424 25.7700004577637 25.8199996948242 24.7399997711182 26.2199993133545 29.8099994659424 31.3299999237061 31.1700000762939 31.1800003051758 31.1599998474121 30.0599994659424 28.5100002288818 26.7299995422363 22.6200008392334 17.7000007629395 16.6100006103516 19.6800003051758 23.5699996948242 29.7099990844727 36.689998626709 33.7000007629395 22.8500003814697 21.7999992370605 29.6900005340576 35.439998626709 37.25 38.5099983215332 41.4099998474121 47.4900016784668 46.6399993896484 35.0200004577637 26.1299991607666 22.7600002288818 18.4500007629395 13.5699996948242 10.2299995422363
29.1000003814697 33.9500007629395 41.75 47.1599998474121 43.5 35.5900001525879 30.0900001525879 27.7900009155273 27.7099990844727 26.9200000762939 25.75 26.4200000762939 25.6000003814697 23.7099990844727 26.8600006103516 31.3199996948242 31.0799999237061 29.8400001525879 30.9599990844727 32.8600006103516 33.2599983215332 30.1100006103516 24.0900001525879 18.5 16.3799991607666 18.2199993133545 21.0499992370605 24.6900005340576 32.0299987792969 37.3199996948242 30.7999992370605 20.4899997711182 23.5499992370605 34.1599998474121 36.1399993896484 33.4300003051758 33.9799995422363 36.939998626709 45.1399993896484 49.4700012207031 38.5400009155273 27.3099994659424 24.2700004577637 19.9200000762939 12.6599998474121 8.39000034332275
27.1200008392334 30.5 35.25 43.8499984741211 47.7599983215332 41.2700004577637 31.9200000762939 27.7600002288818 26.5400009155273 25.5200004577637 25.4400005340576 27.1399993896484 26.3099994659424 23.9200000762939 27.0900001525879 31.1100006103516 30.4799995422363 29.6599998474121 31.1800003051758 33.6800003051758 34.8300018310547 30.4699993133545 22.2299995422363 17.2999992370605 16.9599990844727 18.6299991607666 20.5400009155273 25.6800003051758 34.2900009155273 35.5 25.9099998474121 19.8899993896484 27.7700004577637 38.0299987792969 34.8800010681152 29.0200004577637 29.9699993133545 33.2200012207031 41.1300010681152 49.0800018310547 43.4500007629395 30.1700000762939 24.7199993133545 21.4400005340576 13.5200004577637 7.90000009536743
