data/real/Dogrib_v624/conserv_mass/windninja_315_30_100m_vel.asc
NCOLS 357 
NROWS 223 
XLLCORNER 457900 
YLLCORNER 5716800 
CELLSIZE 100 
NODATA_value -3.4e+38 
[rows 42 to 62 of 223, columns 92 to 137 of 357]
20.8199996948242 15.710000038147 19.8099994659424 25.2099990844727 24.0200004577637 18.6100006103516 15.6700000762939 15.1800003051758 17.7099990844727 23.6000003814697 29.6100006103516 37.1800003051758 44.8400001525879 48.8600006103516 49.3899993896484 49.0299987792969 47.75 42.689998626709 36.7099990844727 32.4900016784668 30.5100002288818 28.5599994659424 25.4200000762939 22.8600006103516 21.8500003814697 21.6200008392334 22.4400005340576 24.2000007629395 25.8899993896484 27.25 28.5900001525879 29.7999992370605 30.5300006866455 30.8500003814697 30.6599998474121 30.1100006103516 29.8500003814697 30.3600006103516 31.5 32.1100006103516 31.8500003814697 31.9799995422363 32.7200012207031 32.8899993896484 32.7099990844727 32.9799995422363
14.5100002288818 12.8599996566772 17.1800003051758 20.4300003051758 18.7099990844727 15.6099996566772 14.2700004577637 14.8500003814697 17.5300006866455 22.0300006866455 30.7000007629395 41.1599998474121 44.1300010681152 38.5800018310547 34.1800003051758 31.1100006103516 26.7700004577637 22.2099990844727 19.2000007629395 18.4799995422363 19.1700000762939 18.0900001525879 16.0300006866455 15.5200004577637 16.5699996948242 18.7099990844727 21.3899993896484 23.8299999237061 25.8500003814697 27.9099998474121 29.7299995422363 30.7600002288818 31.0100002288818 30.8600006103516 30.3400001525879 29.7700004577637 29.7700004577637 30.7199993133545 32.0900001525879 32.5 31.9799995422363 31.8299999237061 32.0099983215332 31.8400001525879 31.8099994659424 32.2400016784668
9.3100004196167 9.10999965667725 13.1700000762939 15.789999961853 15.1899995803833 13.9799995422363 13.7700004577637 15.460000038147 18.2299995422363 21.0799999237061 31.1200008392334 44.0699996948242 42.439998626709 30.5499992370605 24.9599990844727 20.7600002288818 16.8899993896484 14.710000038147 14.3400001525879 15.710000038147 16.0699996948242 13.8999996185303 11.6400003433228 12.0200004577637 15.1599998474121 19.4200000762939 22.8799991607666 25.2700004577637 27.7000007629395 30.3700008392334 32.0099983215332 32.0099983215332 31.4799995422363 30.9699993133545 30.25 29.7800006866455 30.1000003814697 31.2199993133545 32.310001373291 32.3899993896484 31.8600006103516 31.6900005340576 31.7299995422363 31.6200008392334 31.5100002288818 31.4400005340576
6.78999996185303 6.25 9.68000030517578 12.789999961853 14.0100002288818 14.5100002288818 15.8199996948242 18.3400001525879 20.25 22.1499996185303 32.3199996948242 45.6500015258789 43.810001373291 30.3799991607666 22.5799999237061 16.8700008392334 12.1800003051758 11.8199996948242 14.6800003051758 17.8799991607666 16.8799991607666 12.7299995422363 10.75 12.8999996185303 17.8400001525879 22.5799999237061 25.4599990844727 28.0799999237061 31.3899993896484 34.0800018310547 34.4099998474121 32.9900016784668 31.8999996185303 31.1200008392334 30.1900005340576 29.9099998474121 30.4799995422363 31.4699993133545 32.2000007629395 32.0999984741211 31.7000007629395 31.6700000762939 31.6599998474121 31.4599990844727 31.2000007629395 30.75
7.53999996185303 6.98999977111816 9.19999980926514 12.1999998092651 14.1700000762939 16 18.9200000762939 21.8999996185303 23.4500007629395 24.6599998474121 31.6900005340576 45.1699981689453 45.5 30.3600006103516 18.6100006103516 12.4799995422363 9.11999988555908 11.3999996185303 17.9899997711182 23.1900005340576 19.2600002288818 11.4799995422363 10.5100002288818 16.6599998474121 23.4799995422363 27.4599990844727 29.5300006866455 32.6599998474121 36.0400009155273 37.25 35.810001373291 33.6399993896484 32.2799987792969 31.0599994659424 30.0599994659424 30.0699996948242 30.6700000762939 31.3899993896484 31.8700008392334 31.8299999237061 31.6499996185303 31.5400009155273 31.1700000762939 30.7700004577637 30.5799999237061 30.1399993896484
9.6899995803833 9.26000022888184 11.8800001144409 14.7299995422363 17 19.1499996185303 21.9699993133545 24.5300006866455 25.7299995422363 26.2000007629395 29.2999992370605 42.1500015258789 46.7400016784668 30.5300006866455 15.0100002288818 10.0600004196167 9.97999954223633 15.6199998855591 23.7199993133545 27.9400005340576 20.7800006866455 10.6999998092651 11.0500001907349 21.9200000762939 30.9300003051758 33.75 35.5 38.9300003051758 40.5900001525879 39.3499984741211 36.5800018310547 33.9099998474121 31.9599990844727 30.5100002288818 29.9599990844727 30.2700004577637 30.6900005340576 31.1100006103516 31.3400001525879 31.2000007629395 30.9500007629395 30.7199993133545 30.3799991607666 30.2299995422363 30.2600002288818 30.0900001525879
14.1700000762939 13.3900003433228 14.6300001144409 16.7000007629395 18.5799999237061 20.7800006866455 23.3799991607666 25.1000003814697 26.0499992370605 27.0300006866455 28.9899997711182 39.7200012207031 46.0099983215332 31.0900001525879 13.5600004196167 10.5 14.5299997329712 23.3400001525879 30.2600002288818 29.75 19.6399993896484 10.2600002288818 11.789999961853 26.8600006103516 38.0699996948242 39.9000015258789 41.1300010681152 43.1300010681152 41.9099998474121 38.7999992370605 35.4700012207031 32.5499992370605 30.7700004577637 30.0699996948242 30.2299995422363 30.6299991607666 30.8700008392334 31.0599994659424 31.0100002288818 30.6900005340576 30.5699996948242 30.6299991607666 30.5699996948242 30.5499992370605 30.5400009155273 30.3700008392334
20.7900009155273 16.8899993896484 14.9499998092651 16.3299999237061 18.6200008392334 21.1100006103516 23.3099994659424 24.6499996185303 26.0200004577637 27.4699993133545 29.2000007629395 38.5200004577637 43.5800018310547 29.2299995422363 14.8800001144409 14.5900001525879 22.2900009155273 31.0599994659424 33.0400009155273 26.7299995422363 15.3299999237061 9.28999996185303 12.6000003814697 30.1599998474121 42.8899993896484 44.6300010681152 43.6199989318848 42.1399993896484 38.0800018310547 34.3899993896484 31.8299999237061 30.4099998474121 30.1900005340576 30.4200000762939 30.7800006866455 31.1000003814697 31.3299999237061 31.4599990844727 31.4400005340576 31.3899993896484 31.7199993133545 31.9799995422363 31.7199993133545 31.3400001525879 31.0200004577637 30.6800003051758
25.2600002288818 18.6599998474121 15.3299999237061 17.0400009155273 19.6399993896484 21.3199996948242 22.7299995422363 24.2700004577637 25.6800003051758 26.2999992370605 28.0499992370605 35.7400016784668 40.8199996948242 32.3899993896484 20.9300003051758 22.5599994659424 30.0900001525879 33.2599983215332 28.9699993133545 18.9500007629395 10.1099996566772 8.84000015258789 14.710000038147 32.0499992370605 47.6699981689453 49.3300018310547 43.5099983215332 38.1599998474121 33.560001373291 30.3400001525879 28.9799995422363 29.3299999237061 30.1399993896484 30.5699996948242 31.0300006866455 31.5900001525879 31.9300003051758 32.1100006103516 32.2299995422363 32.3300018310547 32.6500015258789 32.810001373291 32.3600006103516 31.7700004577637 31.3700008392334 31.0200004577637
24.7199993133545 17.5300006866455 15.7700004577637 17.7999992370605 19.4500007629395 20.4099998474121 21.8199996948242 23.5100002288818 24.7099990844727 25.4699993133545 26.7299995422363 33.310001373291 40.8699989318848 36.7900009155273 29.2800006866455 30.7299995422363 32.8699989318848 30.4500007629395 24.0200004577637 14.3100004196167 9.81999969482422 12.0600004196167 19.1200008392334 35.5299987792969 52.6599998474121 52.060001373291 41.5 33.9700012207031 30 28.3099994659424 28.9699993133545 30.2199993133545 30.6900005340576 30.7800006866455 31.3500003814697 32.0200004577637 32.3199996948242 32.5099983215332 32.4900016784668 32.3300018310547 32.5999984741211 32.8800010681152 32.3300018310547 31.6499996185303 31.3099994659424 30.9099998474121
20.8700008392334 16.0400009155273 15.8199996948242 16.7399997711182 17.7199993133545 19.2000007629395 21.0200004577637 22.4300003051758 24.1499996185303 26.2399997711182 28.2800006866455 36.8199996948242 48.1800003051758 46.2599983215332 38.7000007629395 34.5 31.4599990844727 27.5300006866455 21.8400001525879 15.4399995803833 13.8100004196167 17.6299991607666 24.7099990844727 42.4900016784668 56.4300003051758 48.2999992370605 33.2599983215332 26.7199993133545 26.7800006866455 29.5100002288818 32.3499984741211 33.3400001525879 32.5400009155273 31.7600002288818 32 32.3699989318848 32.5099983215332 32.5299987792969 32.2999992370605 32.1300010681152 32.5699996948242 32.7299995422363 31.8400001525879 31.0499992370605 30.7700004577637 30.3799991607666
19.2900009155273 17.1800003051758 16.8799991607666 16.5599994659424 17.1700000762939 18.9799995422363 20.8099994659424 22.4599990844727 25.6499996185303 30.5300006866455 41.939998626709 60.2700004577637 62.3600006103516 52.3899993896484 43.0099983215332 36.6500015258789 31.9799995422363 27.4899997711182 23.3400001525879 21.4599990844727 22.1299991607666 24.0699996948242 32.2599983215332 52.1699981689453 56.7200012207031 37.3499984741211 23.1000003814697 25.6700000762939 32.75 36.6300010681152 37.1100006103516 35.3800010681152 32.75 31.6800003051758 32.3300018310547 32.810001373291 32.7700004577637 32.3899993896484 32.0699996948242 32.0499992370605 32.3800010681152 32.189998626709 31.1299991607666 30.3999996185303 30.2000007629395 29.7700004577637
21.8600006103516 20.5499992370605 19.0699996948242 17.7399997711182 18.1599998474121 20 22.1900005340576 24.8400001525879 29.6200008392334 44.9300003051758 68.9700012207031 74.0800018310547 59.2099990844727 41.810001373291 36.060001373291 35.1500015258789 33.9099998474121 31.4899997711182 28.5400009155273 27.1000003814697 27.4300003051758 30.2600002288818 42.1599998474121 55.7700004577637 50.1500015258789 31.9400005340576 28.9599990844727 39.2000007629395 43.3300018310547 40.4000015258789 35.8699989318848 31.9300003051758 30 31.0300006866455 32.6500015258789 32.939998626709 32.4099998474121 31.8600006103516 31.6700000762939 31.7600002288818 31.9099998474121 31.5400009155273 30.4699993133545 29.8700008392334 29.6599998474121 29.0599994659424
26.1599998474121 23.5900001525879 20.4599990844727 18.8899993896484 19.8600006103516 21.8199996948242 25.4799995422363 29.0400009155273 38.75 66.7699966430664 78.5299987792969 61.060001373291 39.1199989318848 30.5599994659424 29.1499996185303 30.8299999237061 32.3400001525879 33.1399993896484 33.6199989318848 32.2599983215332 30.9400005340576 36.7999992370605 49.2799987792969 54.4000015258789 46.3800010681152 40.4599990844727 43.0999984741211 43.4500007629395 37.939998626709 31.4500007629395 28.3299999237061 27.6000003814697 29.6100006103516 32.4099998474121 33.2799987792969 32.560001373291 31.6900005340576 31.2999992370605 31.2299995422363 31.2299995422363 31.1399993896484 30.5200004577637 29.5 29.2299995422363 29.0499992370605 28.2700004577637
30.6200008392334 26.2299995422363 22.2199993133545 21.8099994659424 23.3600006103516 25.6800003051758 30.5300006866455 37.4900016784668 57.6399993896484 76.4599990844727 69.379997253418 44.2400016784668 31.9599990844727 28.3700008392334 27.3600006103516 28.3700008392334 30.3099994659424 32.2599983215332 34.3499984741211 36.2599983215332 38.7599983215332 43.6399993896484 50.8199996948242 51.939998626709 46.8300018310547 42.6599998474121 37.7999992370605 27.0200004577637 23.4200000762939 25.2399997711182 27.3400001525879 30.2099990844727 33.6800003051758 35.0499992370605 34.0800018310547 32.6399993896484 31.7299995422363 31.2700004577637 31 30.7700004577637 30.3700008392334 29.5100002288818 28.9200000762939 29.0599994659424 28.7000007629395 27.7999992370605
35.7599983215332 32.1300010681152 28.6399993896484 27.7700004577637 28.4599990844727 31.5799999237061 38.6800003051758 52.2599983215332 73.7600021362305 75.1399993896484 53.3899993896484 37.3499984741211 31.2700004577637 27.4799995422363 27.4899997711182 29.5300006866455 31.25 32.1500015258789 33.7299995422363 37.0099983215332 40.75 43.7400016784668 45.9099998474121 43.75 36.9300003051758 28.5200004577637 22.1900005340576 21.9799995422363 26.9500007629395 32.6199989318848 33.9500007629395 35.6399993896484 37.25 36.4199981689453 34.4500007629395 32.8600006103516 31.9200000762939 31.2000007629395 30.6000003814697 30.2999992370605 29.7399997711182 29.0699996948242 29.1100006103516 29.25 28.5900001525879 28.0100002288818
41.1100006103516 43.0299987792969 43.2299995422363 41.810001373291 43.560001373291 49.7999992370605 60.7799987792969 73.8099975585938 77.1800003051758 63.810001373291 40.7599983215332 31.2000007629395 27.7999992370605 26.2900009155273 28.3899993896484 31.0699996948242 31.2399997711182 31.1299991607666 33.060001373291 36.2400016784668 38.2900009155273 38.939998626709 38.5499992370605 33.5699996948242 26.2000007629395 21.5599994659424 23.5300006866455 33.9500007629395 41.3699989318848 42.1399993896484 39.0099983215332 37.7599983215332 37.4099998474121 35.5400009155273 33.6800003051758 32.3499984741211 31.4500007629395 30.6000003814697 30.0400009155273 29.7199993133545 28.9400005340576 28.6499996185303 29.1000003814697 29.0200004577637 28.4300003051758 28.2999992370605
47.810001373291 53.0699996948242 55.7999992370605 59.3699989318848 66.4199981689453 75.6699981689453 80.3600006103516 77.3399963378906 64.9000015258789 44.6599998474121 31.3899993896484 25.3700008392334 23.1700000762939 24.4200000762939 26.9400005340576 27.7399997711182 26.3999996185303 28.0799999237061 32.4900016784668 35.9799995422363 35.8699989318848 33.0800018310547 31.25 29.1299991607666 25.6599998474121 27.8199996948242 38.2200012207031 48.2599983215332 50.0400009155273 45.2200012207031 41.4700012207031 39.5 37.560001373291 35.0299987792969 33.1100006103516 31.8500003814697 30.7800006866455 29.8899993896484 29.4599990844727 28.7600002288818 27.9799995422363 28.3600006103516 29.0200004577637 28.75 28.1700000762939 27.8899993896484
57.6399993896484 57.689998626709 55.3699989318848 60.0200004577637 66.879997253418 70.5899963378906 67.0100021362305 53.7999992370605 38.1399993896484 29.0200004577637 25.4099998474121 23.4400005340576 23.4300003051758 25.4200000762939 24.9699993133545 21.3999996185303 20.5200004577637 26.2700004577637 32.5299987792969 34.0200004577637 30.3600006103516 24.6200008392334 24.2700004577637 27.6700000762939 30.9400005340576 38.5499992370605 49.0800018310547 52.189998626709 46.4300003051758 39.560001373291 38.2000007629395 38.1699981689453 36.7299995422363 34.5699996948242 32.4000015258789 30.7999992370605 29.6800003051758 29.0599994659424 28.4500007629395 27.5599994659424 27.7000007629395 28.7900009155273 29.2000007629395 28.5699996948242 27.6700000762939 27.1399993896484
63.189998626709 51.9799995422363 44.3800010681152 49.6300010681152 54.5299987792969 49.060001373291 38.8800010681152 29.4099998474121 23.0499992370605 21.5499992370605 22.1800003051758 23.5599994659424 26.1200008392334 27.5 23.9500007629395 18.6499996185303 19.2800006866455 26.3199996948242 30.4099998474121 28.2600002288818 21.8299999237061 17.7000007629395 22.1700000762939 30.7900009155273 39.0999984741211 45.9799995422363 48.4300003051758 43.0099983215332 32.7900009155273 29.4899997711182 31.8299999237061 33.310001373291 32.7200012207031 31.1399993896484 29.7999992370605 28.8500003814697 28.2399997711182 27.9300003051758 27.5699996948242 27.6299991607666 28.7000007629395 29.4799995422363 29.1599998474121 28.25 27.1700000762939 26.8600006103516
54.4799995422363 38.3600006103516 34.8400001525879 44.1800003051758 51.2400016784668 42.3199996948242 27.8099994659424 22.0900001525879 18.1700000762939 17.5499992370605 19.8400001525879 22.8199996948242 25.3199996948242 23.7999992370605 17.2999992370605 13.0699996948242 15.5699996948242 21.5900001525879 23.0200004577637 20.7900009155273 16.9699993133545 18.5499992370605 28.1000003814697 40.5299987792969 48.0099983215332 48.4000015258789 42.6699981689453 32.1300010681152 28.3799991607666 32.0099983215332 34.4099998474121 33.3899993896484 30.3799991607666 28.1100006103516 27.2299995422363 26.7600002288818 26.4799995422363 26.5699996948242 27.0499992370605 27.8500003814697 28.6299991607666 28.7700004577637 28.4300003051758 27.7600002288818 27.0300006866455 27.1599998474121
