data/real/Dogrib_v624/conserv_mass/windninja_240_30_100m_vel.asc
NCOLS 357 
NROWS 223 
XLLCORNER 457900 
YLLCORNER 5716800 
CELLSIZE 100 
NODATA_value -3.4e+38 
[rows 126 to 146 of 223, columns 184 to 229 of 357]
21.7000007629395 26.6100006103516 31.5799999237061 39.7799987792969 51.8899993896484 53.2799987792969 40.810001373291 30.4599990844727 27.4300003051758 26.7399997711182 26.4500007629395 26.8400001525879 25.9699993133545 24.1200008392334 24.9400005340576 27.1299991607666 28.6000003814697 30.3400001525879 31.9899997711182 34.9099998474121 37.5 32.3400001525879 20.8400001525879 12.8699998855591 10.5 12.1999998092651 16.4699993133545 22.8500003814697 28.8799991607666 27.9899997711182 23.5100002288818 24.0300006866455 30.7800006866455 34.2999992370605 28.2099990844727 24.3400001525879 27.6599998474121 32.8400001525879 39.9000015258789 48.0499992370605 48.8600006103516 39.2400016784668 31.1499996185303 30.5599994659424 28.5200004577637 24.4400005340576
19.1399993896484 23.3299999237061 27.8299999237061 33.0200004577637 43.4799995422363 53.8499984741211 51.4199981689453 38.6300010681152 30.5 28.1399993896484 27.4200000762939 26.8899993896484 25.4899997711182 24.3199996948242 24.8500003814697 24.9500007629395 24.8700008392334 27.0599994659424 28.7299995422363 31.5599994659424 38.5299987792969 39.2799987792969 28.2999992370605 16.0300006866455 10.0200004577637 9.36999988555908 13.1000003814697 21.3400001525879 28.5900001525879 26.8500003814697 21.5 22.8899993896484 31.2199993133545 34.9599990844727 28.7299995422363 23.7800006866455 26.3299999237061 32.7200012207031 38.7700004577637 42.3800010681152 45.0800018310547 41.4700012207031 31.1100006103516 26.5300006866455 26.1700000762939 24.4699993133545
17.5900001525879 20.7299995422363 24.3099994659424 28.8899993896484 35.4900016784668 45.5900001525879 53.0800018310547 50.3199996948242 40 32.2099990844727 29.2000007629395 27.7999992370605 25.6800003051758 24.2600002288818 24.5499992370605 24.0799999237061 23.1100006103516 24.6299991607666 26.0499992370605 27.1000003814697 33.5800018310547 41 38.1500015258789 24.3600006103516 13.1499996185303 9.0600004196167 10.5200004577637 17.8799991607666 26.1800003051758 26.0300006866455 21.0900001525879 22.4400005340576 30.5900001525879 33.8300018310547 28.8700008392334 24.3299999237061 26.3600006103516 33.939998626709 39.2400016784668 39.2299995422363 40.7999992370605 41.8699989318848 34.4799995422363 26.4500007629395 24.1900005340576 23.7299995422363
16.5200004577637 19.0400009155273 21.25 25.3600006103516 30.7399997711182 36.2599983215332 44.5 51.3899993896484 50.4500007629395 42.3300018310547 34.6699981689453 30.3999996185303 26.8799991607666 24.8600006103516 24.4500007629395 23.8700008392334 22.7900009155273 23.0200004577637 23.5900001525879 23.2399997711182 26.0900001525879 34.6599998474121 40.7999992370605 35.5499992370605 21.7099990844727 12.8000001907349 11.0900001525879 15.039999961853 21.9599990844727 23.8600006103516 21.4699993133545 23.2700004577637 29.0699996948242 31.1599998474121 27.6900005340576 24.5200004577637 26.9799995422363 34.4799995422363 38.5900001525879 37.1399993896484 38.5400009155273 41.060001373291 34.439998626709 26.9699993133545 23.8799991607666 23.0400009155273
15.460000038147 17.6700000762939 19.2199993133545 22.0100002288818 26.8799991607666 30.6900005340576 34.560001373291 41.439998626709 49.1500015258789 50.5299987792969 45.4700012207031 37.6199989318848 30.1700000762939 26.1800003051758 25.2800006866455 24.6299991607666 23.5300006866455 22.9799995422363 22.5599994659424 21.6100006103516 22 26.1200008392334 34.7099990844727 38.2000007629395 30.2199993133545 19.8400001525879 14.8900003433228 14.539999961853 18.0100002288818 20.6299991607666 21 23.6499996185303 27.2399997711182 27.6200008392334 25.0300006866455 24.0900001525879 28.2700004577637 34.3199996948242 35.9199981689453 34.3899993896484 37.7400016784668 40.8199996948242 33.4799995422363 26.1900005340576 23.6000003814697 22.4799995422363
14.7799997329712 16.2999992370605 17.8299999237061 19.8700008392334 23.1200008392334 26.3799991607666 29.6800003051758 33.3600006103516 39.0200004577637 46.9599990844727 50.9500007629395 48.5299987792969 39.2000007629395 29.8899993896484 26.5900001525879 25.8099994659424 24.8199996948242 24.2999992370605 23.9799995422363 22.9099998474121 21.9699993133545 23.1599998474121 28.3299999237061 33.9500007629395 32.0200004577637 26.1499996185303 21.0599994659424 16.2600002288818 15.6800003051758 18.1900005340576 19.8700008392334 22.5799999237061 25.1200008392334 24.2800006866455 21.8999996185303 23.3899993896484 29.3600006103516 33.9000015258789 32.6800003051758 31.4099998474121 37.2099990844727 40.6399993896484 32.939998626709 25.5 23.4799995422363 23.1900005340576
14.8400001525879 15.4200000762939 16.5400009155273 18.4899997711182 20.5799999237061 22.7199993133545 26.7399997711182 30.0599994659424 31.8099994659424 36.9500007629395 44.9099998474121 51.2299995422363 50.3499984741211 40.1300010681152 30.6800003051758 27.2600002288818 26.1800003051758 26.0499992370605 26.2999992370605 25.4099998474121 23.6900005340576 23.4699993133545 26.2099990844727 29.2099990844727 29.0799999237061 29.0900001525879 27.4500007629395 20.4699993133545 16.1700000762939 17.3199996948242 19.1499996185303 20.8299999237061 22.1800003051758 21.2299995422363 19.7000007629395 22.2800006866455 28.3500003814697 32.5099983215332 30.5599994659424 29.4300003051758 36.5299987792969 39.7999992370605 31.8799991607666 24.75 22.9799995422363 24.0499992370605
15.2700004577637 15.2399997711182 15.6000003814697 17.0699996948242 18.8299999237061 20.4400005340576 23.7000007629395 27.2000007629395 28.6599998474121 30.9599990844727 35.6300010681152 42.9700012207031 50.7700004577637 50.7099990844727 41.3800010681152 31.9200000762939 28.3999996185303 28.0699996948242 28.2700004577637 27.5200004577637 25.8700008392334 24.9599990844727 26.2000007629395 27.3700008392334 26.5200004577637 27.9200000762939 29.5 25.8400001525879 20.5699996948242 18.9500007629395 20.0900001525879 20.8999996185303 20.2600002288818 18.75 18.1499996185303 20.4099998474121 25.2700004577637 29.1000003814697 28.3299999237061 28.6200008392334 35.4599990844727 38.3699989318848 31.4699993133545 24.4300003051758 22.5300006866455 23.8999996185303
16.1800003051758 15.3999996185303 15.1999998092651 15.8999996185303 17.2999992370605 18.8899993896484 21.2000007629395 23.9699993133545 26.2399997711182 28.0699996948242 30.6299991607666 34.5499992370605 41.2599983215332 49.6100006103516 50.2999992370605 42.4700012207031 35.0999984741211 32.3400001525879 30.9599990844727 29.2999992370605 27.6100006103516 26.5400009155273 27.0499992370605 27.8500003814697 26.7600002288818 26.4599990844727 27.6299991607666 27.0200004577637 24.6399993896484 22.8199996948242 23.5100002288818 23.7800006866455 21.1499996185303 18.1800003051758 17.4799995422363 18.4699993133545 21.2199993133545 24.1100006103516 24.9599990844727 27.7399997711182 33.9500007629395 36.5400009155273 30.7399997711182 24.1100006103516 22.5100002288818 24.3299999237061
17.5499992370605 16.3099994659424 15.3100004196167 15.3699998855591 16.1499996185303 17.4200000762939 19.2000007629395 21.3099994659424 23.6599998474121 25.6100006103516 27.9500007629395 30.6800003051758 33.6500015258789 39.9799995422363 47.060001373291 48.2799987792969 45.2099990844727 41.4799995422363 37.8600006103516 33.7900009155273 30.1900005340576 28.4300003051758 28.8700008392334 29.5400009155273 28.4300003051758 26.4599990844727 25.4300003051758 25.2800006866455 25.0900001525879 25.0300006866455 26.2900009155273 26.8500003814697 24.0900001525879 20.1399993896484 18.9200000762939 18.75 18.4699993133545 19.25 21.1200008392334 25.0200004577637 31.1900005340576 34.4300003051758 29.5900001525879 23.1900005340576 22.0300006866455 24.8500003814697
18.7099990844727 17.7600002288818 16.1900005340576 15.5200004577637 15.6700000762939 16.3500003814697 17.6399993896484 19.25 21.1599998474121 23.2299995422363 25.5 27.9500007629395 30.3600006103516 33.3600006103516 37.189998626709 41.6300010681152 44.9500007629395 46.0800018310547 45.7799987792969 42.9300003051758 37.7099990844727 34.3499984741211 34.189998626709 34.1300010681152 31.7099990844727 27.6200008392334 24.7399997711182 24.3799991607666 25.1499996185303 26 27.1299991607666 27.4699993133545 25.5799999237061 22.8999996185303 22.1499996185303 21.4799995422363 18.4400005340576 16.7900009155273 17.6900005340576 20.7700004577637 26.7000007629395 31.7399997711182 28.6399993896484 22.6000003814697 21.8899993896484 25.1000003814697
19.6399993896484 18.7099990844727 17.7000007629395 16.5 15.75 15.9399995803833 16.7700004577637 17.7600002288818 19.1399993896484 21.2199993133545 23.1599998474121 25.0400009155273 27.5200004577637 30.0799999237061 31.5400009155273 32.8600006103516 35.8400001525879 39.4799995422363 43.310001373291 45.2000007629395 44.0900001525879 42.4700012207031 42.1500015258789 42.4900016784668 40.2099990844727 33.6199989318848 27.2999992370605 25.0100002288818 26.2199993133545 27.9099998474121 27.5799999237061 26.8700008392334 26.2299995422363 24.4400005340576 23.9599990844727 24.3199996948242 21.8999996185303 18.9200000762939 17.3600006103516 17.6700000762939 21.8799991607666 28.2099990844727 28.1200008392334 23.3299999237061 22.5799999237061 25.2099990844727
20.5200004577637 19.3299999237061 18.8899993896484 17.8899993896484 16.5499992370605 16.0300006866455 16.2600002288818 16.9500007629395 17.9300003051758 19.6100006103516 21.3400001525879 22.8600006103516 24.6800003051758 26.9500007629395 28.6800003051758 29.7700004577637 31.1499996185303 32.4900016784668 35.1100006103516 37.5299987792969 38.7400016784668 40.6800003051758 42.3300018310547 44.3400001525879 46.4900016784668 45.6199989318848 38.5499992370605 32.0400009155273 31.6900005340576 32.5999984741211 29.2700004577637 26.8899993896484 26.8299999237061 25.1200008392334 23.4699993133545 24 24.4300003051758 23.8700008392334 21.9799995422363 19.1399993896484 19.6000003814697 24.3600006103516 27.2700004577637 25.5300006866455 24.6599998474121 25.75
21.6399993896484 20.1399993896484 19.6499996185303 19.0900001525879 17.9899997711182 16.8799991607666 16.0100002288818 16.3400001525879 17.3899993896484 18.5699996948242 19.9099998474121 21.3299999237061 22.8299999237061 24.4400005340576 25.8099994659424 27.4899997711182 29.0699996948242 30.1599998474121 32.189998626709 31.7700004577637 30.0400009155273 32.6100006103516 36 37.439998626709 40.4599990844727 45.6699981689453 46.1300010681152 42.9000015258789 41.5 41.0999984741211 37.060001373291 32.6399993896484 30.2700004577637 26.5599994659424 22.7800006866455 21.6399993896484 22.5200004577637 24.3700008392334 25.2399997711182 23.4899997711182 21.3600006103516 22.6900005340576 26.2600002288818 28.0900001525879 28.8400001525879 28.7000007629395
24.2800006866455 20.8500003814697 20.2299995422363 19.8600006103516 19.3700008392334 18.3199996948242 16.5799999237061 16.0699996948242 17.0499992370605 18.1299991607666 19.0799999237061 20.1499996185303 21.5300006866455 22.9599990844727 23.9599990844727 25.1900005340576 26.4799995422363 28.1700000762939 30.9500007629395 30.3400001525879 27.6499996185303 29.1399993896484 32.9099998474121 33.439998626709 32.0900001525879 34.6300010681152 39.5299987792969 41.5499992370605 42.5699996948242 43.5999984741211 43.8400001525879 43.560001373291 40.5800018310547 32.6599998474121 24.5699996948242 20.6200008392334 20.2600002288818 22.1800003051758 24.6499996185303 25.2099990844727 23.7299995422363 23.5300006866455 25.9099998474121 28.8500003814697 31.4599990844727 32.3699989318848
30.3099994659424 22.0100002288818 20.4799995422363 20.3400001525879 19.9599990844727 19.4400005340576 18.0699996948242 16.8799991607666 17.0200004577637 17.8600006103516 18.6399993896484 19.4400005340576 20.6900005340576 21.8999996185303 22.8799991607666 23.9300003051758 24.8400001525879 26.2399997711182 28.6499996185303 29.0300006866455 27.2600002288818 27.8999996185303 30.9799995422363 31.8799991607666 30.0400009155273 29.9500007629395 32.5 35.2099990844727 37.1599998474121 37.7000007629395 39.6399993896484 44 47.1500015258789 43.9000015258789 31.8999996185303 22.3799991607666 19.9699993133545 21.1399993896484 23.4099998474121 24.7700004577637 24.2999992370605 24.2399997711182 25.5699996948242 27.2999992370605 29.2700004577637 30.9500007629395
40.1199989318848 25.75 20.9799995422363 20.5599994659424 19.9699993133545 19.7700004577637 19.3099994659424 18.5499992370605 18.1499996185303 17.9699993133545 17.9699993133545 18.7399997711182 20.3400001525879 21.4300003051758 22.2000007629395 23 23.9099998474121 25.0499992370605 26.4899997711182 27.2199993133545 26.4599990844727 26.7800006866455 28.4599990844727 29.0400009155273 28.6299991607666 28.6599998474121 29.4400005340576 31.5599994659424 33.4700012207031 33.6199989318848 34.6100006103516 37.4000015258789 43.7099990844727 48.8800010681152 41.7799987792969 27.1700000762939 20.8299999237061 20.9899997711182 22.75 24.0400009155273 24.2600002288818 24.4699993133545 25.5300006866455 26.7800006866455 27.4300003051758 28.1700000762939
47.8400001525879 33.5 23.2399997711182 20.7800006866455 19.9899997711182 19.8299999237061 19.7900009155273 20.0200004577637 20.3600006103516 19.2600002288818 17.7299995422363 18.1299991607666 20.0799999237061 21.3700008392334 22.0400009155273 22.5 23.1700000762939 24.1000003814697 25.0599994659424 25.8500003814697 25.8600006103516 26.1599998474121 26.9699993133545 26.8999996185303 26.6200008392334 26.9400005340576 27.3299999237061 28.5200004577637 30.0900001525879 31.0499992370605 32.4599990844727 33.75 37.9599990844727 46.8499984741211 47.2299995422363 34.2799987792969 22.8600006103516 20.9300003051758 22.4200000762939 23.5499992370605 24.5599994659424 25.3099994659424 26.4099998474121 27.9200000762939 28.2199993133545 28.0200004577637
50.560001373291 42.2299995422363 27.8899993896484 21.6900005340576 20.5 20.2900009155273 19.9400005340576 20.5699996948242 21.8500003814697 20.9899997711182 18.9099998474121 18.5900001525879 19.7099990844727 20.8700008392334 21.7099990844727 22.3500003814697 22.8899993896484 23.4899997711182 24.2800006866455 25.0699996948242 25.4400005340576 25.7800006866455 26.2399997711182 26.1599998474121 25.9200000762939 26.1900005340576 26.6700000762939 27.0300006866455 27.4099998474121 28.2099990844727 29.7099990844727 31.0900001525879 33.6800003051758 41.3600006103516 47.810001373291 42.0900001525879 27.8899993896484 21.7700004577637 22.2600002288818 23.7000007629395 25.3700008392334 26.6599998474121 27.5599994659424 29.0300006866455 29.6599998474121 29.0100002288818
50.2999992370605 47.6500015258789 33.7000007629395 24.0100002288818 21.6000003814697 21.3199996948242 20.5 20.4799995422363 21.8600006103516 21.6200008392334 20.6700000762939 20.6399993896484 20.5799999237061 20.2800006866455 20.5300006866455 21.5599994659424 22.5 23.3099994659424 24.1200008392334 24.6900005340576 24.9599990844727 25.2600002288818 25.5900001525879 25.6599998474121 25.6299991607666 25.8999996185303 26.4899997711182 26.8500003814697 26.6700000762939 26.7099990844727 27.5699996948242 28.9899997711182 30.6599998474121 35 42.8800010681152 44.7400016784668 35.4900016784668 25.3299999237061 22.75 23.8899993896484 26.1000003814697 27.8799991607666 28.6800003051758 29.4899997711182 30.4200000762939 30.4300003051758
49.5400009155273 51.2400016784668 40.2099990844727 27.5499992370605 23.1299991607666 22.25 21.4300003051758 21.1000003814697 21.5300006866455 21.4300003051758 21.7600002288818 23.2800006866455 23.4400005340576 21.6399993896484 20.4500007629395 20.3700008392334 20.9300003051758 22.3600006103516 23.9400005340576 24.7099990844727 24.8400001525879 24.9699993133545 25.2299995422363 25.3400001525879 25.2700004577637 25.3999996185303 25.8799991607666 26.5 26.5699996948242 26.2299995422363 26.6399993896484 27.9899997711182 29.4200000762939 31.2999992370605 35.9300003051758 41.3899993896484 39.3300018310547 30.8099994659424 25.1900005340576 24.2399997711182 26.0599994659424 28.4899997711182 30.1900005340576 30.8700008392334 30.8799991607666 31.1499996185303
