data/real/Dogrib_v624/conserv_mass/windninja_360_30_100m_vel.asc
NCOLS 357 
NROWS 223 
XLLCORNER 457900 
YLLCORNER 5716800 
CELLSIZE 100 
NODATA_value -3.4e+38 
[rows 63 to 83 of 223, columns 276 to 321 of 357]
25.0200004577637 24.1800003051758 24.2999992370605 25.5300006866455 26.6900005340576 26.5400009155273 24.9899997711182 23.0599994659424 21.7299995422363 21.6200008392334 22.1499996185303 22.2900009155273 22.1800003051758 22.2800006866455 22.7900009155273 23.25 23.1800003051758 23.0200004577637 23.3199996948242 24.0799999237061 24.7600002288818 25.0499992370605 25.1700000762939 25.2999992370605 25.3099994659424 25.1200008392334 24.8199996948242 24.4099998474121 23.8099994659424 23.1399993896484 22.9500007629395 23.6499996185303 24.8199996948242 26.5900001525879 28.6299991607666 29.2000007629395 28.3700008392334 27.0400009155273 25.7600002288818 25.25 25.4799995422363 25.9500007629395 26.4500007629395 26.9300003051758 27.1599998474121 27.1100006103516
26.6200008392334 27.3500003814697 29.7000007629395 31.4500007629395 30.9799995422363 28.4500007629395 25.1599998474121 22.6800003051758 21.6700000762939 22.2299995422363 23.7800006866455 24.9099998474121 25.2700004577637 25.5100002288818 25.8899993896484 25.9400005340576 25.4799995422363 24.9099998474121 24.7700004577637 25.1100006103516 25.6700000762939 26.2700004577637 26.6700000762939 26.6900005340576 26.2399997711182 25.6299991607666 25.1499996185303 24.6100006103516 23.6499996185303 22.4099998474121 21.6499996185303 22.4699993133545 25.0900001525879 27.9699993133545 29.2999992370605 29.5300006866455 29.7900009155273 29.8600006103516 29.0599994659424 27.9400005340576 27.3999996185303 27.3899993896484 27.5300006866455 27.4799995422363 27.2299995422363 27.0900001525879
31.3999996185303 33.6199989318848 35.060001373291 34.0999984741211 31.25 28.3700008392334 26.7000007629395 26.0699996948242 25.5200004577637 25.3099994659424 26.1000003814697 27.6100006103516 29.3099994659424 30.4599990844727 30.2800006866455 29.0400009155273 27.7900009155273 26.9400005340576 26.2900009155273 25.8099994659424 25.8299999237061 26.5900001525879 27.5499992370605 28.25 28.4699993133545 27.9899997711182 26.7399997711182 24.9599990844727 23.0699996948242 21.7000007629395 21.7700004577637 23.7900009155273 26.7299995422363 28.3099994659424 28.3400001525879 28.3999996185303 29.4099998474121 31.1100006103516 32.4099998474121 32.2099990844727 30.7900009155273 29.4599990844727 28.6800003051758 28.1299991607666 27.6800003051758 27.5100002288818
35.0200004577637 35.0900001525879 32.4700012207031 29 27.1399993896484 27 27.8600006103516 28.3799991607666 27.7199993133545 26.8899993896484 27.2000007629395 28.5599994659424 29.6700000762939 29.5100002288818 28.4899997711182 27.4599990844727 26.6499996185303 26.1100006103516 25.7399997711182 25.4899997711182 25.6399993896484 26.2299995422363 26.7000007629395 26.7900009155273 26.4200000762939 25.6000003814697 24.5400009155273 23.7099990844727 23.6100006103516 24.2299995422363 25.4899997711182 27.0799999237061 27.7299995422363 27.4200000762939 27.2900009155273 27.9400005340576 29.2600002288818 30.6700000762939 31.9899997711182 32.9599990844727 32.7099990844727 31.0799999237061 29.0900001525879 27.7000007629395 27.1800003051758 27.2399997711182
33.3400001525879 31.2099990844727 27.9500007629395 25.8899993896484 25.75 26.7700004577637 27.5100002288818 27.1200008392334 26.2399997711182 25.5699996948242 25.4300003051758 25.6399993896484 25.1900005340576 24.1700000762939 23.6700000762939 23.8899993896484 24.3199996948242 24.6200008392334 24.9099998474121 25.2700004577637 25.6100006103516 25.6800003051758 25.0599994659424 23.7700004577637 22.4799995422363 22.0100002288818 22.4599990844727 23.4799995422363 25.2099990844727 27.5200004577637 29.2299995422363 29.2900009155273 27.8099994659424 26.2099990844727 25.9899997711182 27.3500003814697 29.1200008392334 29.9300003051758 29.8400001525879 29.8199996948242 30 29.2000007629395 27.3400001525879 26.1800003051758 26.4500007629395 27.1200008392334
29.6000003814697 29.3700008392334 28.8400001525879 28.1700000762939 27.5300006866455 27.1299991607666 26.6700000762939 26.0100002288818 25.5300006866455 24.8999996185303 23.7099990844727 22.3099994659424 21.5300006866455 21.7299995422363 22.3999996185303 23.1200008392334 23.8099994659424 24.3799991607666 24.7000007629395 24.7900009155273 24.7199993133545 24.2999992370605 23.3199996948242 22.3999996185303 22.2000007629395 22.7600002288818 23.6499996185303 24.6499996185303 25.8799991607666 27.1299991607666 27.5900001525879 27.0200004577637 25.9599990844727 25.1599998474121 25.2800006866455 26.2199993133545 27.1299991607666 27.7399997711182 27.8700008392334 27.0699996948242 25.9699993133545 25.6399993896484 25.9500007629395 26.6000003814697 27.2800006866455 27.4099998474121
26.4099998474121 28.7600002288818 30.0499992370605 29.5 28.4400005340576 27.9099998474121 27.5900001525879 27.1599998474121 26.5100002288818 25.5599994659424 24.4500007629395 23.2399997711182 22.4300003051758 22.6200008392334 23.3099994659424 23.8400001525879 24.2099990844727 24.4200000762939 24.3999996185303 24.2800006866455 24.1599998474121 23.6599998474121 23.0599994659424 23.1299991607666 23.8299999237061 24.4400005340576 24.7800006866455 25.1599998474121 25.4899997711182 25.2999992370605 24.6000003814697 24.2299995422363 24.6200008392334 25.4200000762939 26.0699996948242 26.25 25.9799995422363 25.7299995422363 25.7399997711182 25.5699996948242 25.2000007629395 25.8700008392334 27.8199996948242 29.2399997711182 28.9400005340576 27.5400009155273
24.1499996185303 26.0200004577637 28.3299999237061 29.2700004577637 29.2399997711182 29.1800003051758 28.7700004577637 27.7700004577637 26.4300003051758 25.3099994659424 24.7999992370605 24.6800003051758 24.6399993896484 24.7700004577637 25.0300006866455 25.2099990844727 25.3299999237061 25.4300003051758 25.5200004577637 25.6299991607666 25.5300006866455 25.1499996185303 24.8700008392334 24.8999996185303 25.1200008392334 25.3899993896484 25.6000003814697 25.7099990844727 25.4599990844727 24.7700004577637 24.2199993133545 24.5300006866455 25.75 27.1599998474121 27.9599990844727 27.8899993896484 27.1900005340576 26.1000003814697 25.1200008392334 25.2299995422363 26.6000003814697 28.3999996185303 29.5799999237061 29.7099990844727 28.8700008392334 27.2900009155273
24.7199993133545 25.0100002288818 27.1800003051758 29.75 31.0499992370605 30.8199996948242 29.3899993896484 27.3999996185303 25.7299995422363 24.8600006103516 24.6299991607666 24.8600006103516 25.5900001525879 26.7099990844727 27.7299995422363 28.0100002288818 27.7000007629395 27.5 27.6800003051758 27.9400005340576 27.7199993133545 27.2800006866455 27.0599994659424 26.9099998474121 26.7000007629395 26.6100006103516 26.5900001525879 26.4200000762939 25.9400005340576 25.3500003814697 25.2299995422363 25.8799991607666 27.1100006103516 28.3700008392334 29.0799999237061 28.9400005340576 28.0599994659424 26.7399997711182 25.5799999237061 25.6900005340576 27.2999992370605 28.8500003814697 29.0799999237061 28.5699996948242 28.4300003051758 28.6800003051758
28.3899993896484 27.8299999237061 28.4099998474121 30.0900001525879 31.25 30.7600002288818 28.8199996948242 26.7399997711182 25.5499992370605 25.1299991607666 25.1200008392334 25.4599990844727 26.2299995422363 27.5599994659424 29.3099994659424 30.5200004577637 30.4699993133545 29.9099998474121 29.7999992370605 29.9400005340576 29.8099994659424 29.4799995422363 29.2199993133545 28.9400005340576 28.5900001525879 28.1499996185303 27.7000007629395 27.3199996948242 26.8199996948242 26.4699993133545 26.5699996948242 26.9599990844727 27.3500003814697 27.5799999237061 27.6100006103516 27.2700004577637 26.3899993896484 25.4300003051758 25.2399997711182 26.0400009155273 27.3500003814697 28.4400005340576 29.0599994659424 29.2099990844727 29.4599990844727 30.7399997711182
32.5499992370605 30.9599990844727 29.7999992370605 29.3099994659424 28.6200008392334 27.0900001525879 25.6599998474121 25.5799999237061 26.2900009155273 26.5200004577637 26.4500007629395 26.8099994659424 27.3700008392334 27.8099994659424 28.8999996185303 31.0200004577637 32.8600006103516 33.4500007629395 33.3699989318848 32.9500007629395 32.4199981689453 32.2700004577637 32.439998626709 32.5999984741211 32.560001373291 32.1399993896484 31.0100002288818 29.7000007629395 28.6000003814697 28.1000003814697 28.0100002288818 27.8199996948242 27.2900009155273 26.5100002288818 25.6499996185303 24.9400005340576 24.4400005340576 24.5 25.5799999237061 27.1200008392334 28.0499992370605 28.5 29.0300006866455 29.5200004577637 29.5699996948242 29.7099990844727
35.9199981689453 33.0699996948242 30.5900001525879 28.0400009155273 25.4200000762939 23.8299999237061 23.8600006103516 25.4699993133545 27.4099998474121 28.5100002288818 28.6100006103516 28.5799999237061 28.9699993133545 29.2000007629395 29.4300003051758 31.1599998474121 34.4900016784668 37.439998626709 38.9900016784668 38.9700012207031 38 37.1800003051758 37.6800003051758 39.0499992370605 39.8300018310547 39.2799987792969 37.2000007629395 34.4199981689453 32.0400009155273 30.5799999237061 29.6599998474121 28.8299999237061 28.0100002288818 26.9699993133545 25.6900005340576 24.8999996185303 25.1100006103516 26.1100006103516 27.4200000762939 28.4500007629395 28.5799999237061 27.8700008392334 27.3400001525879 27.8099994659424 28.6700000762939 28.8899993896484
36.9099998474121 34.3600006103516 31.0300006866455 27.5100002288818 25.2099990844727 25.0400009155273 26.1599998474121 27.2700004577637 28.3700008392334 29.8099994659424 30.8199996948242 30.9500007629395 31.2700004577637 32.2400016784668 33.1399993896484 34.6100006103516 37.75 41.3899993896484 44.060001373291 45.25 44.9500007629395 43.7799987792969 43.1500015258789 43.4099998474121 43.75 43.5299987792969 42.3600006103516 40.0400009155273 37.0800018310547 34.3600006103516 32.3600006103516 30.8899993896484 29.5599994659424 28.2000007629395 26.9799995422363 26.4300003051758 26.8600006103516 27.8899993896484 28.6700000762939 28.6200008392334 27.9200000762939 27.1599998474121 26.8099994659424 27.4099998474121 28.9799995422363 30.7000007629395
33.6500015258789 33.3199996948242 30.9899997711182 28.7399997711182 28.2700004577637 28.9799995422363 29.4899997711182 29.5400009155273 29.9699993133545 31.3799991607666 33.1500015258789 34.3600006103516 35.3300018310547 37.1199989318848 39.3400001525879 41.439998626709 43.2200012207031 44.2599983215332 45.1199989318848 46.2900009155273 47.0999984741211 46.6199989318848 45.0099983215332 43.2299995422363 42.0999984741211 42.060001373291 42.8400001525879 43.0999984741211 41.8899993896484 39.439998626709 36.5800018310547 33.8499984741211 31.4200000762939 29.5 28.3700008392334 27.9799995422363 28.1100006103516 28.5200004577637 28.5699996948242 27.9899997711182 27.5900001525879 28.0699996948242 28.7199993133545 28.8999996185303 29.3799991607666 30.7999992370605
28.5300006866455 30.5900001525879 31.4400005340576 31.3799991607666 31.2700004577637 31.3799991607666 31.3700008392334 31.6499996185303 32.6199989318848 34.1399993896484 36.2900009155273 39.0299987792969 41.7700004577637 44.1300010681152 45.9900016784668 46.9700012207031 46.3199996948242 44.3400001525879 42.6699981689453 42.4700012207031 43.3300018310547 43.9000015258789 43.0900001525879 41.2000007629395 39.5 39.0299987792969 40.310001373291 42.3699989318848 43.5999984741211 43.0299987792969 40.4500007629395 36.6300010681152 33.1800003051758 31.0100002288818 29.9099998474121 29.3600006103516 29.1000003814697 28.8999996185303 28.4200000762939 28.1700000762939 28.6900005340576 29.3600006103516 29.4599990844727 29.1499996185303 28.9200000762939 29.2299995422363
25.5900001525879 29.0200004577637 32.4900016784668 34.2099990844727 33.9500007629395 33.3199996948242 33.5099983215332 34.5299987792969 35.9199981689453 37.689998626709 40.4199981689453 43.8499984741211 46.7099990844727 48.0499992370605 47.8499984741211 46.6100006103516 44.5299987792969 42.0900001525879 40.0800018310547 39.0800018310547 39.2299995422363 40.0099983215332 40.2700004577637 39.3800010681152 37.8899993896484 36.9599990844727 37.560001373291 39.2700004577637 40.9000015258789 41.6699981689453 41.1199989318848 39.0299987792969 36.2299995422363 34.0699996948242 32.8199996948242 31.9200000762939 31 29.8400001525879 28.8299999237061 28.7800006866455 29.1599998474121 28.8600006103516 28.2800006866455 28.2800006866455 28.6499996185303 28.7999992370605
25.3299999237061 28.1900005340576 31.7600002288818 34.5299987792969 35.7299995422363 36.2599983215332 37.6100006103516 39.6399993896484 41.5 43.3300018310547 44.9099998474121 45.5200004577637 45.2700004577637 44.5999984741211 43.4900016784668 41.9199981689453 40.4300003051758 39.3600006103516 38.4799995422363 37.689998626709 37.2400016784668 37.4900016784668 38.0900001525879 38.2999992370605 37.6800003051758 36.5999984741211 35.9300003051758 35.689998626709 35.7999992370605 36.7000007629395 38.5699996948242 40.2900009155273 40.7000007629395 39.7400016784668 38.2400016784668 36.6199989318848 34.560001373291 32.1199989318848 30.2999992370605 29.3999996185303 28.4699993133545 27.6499996185303 27.7399997711182 28.4799995422363 29.1499996185303 29.4400005340576
26.5 27.6900005340576 29.6299991607666 32.4700012207031 35.6199989318848 38.5900001525879 41.6100006103516 44.5400009155273 46.6500015258789 47.3199996948242 46.2999992370605 43.7599983215332 40.7599983215332 38.5999984741211 37.5200004577637 36.9799995422363 36.560001373291 36.2999992370605 36.25 36.0499992370605 35.560001373291 35.5 36.3400001525879 37.6100006103516 38.3699989318848 37.7700004577637 35.8300018310547 33.5400009155273 32.4900016784668 33.5400009155273 36.4199981689453 39.9900016784668 42.7999992370605 44 43.2900009155273 41 37.75 34.7099990844727 32.5699996948242 30.6900005340576 28.8999996185303 28.2999992370605 29.0499992370605 30.0499992370605 30.6200008392334 30.7800006866455
28.4500007629395 29.2900009155273 30.4099998474121 32.5400009155273 36.0299987792969 39.6699981689453 42.1300010681152 43.4300003051758 43.939998626709 43.6300010681152 42.5499992370605 40.939998626709 38.7000007629395 35.939998626709 33.6399993896484 32.7200012207031 32.8899993896484 33.189998626709 33.4000015258789 33.6399993896484 33.5699996948242 33.6199989318848 34.5 35.9799995422363 37.1699981689453 37.0499992370605 35.2400016784668 33.0900001525879 32.6100006103516 34.2999992370605 37.0800018310547 39.7000007629395 41.6599998474121 42.7700004577637 42.7099990844727 41.3800010681152 39.0699996948242 36.4900016784668 34.2599983215332 32.310001373291 31.0100002288818 30.8999996185303 31.5 32.0099983215332 32.2999992370605 32.3400001525879
30.7700004577637 31.8600006103516 33.8699989318848 36.7799987792969 39.7299995422363 40.9799995422363 40.2200012207031 38.4599990844727 36.8699989318848 36.1100006103516 36.3800010681152 37.1500015258789 37.3400001525879 36.1100006103516 33.6100006103516 31.2199993133545 30.6499996185303 31.3700008392334 31.7999992370605 31.7800006866455 31.7099990844727 31.9099998474121 32.6100006103516 33.5200004577637 34.0699996948242 33.9599990844727 33.4000015258789 33.1699981689453 34.189998626709 36.3300018310547 38.189998626709 38.7799987792969 38.4500007629395 37.8300018310547 37.5699996948242 38.189998626709 38.8499984741211 38.2700004577637 36.6500015258789 35.0299987792969 34.0900001525879 33.7999992370605 33.5800018310547 33.1300010681152 32.6500015258789 32.0699996948242
34.1399993896484 35.3499984741211 38.5099983215332 42.3800010681152 43.8499984741211 42.3499984741211 39.560001373291 36.7599983215332 34.3600006103516 32.5299987792969 31.6700000762939 32.1100006103516 33.6100006103516 35.060001373291 35.1300010681152 33.5900001525879 31.6700000762939 30.8199996948242 30.8099994659424 30.6900005340576 30.6900005340576 31.2099990844727 31.6399993896484 31.7099990844727 31.5499992370605 31.5599994659424 32.3300018310547 33.8699989318848 35.9199981689453 37.4300003051758 37.2999992370605 35.7400016784668 33.9500007629395 32.8899993896484 33.1399993896484 34.9599990844727 37.7599983215332 39.8600006103516 40.2999992370605 39.2400016784668 37.6399993896484 35.9700012207031 34.2599983215332 32.6699981689453 31.2700004577637 29.9599990844727
