data/real/Dogrib_v624/conserv_mass/windninja_315_30_100m_ang.asc
NCOLS 357 
NROWS 223 
XLLCORNER 457900 
YLLCORNER 5716800 
CELLSIZE 100 
NODATA_value -3.4e+38 
[rows 84 to 125 of 223, columns 0 to 93 of 357]
306 307 309 310 311 311 311 312 313 313 312 312 313 313 313 313 314 315 315 315 314 315 316 316 314 314 315 315 314 313 313 313 313 313 312 311 311 312 312 311 311 312 313 313 313 313 313 313 314 314 313 310 311 313 314 314 313 313 313 313 313 314 315 314 314 313 313 314 314 315 316 316 317 316 314 315 316 317 316 314 312 311 307 302 297 297 303 310 313 316 341 7 338 331
305 307 309 311 311 312 312 312 312 313 313 312 313 313 313 313 314 315 315 316 315 315 316 316 315 314 315 315 314 314 313 313 313 313 313 313 312 313 313 312 312 312 312 312 313 313 313 313 313 311 309 309 311 314 315 315 315 314 314 313 314 315 315 314 313 313 313 313 314 314 315 316 317 316 315 314 315 316 316 313 311 309 306 302 300 300 303 307 312 328 351 340 329 327
305 307 309 311 312 312 312 312 312 312 312 312 313 313 313 313 314 315 315 316 316 315 316 316 315 313 313 314 314 313 313 313 313 314 314 314 313 314 314 313 312 312 311 311 312 312 312 312 312 312 312 315 316 317 316 316 316 315 315 314 314 315 315 314 312 312 312 312 313 314 314 315 316 316 315 314 315 316 316 314 311 309 306 304 304 304 304 308 321 338 336 328 323 315
305 306 309 310 311 312 313 313 312 313 313 313 313 313 313 313 314 315 315 316 316 315 315 315 315 314 314 314 314 313 313 313 313 314 314 314 314 314 314 313 313 313 312 312 312 312 311 313 315 315 316 317 317 316 316 316 316 316 315 314 315 316 316 314 313 312 312 312 312 313 313 314 315 315 314 313 314 316 316 315 312 310 307 305 306 306 306 313 331 330 324 318 311 302
305 306 308 309 310 312 312 313 313 313 313 313 313 313 312 313 313 314 315 316 316 315 315 315 315 314 314 314 314 314 313 313 313 313 314 313 313 314 315 314 314 314 313 313 313 313 314 316 316 315 315 316 316 316 316 315 315 315 314 314 314 316 316 315 313 312 312 312 312 312 312 313 314 314 314 313 313 315 316 316 313 310 307 306 307 307 309 323 331 325 323 323 326 327
305 307 309 309 310 311 312 313 312 312 312 312 312 312 312 312 313 314 315 315 316 315 314 315 315 315 315 315 314 313 313 313 313 313 313 313 313 315 315 315 315 315 315 314 314 315 317 318 317 316 316 316 316 316 316 316 315 315 314 314 315 316 316 314 313 313 313 312 312 312 312 312 313 314 315 314 314 315 316 316 314 310 308 308 309 309 317 330 330 328 331 333 334 333
306 308 310 310 310 311 313 313 313 312 312 311 312 313 312 312 313 315 316 316 315 314 314 315 315 315 314 315 315 313 312 312 312 312 313 313 314 315 316 315 316 316 315 315 315 317 319 318 317 317 317 318 317 317 317 317 316 316 315 315 316 317 316 315 314 314 313 313 312 312 312 312 312 313 314 315 314 315 316 316 315 311 310 311 311 314 326 332 329 328 330 330 329 327
306 308 310 311 311 312 313 314 314 313 313 312 312 314 313 313 313 315 316 316 315 315 314 315 315 315 315 315 316 314 312 312 313 313 313 314 314 315 316 315 315 315 315 315 315 317 319 318 316 316 316 317 316 317 317 317 317 317 316 316 317 318 317 316 316 315 315 314 313 312 311 311 311 312 314 315 315 315 316 317 316 313 312 312 313 320 330 331 328 328 327 326 326 325
305 308 311 311 311 311 313 314 314 314 314 313 313 314 313 312 313 315 316 316 316 315 315 315 315 315 315 315 316 316 313 313 313 313 314 314 315 315 316 315 315 314 314 315 315 316 319 317 315 314 314 314 314 315 316 317 317 317 317 318 318 319 319 318 317 316 316 315 314 313 312 311 311 312 313 315 315 315 316 317 316 314 313 313 315 324 331 330 329 330 330 328 330 331
304 307 310 311 310 310 312 313 313 313 313 312 313 313 313 312 312 314 315 315 316 316 316 315 315 315 315 314 315 315 314 313 313 313 313 314 314 315 315 315 314 313 314 315 314 314 318 317 314 314 314 314 314 315 316 317 317 317 318 318 319 320 319 318 318 317 317 317 316 315 313 312 311 312 313 316 317 316 317 317 317 316 315 314 317 327 330 328 329 330 330 329 332 334
303 306 309 310 309 309 310 311 312 312 312 311 312 312 312 311 311 312 314 315 315 315 315 314 314 314 314 313 314 315 313 311 312 312 313 313 314 313 314 314 314 313 313 314 313 314 317 317 315 315 316 316 316 316 317 317 317 317 317 318 319 319 320 319 319 319 319 319 319 317 315 314 312 312 314 317 317 317 317 318 318 317 316 315 319 328 328 327 328 328 327 326 329 332
304 305 308 309 309 309 309 310 311 311 311 311 311 312 312 311 310 311 312 314 314 314 314 313 312 312 313 313 313 314 313 311 311 311 311 312 313 313 313 314 313 312 312 313 312 313 316 317 316 315 316 316 316 317 317 317 317 317 318 318 319 319 320 320 320 319 319 319 319 319 317 315 313 313 315 317 318 317 317 318 318 318 317 316 320 328 328 326 327 326 325 323 324 328
305 305 307 308 309 309 310 311 311 311 311 311 311 312 312 311 310 310 312 314 314 314 314 313 312 312 312 313 313 313 312 311 310 309 310 311 311 311 312 312 312 311 311 311 310 310 312 314 314 314 315 315 316 317 318 317 317 318 318 318 319 319 320 321 320 319 319 319 319 319 317 315 312 312 314 317 318 318 318 318 318 318 318 317 320 327 327 325 326 325 324 322 320 322
306 307 307 308 309 310 310 310 311 311 312 312 312 312 313 313 311 310 312 313 314 315 314 313 313 312 313 313 313 312 311 310 309 308 308 309 309 309 309 309 309 309 309 309 309 309 309 311 311 311 311 312 314 316 317 317 317 318 318 318 319 319 321 321 320 320 320 320 320 320 318 316 313 311 313 315 317 318 319 320 319 319 319 318 320 326 325 322 323 323 323 320 317 317
308 308 309 309 309 310 309 309 309 310 310 311 312 313 314 314 312 311 312 313 313 314 314 313 312 312 312 313 312 311 310 310 309 308 307 308 308 307 307 307 307 307 308 308 308 308 309 310 309 309 308 308 309 311 313 314 315 315 316 316 317 318 320 320 320 320 321 321 321 322 321 319 316 314 313 314 316 317 319 321 320 321 321 318 319 325 323 320 321 322 321 319 317 314
310 310 310 310 310 309 309 308 308 308 309 310 311 311 313 313 312 311 312 312 312 313 314 313 311 310 310 311 311 310 310 309 309 308 308 308 308 307 307 307 307 307 308 308 308 308 308 309 309 309 308 307 306 307 308 310 311 311 312 313 314 316 318 319 319 320 321 321 322 323 322 320 319 318 316 316 317 317 319 321 321 322 324 320 321 326 323 320 321 322 320 319 318 314
310 311 311 311 311 310 309 309 309 309 310 310 311 311 311 311 310 310 311 311 312 312 313 311 310 309 309 310 309 309 309 309 308 308 307 307 307 307 307 307 307 307 307 307 307 307 308 308 308 308 308 307 307 307 306 307 307 308 309 309 311 314 315 316 317 318 318 320 321 322 321 321 321 321 320 320 320 320 321 322 321 323 325 323 324 327 323 322 322 322 320 319 317 312
310 311 312 312 312 312 311 311 311 311 311 312 312 311 311 310 309 309 310 310 310 311 311 310 309 307 307 308 308 308 308 308 307 307 307 306 306 306 306 306 306 306 307 307 306 306 307 307 307 307 307 308 308 307 307 307 307 306 306 306 307 309 311 312 313 314 314 316 318 319 319 319 320 321 321 322 323 323 324 324 322 323 324 323 324 324 321 321 321 319 317 316 314 309
310 311 313 313 313 313 312 312 312 312 312 313 313 312 311 310 309 309 308 308 307 308 309 309 308 307 307 307 307 307 307 307 306 306 306 306 305 305 304 304 304 305 305 305 305 305 305 306 306 306 307 307 307 307 308 308 307 307 306 305 305 306 306 307 308 309 310 311 313 314 314 314 316 316 317 318 320 321 324 325 323 323 324 322 320 318 316 315 314 313 310 309 309 308
310 311 313 313 313 313 312 312 312 312 312 313 313 312 312 310 309 308 307 307 306 306 307 308 308 307 307 306 306 306 306 305 305 305 305 305 304 303 302 302 302 303 303 303 303 303 303 303 304 305 306 306 307 307 307 307 307 307 307 307 306 306 305 305 305 305 306 307 310 311 310 310 310 310 311 311 312 313 317 321 321 322 323 322 316 312 310 309 308 307 305 305 306 310
311 311 313 314 313 313 312 312 312 312 312 312 312 311 310 308 307 307 307 307 307 306 306 306 306 306 305 305 305 304 304 304 304 304 303 303 302 301 301 301 301 301 301 300 300 300 300 300 302 303 304 305 306 306 307 307 307 307 307 307 307 307 307 307 306 306 305 305 307 307 306 306 307 307 307 308 309 309 311 315 317 319 322 319 312 308 307 306 306 306 305 305 305 308
312 312 314 315 314 313 312 312 312 312 312 311 310 309 308 307 306 307 307 307 307 306 306 306 305 305 304 304 303 302 302 301 301 301 301 301 300 300 301 301 301 302 302 301 301 301 301 302 302 303 303 304 305 305 305 305 306 306 307 307 307 307 307 307 307 307 307 306 306 306 305 304 304 305 305 307 308 308 309 312 315 317 319 314 307 305 306 306 306 306 306 304 303 303
312 312 314 315 314 314 313 312 312 311 310 309 308 308 308 307 307 307 306 306 306 305 305 305 304 303 302 301 300 299 299 299 298 298 297 298 298 299 302 303 303 304 305 306 306 305 305 305 304 305 305 304 305 305 303 303 304 306 306 306 307 307 307 307 308 308 308 308 308 307 306 305 304 304 305 306 307 307 307 309 311 315 317 312 307 306 306 306 306 305 304 301 299 297
311 312 314 315 315 315 314 312 310 309 309 309 308 308 307 307 306 306 305 305 304 304 303 302 301 300 299 298 298 298 298 297 297 296 297 299 301 302 305 306 306 306 307 308 309 308 307 306 305 306 306 306 306 307 305 303 303 304 305 305 306 306 307 307 307 308 308 308 309 309 308 307 306 306 306 306 306 307 306 305 308 315 320 316 312 309 307 306 305 303 301 299 297 293
311 312 315 316 315 313 311 310 309 308 309 309 308 307 306 306 305 304 303 303 302 301 300 300 299 298 299 299 299 300 299 298 299 300 302 304 305 305 307 309 308 307 307 309 309 308 308 307 306 307 307 307 307 309 309 307 305 304 303 303 303 304 306 306 307 307 308 308 309 309 309 309 308 308 308 308 309 311 311 312 316 322 325 322 317 312 309 308 307 305 303 300 297 293
310 312 313 312 310 308 307 307 307 307 308 308 307 306 305 303 301 301 301 300 299 298 299 299 299 299 300 301 301 300 300 300 302 304 305 307 307 307 307 310 310 306 306 308 308 308 308 308 308 308 308 308 309 310 311 310 308 306 304 303 302 302 304 305 306 307 308 308 309 309 310 310 310 309 310 310 312 315 317 318 321 326 328 327 324 318 313 312 311 310 308 305 302 299
310 310 310 309 309 308 307 307 307 306 307 307 305 304 302 300 299 299 299 299 298 298 299 300 300 301 302 302 302 301 301 302 303 304 305 305 306 306 307 311 311 306 306 307 307 308 308 308 309 309 310 310 310 311 312 312 311 309 307 306 304 303 304 305 305 306 307 308 309 309 310 310 310 310 311 312 313 315 317 318 320 324 328 330 330 325 320 317 316 316 315 312 309 307
313 313 312 311 311 310 309 308 307 306 305 304 302 300 300 299 300 300 300 300 300 300 300 301 302 302 302 302 304 303 302 303 303 303 303 303 304 305 307 311 312 308 307 307 308 308 308 308 308 309 310 311 311 312 312 313 313 311 309 308 307 307 307 307 305 305 307 308 308 309 309 310 311 311 311 312 313 314 316 317 319 322 326 329 331 329 326 323 321 321 320 319 316 314
320 318 316 313 311 310 308 306 305 304 303 302 300 300 301 301 302 301 302 302 301 301 301 303 304 304 303 303 305 305 303 302 302 301 301 303 305 307 308 312 314 309 306 306 307 307 307 307 308 309 309 310 311 312 313 313 314 313 310 308 308 309 309 308 307 306 307 307 308 309 309 310 311 311 311 312 313 314 315 316 317 319 323 326 328 328 328 328 327 326 325 324 323 321
325 322 316 311 308 307 305 304 303 304 303 303 302 302 303 303 303 303 303 302 302 302 303 304 304 305 305 304 306 307 304 301 299 300 302 305 308 310 312 315 317 309 303 303 304 304 305 306 307 308 309 310 311 312 314 314 315 315 311 308 307 308 309 310 310 310 309 308 307 308 309 310 310 311 311 311 312 313 314 315 315 317 320 322 324 325 325 327 331 332 331 330 328 326
334 328 317 310 308 307 306 306 307 307 307 306 306 305 305 305 306 306 304 303 304 305 306 305 304 305 306 306 305 307 306 302 300 302 305 309 312 313 314 317 317 306 299 299 300 302 303 305 306 307 308 309 311 312 314 316 317 316 313 310 308 308 309 310 311 312 312 311 310 309 309 310 310 310 311 311 311 312 313 314 314 315 317 319 321 323 323 324 328 333 336 335 332 329
347 339 325 319 317 316 314 314 314 312 310 309 308 307 307 307 308 308 307 306 306 307 307 306 305 306 308 305 304 307 309 307 304 306 309 312 313 314 316 320 316 304 298 298 300 302 304 305 307 308 309 310 311 312 314 316 317 317 316 313 311 311 310 309 309 309 308 310 310 310 310 310 309 309 310 311 311 311 312 313 314 315 316 317 318 319 320 321 323 327 333 336 335 332
354 344 331 326 324 323 321 320 318 315 312 311 310 309 308 308 309 309 308 307 307 308 308 306 306 307 309 306 303 305 309 308 304 305 309 312 314 316 323 327 316 305 300 300 302 304 306 307 308 309 310 311 312 313 314 317 318 317 316 315 314 313 313 311 310 307 304 305 306 307 309 309 309 308 309 310 311 311 312 313 314 315 315 316 316 317 317 317 318 321 325 331 334 334
351 344 334 328 326 325 325 324 320 316 313 312 312 310 309 309 310 309 308 308 308 308 307 306 305 306 307 306 302 301 305 305 303 303 307 311 313 319 333 334 318 309 306 304 305 307 308 309 310 311 312 313 314 315 316 318 318 317 317 316 315 315 315 315 315 312 308 307 307 307 308 309 309 309 308 309 309 310 312 313 313 314 315 315 316 317 316 315 314 317 320 322 327 331
348 342 334 329 327 326 326 325 321 317 315 314 314 312 312 312 312 310 309 309 309 308 307 305 304 302 302 303 303 302 304 306 305 305 306 308 312 323 340 337 321 314 312 311 310 310 310 310 311 312 313 314 315 316 317 318 318 318 317 317 317 316 316 317 319 318 314 313 314 312 311 311 311 311 310 309 309 310 311 312 313 314 314 315 315 317 317 316 314 314 315 315 317 321
348 342 334 330 328 327 326 325 320 317 315 315 315 315 314 315 314 312 309 309 309 308 307 306 301 297 297 303 308 307 307 310 311 310 309 309 313 327 343 337 320 313 313 313 312 312 311 311 312 313 314 315 316 318 319 318 318 319 318 317 318 318 317 319 320 319 317 317 319 319 316 314 313 313 312 310 310 311 311 312 313 313 314 314 315 315 317 317 316 314 312 312 312 312
348 342 334 330 328 327 325 322 318 315 315 315 315 315 315 315 314 311 308 309 309 309 308 305 297 294 298 307 315 312 310 314 316 315 314 314 318 333 347 336 317 310 311 312 312 312 312 312 313 314 314 315 317 319 319 318 318 319 319 317 317 318 319 319 320 320 317 317 320 322 321 318 317 316 314 312 312 312 312 313 314 313 313 313 314 314 315 316 315 314 313 313 311 310
350 345 336 332 329 326 323 320 317 315 314 313 313 314 313 313 313 310 307 308 309 310 309 302 296 301 307 314 321 317 313 316 318 318 319 319 323 339 350 336 317 309 309 311 311 311 311 312 313 314 314 315 318 320 320 319 319 320 320 318 317 318 319 319 320 319 317 317 320 323 322 321 320 319 316 314 312 312 312 313 314 313 312 312 312 313 314 314 314 313 314 315 314 312
358 352 342 337 332 328 324 321 317 315 313 312 313 314 312 311 312 310 308 308 310 313 312 303 304 310 314 320 324 320 317 318 319 319 320 321 325 341 349 335 317 310 309 310 310 309 310 311 312 313 314 315 318 320 320 320 320 321 321 319 318 318 320 320 319 318 317 316 319 321 321 321 321 320 318 314 311 309 308 309 311 312 311 310 311 311 312 312 312 311 312 313 314 314
5 357 347 341 336 330 325 322 318 316 315 315 315 315 314 311 311 310 309 308 310 318 315 307 311 314 316 320 322 319 317 317 317 317 319 321 326 339 346 332 315 310 310 310 309 308 309 311 312 313 313 315 317 319 320 320 320 321 321 320 318 319 320 320 319 317 316 316 318 320 320 320 321 321 320 316 311 306 304 304 307 309 309 309 309 310 311 311 311 311 311 311 312 314
9 1 350 343 338 332 328 324 321 319 318 317 316 316 316 313 311 309 307 307 313 319 310 309 313 315 315 316 316 315 315 315 316 317 319 321 328 340 345 328 313 309 309 310 309 308 308 311 312 313 313 314 316 318 319 320 320 321 321 320 319 319 320 320 319 317 316 317 318 319 319 319 321 322 321 319 314 308 304 302 303 305 307 307 308 308 309 310 311 311 311 311 312 313
11 3 351 344 338 334 331 328 324 321 318 317 316 317 317 314 309 307 306 309 317 313 307 309 313 314 314 314 314 313 314 315 316 317 319 322 329 342 344 327 313 309 308 308 308 307 308 310 312 313 313 313 315 316 318 319 321 321 321 320 320 320 320 321 320 318 317 318 319 319 319 319 321 322 323 321 317 312 309 306 303 302 303 304 305 307 308 309 310 311 312 313 313 313
