data/real/Dogrib_v624/conserv_mass/windninja_270_30_100m_ang.asc
NCOLS 357 
NROWS 223 
XLLCORNER 457900 
YLLCORNER 5716800 
CELLSIZE 100 
NODATA_value -3.4e+38 
[rows 84 to 125 of 223, columns 0 to 93 of 357]
271 271 271 271 269 268 267 268 269 269 268 268 269 269 269 270 270 271 272 272 271 273 275 273 269 268 268 269 269 269 269 270 270 270 270 271 272 273 274 273 271 270 270 269 268 267 268 269 270 268 266 264 262 262 266 270 270 270 270 271 271 272 271 271 271 273 274 276 277 279 280 281 281 281 281 283 286 288 286 283 281 280 280 277 269 261 257 257 256 247 230 226 237 251
270 270 271 271 270 269 268 267 268 269 269 268 268 268 269 269 270 270 271 272 272 272 273 274 272 269 268 268 268 268 268 269 270 270 270 270 271 272 273 273 272 271 271 271 270 269 269 268 265 263 265 266 265 267 269 270 270 269 269 270 271 271 271 271 271 271 273 275 277 278 280 281 282 281 280 281 284 287 287 284 281 278 277 274 270 264 261 259 252 235 229 238 254 261
270 269 270 270 271 270 269 268 268 269 269 268 268 268 268 269 269 270 270 272 272 271 271 273 273 271 269 268 268 268 268 268 269 270 271 270 271 271 271 271 272 272 272 272 272 271 270 266 261 261 265 268 270 270 270 269 269 269 269 269 270 270 270 270 270 271 272 274 276 278 279 281 282 282 281 280 282 285 286 285 281 279 276 273 269 266 263 257 241 231 238 250 256 259
269 269 269 269 271 271 270 269 268 268 268 269 268 268 268 268 269 270 270 271 271 270 270 272 273 272 270 268 268 268 268 268 269 270 271 271 271 270 269 270 271 271 271 272 273 272 269 264 263 265 267 269 270 271 270 269 269 269 269 268 269 269 269 269 270 270 272 273 275 277 278 280 282 283 281 280 280 283 285 284 282 280 277 273 269 266 262 250 236 241 250 253 252 254
269 269 268 269 270 271 271 270 269 267 267 268 268 268 268 268 268 269 270 270 270 270 270 271 271 272 272 270 268 268 268 268 269 270 271 271 271 269 269 270 270 271 271 272 273 272 268 266 268 269 268 268 269 270 270 269 269 269 269 268 268 268 268 269 269 270 271 272 273 275 277 279 281 283 282 281 280 282 283 283 282 280 277 273 269 266 259 244 241 251 254 252 251 253
269 269 268 268 269 271 272 271 270 268 267 267 268 268 268 268 269 269 269 269 269 270 270 270 271 271 272 271 270 268 268 269 269 269 270 271 271 271 270 270 270 270 271 271 271 271 270 270 270 270 268 268 268 269 269 269 269 268 268 268 267 266 267 268 269 270 270 270 271 273 276 278 280 282 283 282 281 281 282 282 281 279 276 273 270 266 255 244 249 255 255 255 256 256
270 269 268 268 268 270 271 271 270 269 267 267 268 268 268 268 269 269 267 267 268 270 270 270 270 271 271 271 271 269 269 269 269 269 270 270 271 272 272 271 270 271 271 270 270 270 272 272 272 270 269 267 267 268 268 269 268 268 268 268 267 266 267 268 269 270 269 269 270 271 274 276 279 282 284 284 282 281 281 282 280 278 276 274 271 265 254 250 256 259 261 263 264 263
271 271 270 268 268 268 269 270 270 269 268 268 268 268 268 269 269 268 266 266 267 269 269 270 270 270 270 271 271 270 269 269 269 270 270 270 271 272 273 272 271 271 271 270 270 271 272 272 272 271 270 269 268 267 267 268 268 268 268 267 267 267 267 268 268 269 269 269 269 269 271 274 278 281 284 285 283 281 281 281 280 278 275 274 272 266 258 259 262 263 265 269 270 267
270 271 271 270 268 267 267 269 269 269 269 269 268 268 268 268 267 267 267 267 267 268 268 269 270 270 270 271 272 271 270 269 270 270 270 270 270 271 272 272 272 271 271 271 271 271 271 270 270 271 271 271 269 268 268 268 269 269 268 267 267 268 268 268 267 267 268 268 267 268 269 272 275 279 283 285 284 282 281 281 280 278 275 274 272 269 265 266 266 265 267 271 274 272
270 270 270 270 269 267 267 267 269 270 270 270 269 268 267 266 266 266 268 268 268 267 267 268 269 270 270 271 272 272 271 270 270 270 271 271 270 270 271 272 272 272 272 271 271 271 271 270 269 270 271 272 271 270 270 269 269 269 268 268 268 268 268 268 267 267 267 267 266 267 267 269 272 277 281 285 285 284 282 281 280 278 275 274 273 273 272 273 271 270 270 273 277 278
269 269 269 270 269 268 267 267 268 270 270 270 269 268 267 265 265 266 268 269 269 268 267 267 267 269 270 270 271 273 272 271 271 271 271 270 270 270 270 271 272 273 272 271 271 270 271 272 271 270 271 272 273 272 271 270 270 269 269 269 269 269 268 268 267 267 266 266 266 266 266 267 270 274 279 282 285 285 283 282 280 278 276 275 274 275 277 278 277 276 275 275 278 284
269 269 268 269 269 268 268 268 268 269 270 270 269 268 267 265 265 267 269 269 269 268 267 266 267 268 270 271 271 272 273 272 271 271 271 270 270 270 270 271 272 272 272 272 271 270 272 274 273 271 271 272 273 273 272 271 270 270 270 270 270 270 269 268 268 267 267 267 266 266 265 266 268 271 275 279 282 284 284 283 281 279 277 276 275 278 280 280 281 281 279 277 281 287
269 269 268 269 269 269 269 269 269 269 269 269 269 268 267 266 266 267 268 269 269 268 266 266 267 268 270 271 271 271 273 273 271 271 271 270 270 270 271 271 271 271 271 271 271 271 272 275 275 274 273 273 273 273 273 272 271 271 271 271 271 271 270 269 268 267 267 267 267 267 265 265 266 268 271 275 278 281 283 283 282 281 279 277 277 279 280 281 284 284 282 281 282 287
270 270 270 269 270 270 270 270 270 270 269 268 268 268 267 267 267 267 267 268 268 268 267 267 267 268 269 270 270 270 272 272 271 270 270 270 270 271 271 271 271 270 270 270 271 271 273 275 276 277 276 275 274 273 274 274 273 272 272 272 272 272 271 270 269 268 267 267 267 267 266 265 265 266 268 272 276 279 281 282 282 282 281 278 277 279 280 282 285 286 286 284 282 285
270 271 271 271 270 270 270 270 270 270 269 269 268 268 268 268 268 266 265 266 267 269 268 268 267 268 268 268 269 269 270 271 271 270 270 270 270 271 271 271 271 270 270 270 271 272 273 274 276 277 278 277 276 275 276 276 274 273 273 273 273 272 271 271 270 270 268 268 267 267 266 266 264 263 264 268 273 277 280 282 282 282 281 278 277 278 280 282 285 288 288 286 283 283
270 271 271 271 270 270 270 270 270 270 270 270 269 269 270 270 269 266 264 264 266 268 270 269 268 267 267 267 268 269 269 270 270 270 269 269 270 270 270 270 271 271 271 271 271 272 273 273 275 276 276 277 277 277 277 277 277 276 275 274 274 274 273 273 273 272 271 269 268 267 267 266 264 261 261 264 269 274 278 281 282 281 280 277 276 277 280 283 286 289 290 289 286 282
270 270 270 270 270 270 270 270 270 270 270 270 270 270 270 270 269 267 265 264 264 266 269 269 268 267 266 267 268 268 269 269 269 269 269 269 269 269 270 270 270 271 272 272 272 272 272 273 274 275 275 275 276 277 277 278 279 278 278 277 276 276 276 276 275 274 273 272 270 269 268 268 266 263 261 261 263 268 274 278 280 281 280 277 275 277 281 284 286 289 290 290 288 282
270 270 270 269 269 269 270 270 270 270 270 270 270 270 269 269 269 268 267 266 265 265 266 268 268 267 267 267 268 268 268 268 269 269 269 268 269 269 269 270 270 271 272 272 272 272 273 273 274 274 274 275 275 276 277 278 279 279 279 279 278 278 279 279 278 277 276 275 274 272 270 270 269 267 264 261 260 262 266 271 275 278 279 276 275 278 281 283 285 286 287 287 286 281
270 270 270 269 269 269 270 270 270 269 269 269 270 269 267 267 268 268 267 267 266 265 265 266 267 268 268 268 268 268 268 268 268 268 268 268 268 268 268 269 270 271 272 272 273 273 273 273 274 274 275 275 275 275 276 277 277 278 279 279 279 279 280 280 280 280 278 277 277 275 274 273 272 271 268 264 261 259 260 262 266 272 275 275 275 278 280 280 281 282 282 283 284 281
269 269 270 270 269 270 270 270 270 269 269 269 269 267 266 266 266 266 266 267 267 266 266 266 267 267 268 268 267 267 268 268 268 268 268 267 267 267 268 269 270 271 272 272 273 273 273 273 274 275 275 275 275 275 276 276 277 277 278 278 279 279 279 280 281 282 281 280 279 279 277 275 274 273 271 268 264 261 259 259 261 264 268 271 273 276 277 278 278 279 280 281 284 286
269 269 270 270 270 269 269 270 270 269 268 267 267 266 266 265 265 265 266 266 266 267 267 266 267 267 267 267 267 267 267 267 268 268 267 267 266 266 267 269 270 270 271 271 272 273 273 273 275 276 276 276 276 276 276 276 276 277 277 278 278 278 279 279 280 282 282 282 282 282 279 277 276 274 272 271 268 264 260 259 260 260 261 265 270 272 275 276 278 279 280 281 284 288
270 269 269 270 269 269 269 269 269 269 267 265 264 264 265 265 265 265 265 266 266 266 267 267 267 267 267 267 267 267 267 267 267 267 267 266 266 266 267 268 269 269 270 271 271 273 274 275 275 276 276 277 277 277 276 276 277 277 277 278 278 278 278 279 279 280 281 282 282 283 281 279 277 275 274 272 270 267 262 260 259 257 255 259 267 271 274 276 278 279 280 281 281 284
270 270 269 269 269 269 269 268 267 267 266 264 263 263 265 265 265 265 265 266 266 266 266 266 266 266 266 266 266 266 266 267 267 266 266 266 267 269 270 269 268 269 270 271 271 272 274 275 275 276 276 277 277 277 276 277 278 278 278 278 278 278 279 279 279 280 280 281 281 282 282 280 279 277 276 274 273 270 265 262 259 254 252 257 264 270 273 276 278 279 280 279 278 278
270 270 270 270 269 269 268 266 264 264 264 263 263 264 264 265 265 265 265 265 265 265 265 265 265 265 265 265 266 266 266 266 265 266 266 268 270 272 272 271 269 269 271 271 271 271 272 273 274 275 275 275 276 276 276 276 278 279 279 278 278 279 279 279 279 280 280 280 280 281 281 280 279 278 277 275 273 271 267 264 261 257 255 258 261 265 270 274 277 278 278 277 276 274
270 270 270 270 269 268 266 264 262 262 262 263 264 264 264 264 264 265 265 265 265 264 264 264 264 264 265 265 266 266 265 265 265 266 268 271 272 273 274 273 271 270 271 272 272 271 270 270 272 274 275 275 275 277 276 274 274 277 279 279 279 280 280 280 280 280 280 280 280 280 281 280 279 278 277 276 274 272 268 265 263 262 261 259 258 260 265 270 274 275 276 275 274 272
270 270 269 268 267 266 265 264 263 262 262 263 264 264 263 263 263 264 265 264 264 264 264 264 264 265 266 266 266 265 265 265 267 268 270 272 273 273 273 274 272 270 271 272 272 272 271 270 270 271 274 275 275 277 277 274 271 272 275 278 279 281 282 282 281 281 281 281 281 280 281 281 279 278 277 277 276 275 273 269 267 266 264 260 256 256 260 266 270 272 272 272 271 269
270 269 267 266 266 265 265 265 264 263 263 263 263 262 262 262 263 264 264 264 264 264 264 265 265 266 266 266 265 264 265 267 269 270 272 273 274 274 274 274 272 271 271 271 272 273 273 272 271 270 272 274 276 276 277 276 272 269 270 273 277 280 282 283 283 283 282 282 281 281 281 281 280 279 278 278 278 278 278 275 271 269 268 263 257 254 256 260 265 268 268 267 267 267
269 268 267 266 266 266 266 265 264 264 263 262 262 261 261 262 263 263 264 264 264 264 265 266 267 267 267 266 266 265 266 268 269 271 272 273 274 275 275 275 273 271 271 271 272 273 273 274 273 272 271 272 274 275 275 276 275 271 268 269 273 277 280 282 283 284 284 283 283 282 282 282 281 280 279 279 279 279 280 279 277 275 273 271 264 257 253 255 259 263 264 263 264 265
269 268 267 267 266 266 265 264 264 263 263 261 261 261 263 264 264 263 263 263 264 265 266 267 268 268 266 267 267 266 266 267 268 270 272 274 276 276 276 276 275 271 270 271 272 272 273 275 275 275 273 272 272 274 275 275 275 273 269 269 271 273 275 278 280 282 284 285 284 284 283 282 282 282 281 280 279 280 281 282 282 280 279 278 276 267 257 252 252 256 261 262 261 262
269 268 266 266 267 266 265 264 264 264 263 261 261 262 264 265 265 264 262 262 264 266 267 268 268 268 267 267 268 268 266 264 266 269 273 276 278 278 278 277 273 269 269 270 271 272 274 275 276 276 276 274 272 272 274 275 275 274 271 270 270 271 272 275 278 280 282 283 285 285 285 284 283 282 282 281 280 280 281 283 284 284 284 285 285 281 270 257 250 250 254 259 260 262
268 266 264 266 267 267 266 266 265 264 263 262 263 264 264 265 265 264 262 262 264 267 268 267 267 269 269 267 268 269 266 263 265 271 276 279 280 279 278 274 267 265 267 269 271 273 275 276 277 277 277 276 275 273 273 274 274 274 273 271 269 269 271 275 277 278 279 281 282 284 286 286 284 283 283 282 281 281 282 282 283 285 288 289 291 290 284 273 259 251 249 252 258 262
267 266 265 266 267 267 268 267 265 263 263 264 265 265 265 265 265 263 262 264 266 267 266 265 267 269 269 268 268 269 269 266 267 272 277 279 279 279 276 267 261 263 266 268 272 275 277 278 278 278 278 278 278 276 274 273 273 274 274 272 269 268 269 271 274 276 278 279 280 282 284 286 286 285 284 283 283 282 282 282 283 285 289 292 294 295 293 287 277 262 252 250 254 260
268 268 267 266 265 266 267 265 262 261 263 265 266 266 265 265 263 263 264 266 267 265 263 264 267 268 268 267 267 270 273 274 272 273 275 276 277 277 270 258 259 263 265 268 272 276 278 279 279 279 279 279 279 278 277 275 274 274 275 273 271 269 267 266 267 271 275 279 281 280 281 283 285 285 285 285 284 283 283 283 284 285 288 291 294 297 298 295 289 280 268 257 255 256
269 269 268 267 266 265 263 260 259 261 264 265 266 266 266 264 263 264 267 268 266 263 263 265 266 265 266 267 266 269 275 279 278 276 275 275 277 276 263 252 258 263 266 268 272 275 278 279 280 281 281 280 280 279 279 277 276 275 275 275 273 270 267 264 262 263 268 275 280 281 281 282 283 284 285 286 286 285 285 285 285 286 287 290 293 297 300 299 297 293 287 275 263 258
269 269 268 268 266 263 259 257 258 261 264 265 265 265 265 264 264 265 268 268 265 263 264 265 263 262 264 267 267 268 274 281 282 279 276 275 277 275 260 252 258 264 268 270 270 272 275 278 280 281 282 282 281 280 279 279 278 277 275 276 275 272 269 266 262 261 263 268 274 278 280 281 282 282 283 285 286 287 287 286 286 286 287 289 292 296 299 300 300 300 297 289 279 268
270 270 269 268 264 260 257 257 259 262 264 265 265 264 264 265 265 265 266 266 264 264 264 261 258 259 263 271 274 272 275 281 283 280 277 276 277 275 263 257 262 267 271 271 269 268 270 274 278 281 282 283 283 281 279 279 280 280 277 275 275 274 271 268 266 264 264 265 267 271 274 278 280 281 281 282 285 287 288 289 288 288 288 289 291 295 299 301 300 301 301 297 291 281
270 270 269 265 262 259 258 259 262 264 264 265 265 264 264 265 265 264 263 263 265 267 262 255 253 258 266 276 282 278 278 280 281 280 279 277 277 275 264 261 266 270 272 271 268 267 268 270 274 278 281 283 284 283 280 280 281 281 279 276 275 275 274 271 270 268 266 265 264 264 267 272 276 278 279 280 282 285 288 290 291 290 289 289 291 293 297 301 301 300 301 301 298 290
269 268 266 264 261 260 260 262 264 265 265 265 266 266 265 265 264 262 261 263 266 265 257 251 254 264 274 281 286 283 281 280 279 279 280 278 275 271 260 264 268 270 272 272 270 269 268 268 270 273 278 282 285 284 282 281 281 281 280 278 276 276 276 274 273 272 269 266 264 262 263 266 269 273 275 277 279 282 286 290 292 291 290 290 291 292 295 299 301 301 300 302 301 297
268 266 264 262 261 262 263 264 265 265 265 265 266 267 266 265 264 263 262 264 265 258 250 254 266 277 280 281 284 284 281 279 279 279 279 276 272 266 260 266 268 269 269 271 272 272 271 269 268 270 274 279 283 286 286 283 282 281 280 279 277 277 277 276 275 274 272 268 265 262 262 262 264 266 269 271 274 278 282 287 291 293 291 291 291 293 294 297 299 301 301 301 302 300
267 266 263 262 261 263 264 265 265 265 265 265 266 266 265 264 264 265 265 265 261 251 250 267 280 283 282 280 280 281 280 278 278 277 276 274 270 265 262 268 269 268 267 268 271 272 273 272 270 269 270 274 280 285 287 286 283 281 280 280 278 277 277 277 275 274 273 270 266 264 263 262 261 261 262 264 267 271 277 282 289 294 295 293 293 293 295 296 297 299 301 302 303 302
268 266 263 261 262 263 264 264 265 265 265 265 265 264 263 262 263 266 268 265 257 250 264 279 284 283 280 277 277 278 278 278 277 276 274 273 270 263 259 267 270 270 268 267 268 271 274 275 274 270 268 270 275 282 287 288 285 283 281 280 279 278 277 277 276 274 274 272 268 266 264 262 260 259 258 258 259 263 269 275 284 292 297 296 295 295 296 296 297 299 300 303 304 304
268 267 264 262 262 263 263 263 263 264 264 264 264 263 261 259 261 265 269 266 257 260 277 284 283 280 277 276 275 277 278 278 277 274 273 272 269 260 257 267 270 271 270 268 268 270 272 275 276 273 270 269 271 276 283 288 288 285 283 281 280 278 277 277 276 275 273 272 269 267 265 263 260 258 256 255 256 258 261 266 274 284 293 298 299 299 298 299 299 300 300 302 304 306
