data/real/Dogrib_v624/conserv_mass/windninja_360_30_100m_ang.asc
NCOLS 357 
NROWS 223 
XLLCORNER 457900 
YLLCORNER 5716800 
CELLSIZE 100 
NODATA_value -3.4e+38 
[rows 51 to 101 of 223, columns 96 to 191 of 357]
351 357 2 5 8 9 10 15 18 17 13 8 4 6 11 17 11 357 345 338 337 341 345 345 345 345 346 347 347 348 348 349 349 349 349 350 350 350 351 351 351 350 349 348 348 352 358 4 5 2 356 352 352 353 353 354 355 359 7 10 5 1 3 3 2 3 7 12 15 15 12 5 359 358 359 3 4 1 358 357 359 360 358 353 351 351 351 352 354 1 9 11 9 4 359 355
347 353 359 4 8 6 3 2 2 4 8 12 14 14 16 15 2 346 336 330 335 346 355 352 344 341 342 345 347 348 348 348 348 349 350 350 350 351 351 351 351 351 351 350 349 351 354 358 2 3 0 355 352 352 353 354 355 357 3 7 6 3 3 3 360 358 1 6 13 17 17 11 2 360 3 6 5 0 356 354 356 357 356 355 354 354 354 355 357 360 2 5 8 9 4 357
349 353 357 1 3 359 349 345 352 2 10 15 19 19 16 10 359 346 331 325 333 352 1 350 340 339 342 346 349 349 348 347 348 349 350 350 351 351 352 352 352 352 352 351 350 349 350 353 360 4 4 358 352 351 352 354 355 356 359 5 7 4 2 1 358 356 358 2 8 15 18 16 10 7 8 6 2 358 356 353 353 354 355 356 357 356 355 356 357 357 357 358 3 8 8 3
350 353 357 358 356 345 337 339 348 4 13 16 19 21 19 13 3 350 335 329 336 352 351 344 344 346 347 349 350 348 347 347 348 349 350 350 351 352 353 353 353 352 352 351 350 348 347 349 355 3 7 3 355 351 352 353 354 355 358 4 7 4 1 358 357 356 358 1 7 12 16 19 19 15 8 3 360 360 357 352 349 351 356 358 358 356 356 356 356 355 354 354 357 3 8 8
349 352 355 356 349 335 333 338 350 3 11 14 17 19 20 19 13 357 343 340 344 348 347 348 352 354 352 350 347 346 346 347 348 349 350 350 351 352 354 354 353 353 353 352 350 347 346 346 351 359 5 5 0 353 352 352 353 354 356 2 6 5 359 357 357 358 359 3 7 9 11 17 21 18 8 2 2 1 355 349 347 350 357 2 1 358 357 356 356 354 352 351 353 357 4 9
351 349 350 350 340 335 337 344 351 358 6 11 13 15 17 17 15 9 357 351 352 353 354 359 358 351 349 348 345 345 347 348 349 350 351 351 352 353 354 354 354 355 354 353 351 348 346 346 349 354 359 4 3 357 352 352 352 353 354 359 5 5 359 357 357 359 1 3 5 5 5 10 16 17 13 7 4 358 351 348 347 350 358 5 6 4 360 356 354 352 351 350 352 355 359 5
355 349 348 344 338 338 346 353 352 355 2 7 9 11 12 12 13 14 11 4 1 5 9 359 344 340 343 345 346 348 349 350 351 351 352 352 353 354 354 354 355 356 355 354 353 351 349 348 349 351 354 359 3 360 354 352 352 352 352 356 2 5 1 358 358 359 0 1 1 0 1 4 10 16 18 12 3 356 352 351 351 353 360 9 12 8 360 353 350 350 350 351 352 353 356 359
358 351 348 344 342 347 356 359 357 353 355 0 5 9 10 8 9 15 20 19 11 9 4 348 340 341 343 344 347 350 352 353 353 354 354 354 354 355 354 354 355 356 355 355 355 354 353 352 351 350 350 353 359 360 356 353 351 351 351 353 359 4 3 359 357 358 359 359 357 357 359 2 6 13 17 14 6 359 356 356 356 358 3 9 11 5 354 348 347 349 350 351 352 352 354 356
358 351 346 345 350 1 7 5 360 349 345 353 3 9 9 7 7 14 25 28 21 5 352 348 348 349 349 348 349 352 354 355 355 356 356 356 356 355 354 354 355 355 356 356 356 356 356 356 354 351 349 350 353 357 358 354 352 351 351 351 355 3 4 360 357 357 358 358 356 356 359 1 3 7 13 16 11 4 360 357 357 0 5 7 6 0 353 349 349 350 352 352 353 353 353 354
355 350 346 349 3 15 17 13 4 351 341 348 2 7 6 6 8 15 27 30 25 9 353 352 357 359 356 353 353 354 356 357 358 358 358 358 357 356 355 355 355 356 356 356 357 357 358 356 354 353 351 350 351 354 357 355 352 351 351 351 352 358 3 1 358 357 358 357 355 356 358 359 1 5 11 15 13 7 0 357 357 360 4 5 3 1 359 356 354 354 355 355 354 354 354 356
348 345 347 356 10 20 22 17 9 0 352 355 1 3 5 10 18 24 26 25 20 12 3 359 4 3 356 354 355 357 359 359 359 359 360 359 358 357 357 357 357 357 357 357 358 358 358 356 354 354 354 353 351 353 355 355 352 351 350 351 350 353 360 2 359 357 356 355 356 357 357 358 1 5 6 8 10 8 2 359 358 357 359 2 2 4 6 4 360 358 358 357 356 356 358 2
342 339 347 359 11 20 23 19 13 8 8 9 5 4 11 22 28 26 19 11 10 13 13 9 6 357 351 352 356 358 360 1 1 1 360 359 359 359 358 358 358 357 357 358 359 358 357 355 354 355 357 356 354 352 353 354 354 351 348 347 348 350 356 0 0 358 355 354 355 357 358 360 1 360 0 5 11 11 5 2 358 353 353 357 1 5 9 9 4 2 1 359 358 358 1 7
342 340 347 360 12 19 20 18 16 20 29 30 26 19 17 18 18 16 12 4 0 11 18 15 8 2 359 359 0 1 2 2 2 1 360 359 359 359 359 359 358 358 358 359 359 358 356 355 355 357 359 359 357 354 354 355 356 354 348 344 344 346 351 356 359 357 354 353 354 357 358 358 356 356 1 8 12 10 6 3 359 354 352 353 359 4 9 10 8 5 3 1 360 360 1 5
344 348 354 0 11 16 16 18 25 36 42 41 26 6 359 3 10 15 15 7 352 354 13 15 13 12 12 10 8 7 5 4 2 1 0 359 358 358 358 358 358 358 359 359 358 357 356 356 357 359 0 1 359 358 357 357 357 354 351 347 344 344 346 350 354 355 354 352 354 356 355 354 354 360 5 6 8 11 8 3 1 358 354 353 356 2 7 11 10 6 4 3 1 360 359 1
344 358 5 5 8 14 17 29 42 46 43 29 6 355 356 6 17 22 20 15 359 335 340 3 20 25 22 19 16 12 8 5 2 0 360 359 357 357 358 358 358 358 359 359 357 356 356 357 359 360 0 1 2 2 2 1 357 353 350 350 349 347 347 347 348 350 351 351 352 353 353 353 357 3 3 4 9 13 9 2 1 0 357 355 356 360 5 9 10 7 4 3 2 360 358 358
344 4 10 10 10 17 29 48 55 47 29 8 355 355 5 17 22 19 16 13 7 354 338 345 19 34 32 27 19 11 6 3 360 358 358 358 357 357 358 358 359 359 358 357 356 356 357 358 360 0 1 2 5 7 8 5 357 350 348 349 350 350 350 349 347 344 346 349 350 350 352 356 0 3 3 4 7 9 8 3 1 1 0 359 360 1 2 5 7 6 4 2 1 1 359 358
346 1 11 14 18 29 46 51 43 24 6 356 356 5 17 21 18 14 12 11 9 6 3 3 25 46 37 17 6 2 359 358 357 357 357 357 357 357 357 358 359 358 358 357 357 357 359 360 1 1 2 4 8 11 9 5 357 350 347 348 350 351 352 352 349 343 341 344 348 349 352 357 1 1 0 358 358 5 10 9 5 4 3 3 5 5 2 2 4 4 1 0 1 2 2 1
350 357 9 21 32 46 47 32 14 2 357 358 7 19 23 20 13 10 10 13 15 18 21 24 27 22 4 355 354 354 354 355 356 357 357 357 357 357 358 358 358 357 357 357 358 359 0 2 2 3 4 7 10 11 7 3 357 351 348 349 351 352 354 354 351 345 341 340 343 347 352 357 357 356 354 351 353 3 15 15 9 4 3 3 5 6 5 3 0 358 357 360 2 4 5 7
355 0 12 29 40 40 26 9 359 355 360 11 22 25 21 13 6 4 7 16 25 33 38 28 10 355 352 352 349 348 351 354 355 356 356 356 356 357 358 358 358 357 356 357 358 360 1 3 4 4 6 7 8 8 6 1 356 352 351 351 352 353 355 356 354 349 344 341 339 342 348 352 352 350 349 348 353 3 15 16 9 5 3 2 2 6 8 6 0 358 360 3 6 8 10 11
357 5 16 26 27 17 7 359 357 5 20 35 38 28 14 5 359 359 4 18 29 31 25 7 355 352 352 348 344 346 350 353 354 355 355 356 356 358 358 358 358 358 357 357 358 360 2 3 4 5 5 6 5 6 5 2 356 353 353 353 353 354 354 356 356 354 349 345 341 339 341 345 346 346 346 350 355 2 8 11 8 6 6 5 3 5 8 8 4 5 9 11 12 13 13 13
359 7 16 18 12 5 1 3 18 39 55 64 61 39 7 355 354 357 5 17 28 31 25 6 353 349 343 343 347 352 353 353 353 354 355 356 356 357 357 358 358 358 358 359 359 0 2 3 3 4 4 3 2 3 4 2 358 355 355 354 353 354 354 355 357 358 354 348 344 340 337 337 340 343 346 350 356 360 3 6 5 5 8 9 6 5 8 10 13 17 19 18 17 16 14 13
3 8 13 12 8 6 14 40 62 68 68 59 46 30 2 340 343 357 8 15 22 28 26 14 354 342 342 348 357 358 353 351 352 353 355 356 356 356 357 358 359 359 359 360 0 1 2 2 1 2 3 2 0 360 1 1 1 359 357 355 353 354 354 355 358 1 359 351 346 343 338 334 335 340 345 350 355 359 360 1 2 4 9 12 10 8 11 17 24 26 25 22 19 17 15 14
9 9 10 11 15 28 52 65 68 61 45 30 20 14 7 3 6 13 12 4 5 16 20 10 355 350 352 3 6 354 347 347 350 352 355 356 356 357 357 358 359 359 360 0 1 2 2 1 360 0 1 2 360 357 357 359 3 4 360 355 353 354 354 354 358 3 4 357 349 346 342 336 332 334 340 347 353 355 355 358 2 6 10 14 16 16 20 28 31 30 27 23 20 18 16 15
17 13 14 22 37 49 51 42 33 25 16 8 5 6 8 11 13 16 17 9 357 357 1 359 358 2 13 14 0 345 343 347 349 352 354 355 356 357 359 360 359 359 359 360 0 1 1 360 359 359 359 1 360 357 355 357 3 5 1 355 354 355 355 354 356 2 7 4 355 349 346 342 336 331 333 340 346 348 350 357 7 12 15 19 23 25 28 32 32 29 25 23 21 19 16 13
24 25 28 36 40 33 22 15 11 7 4 4 4 9 19 20 14 13 15 14 5 352 346 350 3 17 17 1 345 344 349 352 352 353 354 355 357 358 360 0 359 358 359 360 0 0 359 358 358 358 358 358 358 356 355 357 0 2 2 360 357 357 357 355 356 0 7 9 2 354 352 350 346 339 332 331 334 338 345 358 12 18 21 24 27 28 29 29 29 27 26 25 22 18 13 8
33 38 38 33 24 16 10 6 4 4 6 17 29 33 33 27 12 4 10 15 12 358 345 344 351 355 353 347 346 350 357 359 357 355 355 356 357 359 360 359 359 359 359 360 0 359 357 357 358 358 357 355 355 354 354 355 357 0 4 4 1 359 359 358 357 359 5 11 9 0 355 354 354 352 344 336 332 332 340 357 14 21 22 23 24 25 25 26 27 28 28 26 22 15 9 4
42 47 44 35 26 19 15 17 20 28 43 53 49 27 15 15 10 1 2 11 12 2 349 347 347 347 348 351 355 1 4 3 1 359 358 357 358 359 359 358 359 360 0 0 360 358 356 357 358 358 356 353 351 350 352 353 355 0 6 7 4 2 2 2 360 359 2 10 12 6 359 356 358 359 354 347 342 342 346 358 10 16 18 20 21 22 24 26 29 30 29 24 19 13 8 3
50 53 52 50 50 48 43 39 38 34 24 21 17 5 357 2 7 6 2 4 6 358 349 349 354 354 352 356 5 9 8 5 3 2 360 359 359 359 358 358 359 1 1 1 360 358 357 357 357 357 355 351 348 349 351 352 354 1 7 8 5 3 4 4 2 359 0 5 11 10 3 359 0 2 0 354 350 351 354 360 6 11 15 17 19 21 23 25 28 28 26 22 18 14 8 2
52 47 43 41 39 34 25 17 16 15 8 4 6 2 351 348 358 5 3 1 359 354 349 351 358 3 0 355 2 11 9 4 3 2 1 359 359 359 359 359 360 1 2 1 359 357 357 357 356 355 353 351 350 350 352 353 356 1 4 6 5 4 5 5 3 360 359 2 8 11 7 3 2 3 2 360 358 357 359 2 7 11 14 17 18 19 20 21 20 19 18 16 14 13 9 2
44 37 31 28 26 23 17 11 10 13 10 1 359 358 352 344 345 356 1 360 357 353 351 353 356 3 5 4 5 4 360 358 359 360 359 358 358 359 360 0 1 2 2 1 358 356 357 357 356 354 353 353 354 354 353 354 357 359 1 4 7 6 5 5 3 0 358 360 5 10 8 5 3 2 2 3 3 4 5 7 11 14 16 17 18 18 16 14 11 10 10 10 10 11 11 8
35 30 24 20 18 16 12 8 7 10 12 9 2 358 353 348 346 349 354 358 358 357 357 360 1 0 10 16 2 348 346 352 357 359 358 358 358 360 1 2 2 2 1 359 357 356 357 357 356 354 353 355 358 358 355 354 357 358 360 5 9 8 5 4 3 1 358 358 2 8 9 5 2 2 3 5 7 11 13 14 16 16 16 17 18 17 13 10 7 5 6 7 7 8 10 11
25 22 17 11 7 4 3 3 3 5 9 11 8 1 352 348 348 350 352 355 359 3 8 10 7 357 347 346 344 345 349 354 357 359 359 360 1 1 2 3 2 1 360 358 357 358 358 358 356 355 355 357 359 0 359 357 356 358 1 7 10 10 7 5 3 0 358 357 359 5 8 5 2 3 6 9 11 16 19 20 19 16 14 15 16 16 13 9 6 4 4 5 4 3 5 8
14 12 7 1 357 358 0 2 2 3 4 5 4 358 352 348 348 350 352 354 358 9 19 14 356 345 343 346 349 354 360 1 0 360 0 1 2 3 3 3 2 0 359 359 360 1 1 360 358 357 356 356 356 359 1 1 359 359 3 8 11 11 9 6 4 1 358 355 355 360 5 7 5 5 8 13 16 19 20 21 18 14 10 12 15 17 14 8 4 4 3 3 1 359 359 2
3 2 0 357 356 1 11 14 11 5 359 355 351 349 350 350 350 352 354 353 356 11 22 17 355 344 345 350 357 5 8 7 4 2 1 1 2 3 3 2 2 1 1 2 3 4 4 3 2 0 358 353 352 354 360 3 4 5 8 11 13 12 10 8 5 2 358 354 352 355 2 8 8 7 11 17 20 20 19 18 15 9 7 9 13 15 13 7 3 2 0 358 356 355 355 358
358 357 359 8 26 40 44 37 23 6 355 344 335 337 346 352 353 356 355 352 356 8 18 14 4 353 351 354 0 6 8 8 7 4 2 1 1 1 2 2 3 4 4 5 6 6 6 5 4 3 359 355 352 353 358 4 10 13 15 15 15 14 12 9 5 2 358 353 350 352 359 7 9 10 13 18 20 20 18 14 9 5 4 7 9 10 10 8 3 359 355 352 352 353 353 356
9 16 38 57 51 36 22 15 9 1 351 336 330 333 344 352 357 360 354 352 2 10 9 8 8 6 2 359 2 6 7 7 7 6 5 4 3 2 1 2 4 6 7 8 7 6 4 4 4 3 0 359 359 360 1 7 15 20 21 20 18 16 13 9 5 1 357 353 351 352 357 3 8 11 14 17 18 18 15 9 4 2 3 3 2 3 7 9 5 356 350 349 352 355 355 357
37 41 45 36 20 12 8 5 3 358 345 334 333 338 346 353 0 358 353 358 9 9 1 1 9 15 12 7 8 10 10 9 7 8 9 9 7 5 3 2 4 6 8 7 5 4 3 4 4 3 2 3 6 7 9 13 18 23 25 24 22 18 13 7 4 0 356 353 353 354 356 0 5 8 11 13 13 13 9 3 0 1 1 359 357 359 2 5 2 356 351 351 355 359 0 359
23 22 19 14 7 2 360 358 357 351 340 336 341 348 350 354 357 353 355 8 12 4 355 356 6 15 17 13 14 15 15 13 10 9 10 10 9 8 7 5 4 5 6 5 4 4 4 5 5 5 6 8 11 14 16 19 21 24 26 26 23 17 9 4 2 0 356 353 354 357 359 360 1 3 6 8 7 5 3 1 1 2 359 354 353 355 356 356 358 358 357 359 1 3 4 2
15 15 14 12 6 357 351 350 350 345 340 340 349 356 356 354 351 350 2 12 8 358 351 355 4 11 15 15 16 18 18 17 16 12 8 6 8 10 10 8 5 3 4 5 6 6 6 6 6 8 10 13 16 19 22 23 24 24 25 23 19 12 5 2 1 359 356 355 356 360 3 1 357 358 2 4 3 0 0 2 3 3 358 349 347 348 349 351 354 360 6 9 8 7 7 5
8 9 10 10 3 352 345 346 348 345 342 342 348 357 360 358 351 352 3 8 3 353 350 356 2 8 16 18 19 21 22 22 19 15 9 5 5 9 11 10 8 4 3 6 8 8 7 7 7 11 15 18 21 24 25 25 25 23 20 17 14 11 6 1 357 356 356 357 359 1 2 1 358 357 360 3 2 360 359 2 4 3 357 348 343 342 345 350 356 4 13 15 12 10 8 6
2 1 3 1 354 348 346 348 352 351 349 346 345 350 359 1 356 356 1 4 360 349 347 356 2 10 19 23 24 26 27 24 19 15 11 9 7 7 10 10 10 7 5 6 8 9 8 8 10 14 19 22 25 25 25 24 22 19 14 10 10 12 10 1 354 353 356 360 0 358 357 359 1 1 3 4 3 1 359 0 2 0 356 351 347 344 346 352 360 9 15 16 13 10 7 5
4 357 352 349 346 346 352 358 357 356 357 355 347 344 352 358 358 360 3 2 358 348 345 354 6 15 22 27 29 30 29 25 18 12 12 13 12 10 9 10 10 10 8 7 9 9 10 11 15 19 23 25 25 24 22 20 17 15 10 7 7 10 10 3 355 354 357 359 357 354 353 356 3 8 8 6 3 1 359 358 356 355 355 356 355 355 357 360 3 9 12 14 13 8 3 1
359 352 348 345 342 345 356 1 358 359 5 4 351 339 341 349 356 5 7 3 354 346 347 359 14 23 26 31 32 30 27 22 17 13 11 13 15 13 11 10 10 11 10 9 10 11 13 16 19 23 25 25 24 21 18 15 12 10 9 8 6 7 9 6 0 357 356 355 354 353 353 356 5 13 11 6 3 1 358 355 352 351 354 359 1 2 5 8 8 8 8 8 10 8 1 358
351 348 348 347 347 351 356 357 360 7 16 14 352 333 328 332 350 4 7 2 349 343 353 13 25 31 33 33 33 30 24 19 18 17 15 13 14 15 13 11 11 12 12 12 12 14 17 20 22 24 24 23 21 18 14 10 6 5 7 9 7 5 7 7 2 357 354 353 354 355 356 359 5 8 9 8 5 0 356 352 349 350 355 360 2 3 5 9 11 10 7 4 6 8 3 357
344 346 351 350 352 359 0 360 8 18 21 15 357 337 323 317 330 351 1 358 346 343 8 30 38 40 39 35 31 27 21 18 20 23 21 16 14 15 15 14 14 14 14 14 15 18 20 22 23 23 22 20 17 13 10 6 2 1 4 8 9 6 6 5 1 357 354 354 356 358 359 0 1 2 5 8 8 2 355 351 350 352 355 356 359 1 1 5 9 12 11 5 2 6 6 360
342 349 353 351 356 5 9 13 18 18 12 4 357 350 339 329 330 342 353 351 346 358 29 46 51 48 44 37 28 24 21 22 25 26 25 20 17 16 18 18 17 16 16 16 17 20 21 22 22 20 18 16 13 9 5 4 1 359 359 3 8 7 4 4 2 358 355 355 358 359 359 358 357 357 1 5 8 6 358 353 353 355 354 355 357 359 360 1 6 11 13 8 2 4 8 5
344 352 353 354 3 17 27 25 14 2 355 354 360 2 354 346 347 355 348 343 351 28 52 60 61 56 49 39 30 27 28 28 28 28 27 25 22 21 21 20 18 17 17 17 19 20 21 21 19 17 13 11 8 5 3 2 1 359 356 358 3 5 3 4 5 0 356 356 358 359 357 356 355 356 358 0 5 7 3 357 355 356 355 356 357 358 0 2 3 6 10 10 5 4 9 9
347 353 356 6 23 35 35 18 357 346 343 350 5 10 5 1 6 3 349 346 31 66 74 76 73 65 56 46 39 37 37 36 35 34 33 31 29 25 21 18 17 17 18 19 20 20 20 18 15 12 9 7 6 4 1 359 359 359 357 356 357 360 0 3 6 4 359 357 357 356 356 356 357 356 356 357 360 4 5 1 357 357 358 358 357 357 359 1 2 1 4 8 8 5 7 9
352 0 12 29 34 23 10 355 343 338 340 356 12 18 19 17 12 11 14 64 86 93 94 90 83 73 63 54 48 45 43 42 40 38 35 32 27 23 18 15 15 16 17 18 18 17 15 13 10 8 6 5 4 3 360 357 357 359 358 356 354 354 356 1 7 8 4 358 354 354 356 358 359 357 356 356 357 1 5 3 358 358 359 1 0 357 356 357 358 358 359 4 4 1 3 9
0 10 16 16 10 1 351 344 339 340 353 11 23 35 40 36 39 74 96 102 105 106 103 95 85 75 65 58 51 44 39 35 31 29 27 23 20 16 14 14 14 14 15 15 14 12 10 8 7 5 4 3 3 3 359 356 356 358 358 355 352 351 355 1 8 11 6 357 354 354 357 359 359 358 356 356 357 360 4 3 0 359 0 3 3 357 352 351 353 355 357 357 357 358 1 7
2 360 358 358 357 353 345 337 340 6 22 33 51 65 65 65 76 97 105 109 110 107 102 95 83 71 61 53 43 32 25 21 20 19 17 15 13 12 12 13 13 12 11 10 9 7 5 5 4 4 2 1 1 1 360 356 355 357 357 353 350 351 356 1 7 10 7 0 358 358 358 358 358 357 356 355 356 359 3 5 3 0 1 3 2 354 349 349 350 352 353 352 354 359 4 7
