data/real/Dogrib_v624/conserv_mass/windninja_270_30_100m_ang.asc
NCOLS 357 
NROWS 223 
XLLCORNER 457900 
YLLCORNER 5716800 
CELLSIZE 100 
NODATA_value -3.4e+38 
[rows 42 to 83 of 223, columns 188 to 281 of 357]
263 263 264 265 265 265 268 272 277 280 279 276 270 264 262 265 270 273 272 270 269 269 271 272 273 272 273 275 277 278 279 280 279 277 274 268 263 262 265 269 270 269 270 274 277 276 272 268 266 264 263 264 264 263 263 264 265 266 267 266 266 265 263 261 262 266 267 264 259 257 260 263 267 275 282 280 275 269 267 266 266 267 266 266 266 267 267 267 269 276 280 279 276 274
266 267 268 270 269 267 266 270 277 284 283 279 273 266 260 260 265 270 270 269 269 269 271 272 272 272 273 275 277 279 280 280 280 278 274 269 264 261 263 269 272 272 274 277 276 273 270 267 266 264 263 262 262 263 263 263 263 264 266 267 268 267 265 265 267 268 266 261 256 256 259 263 268 276 281 280 275 271 268 267 266 265 264 264 266 267 266 267 268 272 274 275 275 274
269 269 271 273 272 270 268 270 275 282 282 279 275 270 264 261 261 263 266 267 268 270 271 272 272 272 273 274 276 279 280 280 279 277 275 271 267 264 264 269 275 277 278 277 274 271 269 267 266 264 262 260 260 262 263 263 262 264 266 268 269 269 268 268 269 268 264 259 256 256 258 263 270 277 279 278 274 271 269 268 267 266 264 263 264 265 265 265 267 267 269 272 274 274
271 271 273 274 273 272 272 272 274 278 280 279 277 276 272 265 260 257 260 264 266 269 271 271 271 271 272 273 275 277 278 279 279 277 275 274 271 268 266 270 277 281 281 278 273 270 268 267 266 264 261 259 259 261 262 262 262 264 266 269 270 271 270 270 269 267 263 261 260 259 260 265 272 277 277 275 272 270 269 268 267 265 263 262 263 263 262 264 265 265 268 271 273 272
273 272 273 274 274 273 273 274 275 277 279 278 278 280 278 270 261 255 256 261 265 268 270 270 270 270 271 272 273 275 276 277 278 277 276 275 274 272 271 272 278 283 283 280 274 269 266 266 265 264 261 259 259 261 262 261 261 264 267 269 270 270 271 271 269 265 263 265 266 265 265 269 272 274 273 271 270 269 268 267 265 262 260 261 262 261 261 263 263 265 269 271 270 270
273 271 272 273 273 273 274 274 275 277 278 279 279 280 278 273 265 259 258 261 264 266 267 268 269 269 270 272 273 273 274 275 276 276 276 275 275 275 275 276 280 285 285 282 276 269 265 265 265 264 262 261 261 263 262 261 262 264 266 267 267 268 269 270 269 266 266 268 271 271 272 272 272 271 270 269 268 267 267 264 261 258 259 261 261 260 262 262 263 267 270 270 267 269
271 270 271 272 273 274 274 274 274 276 277 279 279 279 277 274 269 265 263 263 263 264 264 266 267 268 269 271 272 273 273 274 275 275 275 275 275 276 277 279 282 286 286 284 279 272 266 264 264 264 263 263 264 265 264 264 264 264 264 264 264 265 267 269 269 269 270 271 273 275 276 274 272 270 269 267 266 265 263 260 258 257 259 261 261 262 263 263 265 269 269 267 267 269
266 270 272 273 274 275 275 274 274 275 276 277 277 277 276 275 272 270 268 266 263 262 262 264 266 268 268 269 270 272 272 273 273 274 275 275 276 276 277 279 282 285 286 285 282 276 269 264 263 263 264 265 266 266 265 266 266 266 264 262 262 263 266 267 269 271 272 273 274 277 279 275 271 269 268 266 264 261 259 258 258 259 260 261 262 264 265 267 270 270 268 267 268 269
264 270 272 273 275 275 276 276 276 275 274 272 272 274 276 276 275 273 271 268 264 262 262 263 265 267 268 267 268 269 271 272 273 273 274 275 276 276 277 280 282 283 285 285 284 281 274 267 263 263 264 266 267 266 265 266 267 266 264 262 262 264 265 267 269 271 272 273 275 278 280 277 272 267 265 264 261 258 257 258 259 260 261 262 264 265 267 270 272 271 268 268 269 268
262 268 272 274 276 276 277 278 278 275 270 267 269 274 277 277 275 273 271 268 265 263 263 263 263 264 265 265 266 267 269 271 272 273 274 274 275 276 278 279 281 282 283 283 284 283 280 273 266 264 265 268 268 266 264 265 266 266 264 264 264 265 266 267 268 270 271 273 275 278 280 278 273 266 262 259 258 258 259 260 261 262 263 265 266 266 268 271 273 272 270 269 268 266
261 262 267 273 276 278 278 278 278 274 269 267 270 275 277 275 272 271 269 266 264 262 262 262 261 261 262 263 264 266 269 270 272 273 274 274 275 277 279 280 281 281 281 282 282 282 282 280 273 267 267 269 268 265 264 265 265 265 264 264 264 265 266 267 268 269 270 271 273 276 277 276 272 266 261 258 259 260 261 262 263 264 265 267 268 269 270 270 271 271 270 268 266 265
264 260 261 267 274 277 278 278 276 274 272 271 273 274 273 270 269 268 266 263 262 261 261 259 258 257 258 260 263 266 268 270 273 275 275 274 274 277 279 281 282 282 282 281 281 281 281 282 280 273 269 269 268 266 265 265 265 265 265 264 264 265 266 267 268 269 269 270 272 273 273 272 269 266 263 261 262 262 263 263 264 264 266 268 270 272 273 271 270 270 268 266 265 265
271 264 260 261 266 273 277 277 275 274 276 276 274 270 266 265 265 265 263 262 261 260 258 255 253 253 255 258 263 266 268 272 275 277 277 274 273 275 279 282 284 284 284 282 280 279 279 281 282 278 272 270 269 267 266 265 265 265 265 265 265 266 266 267 267 268 268 269 270 270 269 268 267 266 266 265 264 264 264 264 263 264 267 269 271 274 276 274 271 268 267 266 267 269
278 272 265 261 262 269 274 275 274 273 275 275 271 266 263 262 263 262 261 260 259 258 255 251 250 251 253 258 264 267 271 275 278 280 279 275 273 274 277 280 284 286 286 284 281 279 277 277 278 278 275 272 269 267 266 266 265 265 265 266 266 266 267 267 267 268 268 268 267 266 266 266 267 267 269 269 266 265 265 263 262 264 267 270 271 274 276 275 273 270 269 270 272 272
281 277 272 267 265 266 269 270 270 271 271 270 268 264 262 262 260 259 259 259 257 255 251 249 249 251 253 259 266 272 276 278 280 279 278 279 278 277 277 278 281 284 285 284 281 278 276 274 274 275 275 273 271 269 267 266 265 265 266 266 267 266 266 267 267 267 267 266 265 264 265 265 266 270 273 272 268 266 265 263 261 263 267 270 272 273 273 274 274 274 274 274 274 272
283 280 276 273 269 266 264 264 266 267 267 266 264 263 262 261 259 257 257 257 254 251 250 250 252 253 255 261 269 277 280 280 278 277 279 282 283 280 278 277 276 277 279 280 279 277 275 274 272 272 273 273 272 270 268 267 266 266 266 266 266 266 266 266 265 265 264 264 264 264 264 266 271 276 276 273 269 267 266 263 262 264 267 270 270 269 269 272 276 278 278 276 273 269
283 281 279 277 272 266 261 261 262 264 265 264 262 261 261 259 258 257 256 254 250 250 252 254 256 256 257 262 269 277 281 279 278 279 281 283 283 281 279 276 273 271 271 273 275 275 274 273 272 272 272 271 271 270 269 268 267 266 266 265 266 265 265 264 263 262 262 262 263 264 267 273 279 279 275 270 268 267 266 265 265 265 267 267 265 265 268 272 276 279 279 277 272 268
281 280 280 278 272 265 261 260 262 263 263 263 262 260 259 258 257 257 255 252 250 252 255 258 260 260 261 263 267 274 279 279 279 280 282 282 281 279 277 274 271 269 270 272 273 273 272 272 273 273 271 270 270 270 269 268 268 267 266 265 265 264 263 261 260 260 262 262 265 270 276 280 280 277 271 268 268 269 268 268 268 267 265 262 261 265 270 274 276 276 277 276 273 270
279 278 278 276 270 265 262 262 263 263 263 263 262 259 257 256 256 255 253 253 256 258 259 261 263 264 264 264 265 269 276 279 279 279 280 281 280 278 275 272 270 270 271 272 272 270 271 273 274 272 270 269 269 269 268 268 267 267 266 264 263 262 261 258 258 260 264 268 274 279 282 281 277 271 266 265 269 271 270 270 271 268 263 259 262 268 273 274 272 271 274 276 276 274
276 276 273 269 266 265 265 266 265 264 263 262 261 259 257 255 253 252 253 257 262 264 263 264 265 268 268 265 263 266 273 279 279 277 277 279 279 277 275 273 273 273 272 271 270 269 272 274 272 270 269 269 268 267 267 267 266 265 264 262 261 261 260 258 260 265 272 278 283 284 282 277 272 265 260 263 269 272 272 272 272 269 264 262 266 270 271 268 266 268 272 275 278 279
273 273 269 264 262 265 268 269 266 263 262 261 259 258 256 253 250 251 256 263 266 265 267 270 271 271 271 267 263 264 269 276 280 278 276 276 276 276 275 275 275 274 272 270 269 270 272 271 270 269 269 267 267 266 266 265 263 261 260 259 259 260 262 263 268 274 280 284 285 283 279 273 266 259 258 263 269 272 272 271 271 271 269 268 268 268 264 261 263 267 271 275 280 283
270 271 268 265 263 265 267 267 263 260 259 259 258 256 254 251 249 253 262 268 267 263 268 275 277 275 273 270 265 263 265 272 278 278 275 274 274 275 275 276 275 274 273 271 272 272 270 268 268 269 268 267 266 266 264 262 259 256 255 257 259 264 269 273 277 280 283 284 282 279 275 269 261 256 259 265 269 271 271 269 269 271 274 273 269 264 259 258 262 266 271 276 280 283
268 270 271 270 268 266 264 259 257 257 257 258 257 255 252 250 251 258 268 272 268 264 267 274 280 279 275 272 268 263 262 267 273 276 275 273 274 275 275 276 276 275 273 273 273 272 269 268 268 268 266 266 266 265 263 260 257 254 254 258 266 273 278 280 280 280 280 280 279 275 270 264 258 256 261 267 271 271 269 267 266 269 275 277 271 262 257 257 262 268 274 278 279 279
267 270 272 274 273 267 260 253 253 255 256 256 255 254 253 253 256 264 270 273 272 268 268 271 276 279 277 275 271 265 261 262 268 274 275 274 273 274 276 277 276 275 274 273 272 271 269 269 267 265 265 265 264 263 263 262 259 256 258 266 275 280 282 281 278 276 276 276 274 270 265 261 256 257 263 269 271 270 267 264 264 268 273 276 271 263 258 259 265 272 276 277 274 273
268 269 271 274 272 266 257 252 253 255 256 255 254 254 256 259 264 268 270 272 277 275 272 270 271 276 278 277 275 269 261 258 262 270 275 276 274 274 276 276 276 275 274 273 272 270 269 268 266 264 264 263 262 263 264 265 265 266 269 274 277 280 280 279 276 274 273 272 268 264 261 259 258 261 266 269 269 268 266 264 265 269 272 272 269 266 263 264 269 273 273 271 269 270
268 268 269 270 268 262 256 253 254 255 255 254 254 256 259 265 271 272 271 273 280 281 276 272 270 272 275 277 276 272 264 258 257 264 273 277 276 275 275 275 275 275 273 272 271 270 268 266 264 263 262 261 262 264 265 266 270 276 279 277 276 277 279 279 277 273 270 267 263 260 259 259 262 267 269 268 267 266 267 267 268 270 269 266 267 270 271 271 270 268 267 267 268 271
266 265 265 265 264 260 256 255 255 256 255 255 255 257 262 269 275 276 274 275 282 284 279 275 272 271 273 275 274 272 267 260 256 258 266 275 277 277 276 275 274 273 272 271 270 269 267 265 263 261 260 260 263 265 265 267 272 278 280 279 277 276 278 279 279 274 269 264 260 258 257 258 264 271 272 267 265 266 270 272 272 268 263 261 266 274 279 276 270 265 264 265 268 272
261 261 261 261 260 259 257 256 256 255 255 256 257 260 266 272 277 279 277 276 281 285 281 277 274 272 272 272 272 271 269 264 258 257 260 269 275 277 276 274 272 271 271 271 271 269 267 264 261 258 258 261 263 265 265 267 271 276 279 280 278 276 276 278 279 277 270 263 258 257 256 258 265 273 274 268 264 266 273 277 273 265 258 259 265 274 282 281 272 265 264 264 267 271
256 258 259 259 259 258 258 258 256 254 254 256 259 264 270 274 277 279 278 277 279 284 281 276 274 273 271 271 271 271 270 267 263 259 259 265 272 276 276 274 272 271 272 272 271 269 266 262 258 256 258 261 263 265 266 267 271 276 279 280 278 277 275 276 278 278 272 264 258 255 256 260 266 272 275 271 267 268 273 277 271 262 257 259 265 273 280 281 276 269 265 263 267 271
253 256 258 259 259 259 260 260 258 256 256 257 260 264 268 272 276 278 279 279 279 280 278 274 274 275 273 271 271 271 270 267 264 261 263 267 271 274 274 273 273 272 272 271 270 267 264 259 255 255 259 261 262 263 266 269 272 277 280 280 279 278 277 277 277 275 270 261 255 255 259 264 267 270 274 275 271 271 272 272 268 263 260 262 267 271 274 276 277 273 268 266 268 270
253 256 258 258 259 260 263 264 263 263 264 265 265 264 263 265 271 276 279 279 278 276 274 272 272 275 276 274 272 271 269 267 263 263 267 270 271 271 271 273 274 273 272 270 268 265 260 255 252 255 259 262 262 263 267 272 275 278 281 281 282 282 281 277 274 269 262 254 251 255 262 266 268 270 274 278 276 272 270 268 268 266 264 265 267 268 269 272 274 274 272 270 269 268
254 256 257 258 260 264 267 269 269 270 272 273 272 268 263 261 264 271 275 276 275 274 273 271 270 271 274 276 275 272 271 268 265 265 269 271 269 267 269 272 274 273 271 269 266 263 258 252 252 254 258 261 264 266 270 277 280 280 281 283 284 284 281 275 268 261 253 248 250 257 263 266 268 271 275 279 277 272 269 269 271 271 270 268 267 266 266 269 271 272 273 272 269 265
255 256 258 259 263 267 270 271 274 276 276 276 276 275 270 264 261 264 269 271 271 272 273 272 269 268 270 274 276 276 276 274 273 270 269 268 266 266 267 269 271 272 271 268 265 262 258 253 253 253 254 259 267 274 279 283 284 281 279 280 281 280 277 272 264 256 248 246 252 259 262 265 270 273 274 274 272 271 270 273 277 277 275 273 269 266 264 265 266 268 270 270 266 261
255 258 261 263 266 268 269 271 276 281 280 278 277 278 276 270 262 260 263 267 269 270 271 271 269 267 267 271 275 279 282 283 284 278 270 264 262 264 267 266 265 266 267 266 265 264 260 257 256 253 253 260 270 282 287 287 285 280 275 273 273 273 272 268 262 254 248 251 258 260 261 266 272 273 268 264 266 269 271 276 283 285 281 277 273 268 264 261 261 263 265 264 262 262
257 261 265 268 268 269 270 272 276 281 284 282 278 277 278 275 266 261 260 263 267 268 268 268 268 268 267 269 273 279 286 290 291 285 274 265 261 261 262 262 262 262 264 266 267 266 264 261 259 257 258 265 274 283 286 285 283 279 273 268 266 267 266 264 260 255 253 258 262 261 262 267 270 268 261 259 264 268 273 279 286 290 285 279 275 270 265 261 260 259 259 259 261 264
260 264 267 269 270 271 272 275 276 279 284 286 281 277 278 278 271 263 259 261 266 267 266 265 266 266 267 269 273 280 287 292 292 287 278 269 263 258 256 258 262 264 267 269 269 268 266 263 262 263 266 272 276 280 281 279 278 278 274 268 264 262 262 260 257 255 259 263 263 262 266 268 266 260 258 261 267 272 276 280 284 286 283 278 274 271 269 265 261 258 256 259 263 265
262 265 268 271 273 274 276 278 278 279 281 285 285 279 276 278 275 266 260 260 264 266 265 264 263 264 265 268 274 281 287 290 289 285 278 270 262 257 255 259 265 270 272 272 271 269 267 265 265 267 272 275 276 275 274 274 275 277 276 271 265 261 259 258 255 256 262 265 264 264 267 267 261 256 259 266 273 277 278 277 276 278 277 274 272 273 273 270 265 260 259 260 263 266
260 262 266 271 275 277 279 280 280 280 279 281 285 283 278 277 277 270 263 260 262 265 264 262 261 260 262 266 274 282 286 287 285 282 275 266 259 257 262 268 271 273 273 272 270 269 267 267 268 271 276 277 274 270 269 270 273 277 277 274 268 263 259 256 254 256 262 266 269 269 267 263 256 256 262 271 278 278 275 271 272 275 274 271 270 272 274 273 269 266 264 262 263 267
256 257 260 266 272 277 281 282 282 281 280 280 283 286 282 279 278 274 267 261 260 261 264 264 261 259 260 265 274 282 285 284 282 278 272 264 258 262 271 276 276 273 269 268 267 266 265 266 267 271 277 279 276 270 267 268 271 273 274 273 270 267 262 257 254 255 260 266 273 274 268 261 255 257 265 273 276 273 271 272 274 274 274 272 270 270 271 272 271 270 269 266 266 270
259 258 258 259 265 273 279 281 281 281 281 281 282 285 284 281 280 278 272 264 259 259 264 266 263 262 264 268 272 277 281 280 278 274 269 264 264 271 277 279 276 271 266 264 263 263 263 263 264 268 275 280 280 275 271 269 269 268 268 269 270 268 263 257 254 256 259 263 271 276 271 264 260 262 266 270 271 271 273 275 274 272 273 274 271 268 268 271 273 273 272 272 272 274
265 265 263 261 262 266 272 278 281 283 283 283 282 282 283 282 281 281 278 270 263 260 263 266 266 268 272 272 270 269 272 273 271 271 273 272 273 276 277 275 272 268 264 262 261 261 260 262 263 267 273 278 281 280 276 273 270 268 266 266 266 264 261 256 254 257 259 261 267 274 273 267 265 267 268 269 271 274 274 272 270 270 272 274 272 269 268 271 274 276 276 277 277 277
268 271 270 267 264 261 262 268 278 283 283 282 281 281 282 282 281 282 281 278 271 265 262 265 270 274 275 272 267 265 264 263 265 272 281 287 283 277 272 268 266 264 262 260 260 260 260 262 265 269 273 274 276 277 277 275 274 272 270 268 264 260 257 255 256 259 260 261 265 269 271 269 269 270 271 272 274 273 269 266 268 273 273 272 271 271 271 273 275 278 281 283 280 276
