data/real/Dogrib_v624/conserv_mass/windninja_360_30_100m_vel.asc
NCOLS 357 
NROWS 223 
XLLCORNER 457900 
YLLCORNER 5716800 
CELLSIZE 100 
NODATA_value -3.4e+38 
[rows 168 to 188 of 223, columns 184 to 229 of 357]
34.0499992370605 33.189998626709 31.4200000762939 30.4799995422363 30.2000007629395 29.1200008392334 28.0599994659424 28 28.2999992370605 28.4599990844727 28.6900005340576 29.5400009155273 31.3400001525879 33.3899993896484 34.5 33.7299995422363 32.6500015258789 32.25 32.3499984741211 32.5299987792969 32.189998626709 30.9699993133545 29.3600006103516 27.9400005340576 27.0900001525879 26.9899997711182 27.4699993133545 27.6100006103516 26.7299995422363 26.0599994659424 26.1700000762939 26.0900001525879 26.2700004577637 26.8199996948242 27.2399997711182 27.5799999237061 27.9899997711182 28.1900005340576 28.2099990844727 28.3500003814697 28.5200004577637 28.9699993133545 29.5900001525879 29.6000003814697 28.7600002288818 28
32.5800018310547 32.0299987792969 31.1000003814697 30.0900001525879 29.8899993896484 29.3199996948242 27.6599998474121 26.8500003814697 26.7000007629395 27.1800003051758 28.1499996185303 29.1800003051758 30.1100006103516 30.75 31.0799999237061 30.6499996185303 29.8199996948242 29.3700008392334 29.5300006866455 29.8600006103516 30.3899993896484 30.9400005340576 31.0200004577637 30.3999996185303 29.2800006866455 28.2199993133545 27.3899993896484 26.4099998474121 25.4599990844727 25.2199993133545 25.6599998474121 25.9500007629395 26.0400009155273 26.3500003814697 26.75 26.9300003051758 26.9099998474121 27 27.1800003051758 27.2299995422363 27.3700008392334 27.6200008392334 27.7099990844727 27.4899997711182 27.25 27.3199996948242
31.5300006866455 32.0400009155273 31.8299999237061 30.1299991607666 29.0900001525879 29.2600002288818 28.3099994659424 26.8999996185303 26.75 27.2600002288818 27.8099994659424 28.3799991607666 28.8500003814697 29.0400009155273 29.1599998474121 29.3500003814697 29.5900001525879 29.5400009155273 28.9699993133545 28.3600006103516 28.4899997711182 29.6599998474121 30.9200000762939 31.3099994659424 30.5 28.8600006103516 27.2000007629395 26.3600006103516 26.6499996185303 27.6200008392334 28.3099994659424 28.2099990844727 27.3999996185303 26.7800006866455 26.9200000762939 27.1700000762939 26.7999992370605 26.2999992370605 26.3199996948242 26.5200004577637 26.7299995422363 27.0300006866455 27.1900005340576 27.1800003051758 27.4300003051758 28
30.0300006866455 30.5900001525879 30.2900009155273 28.9799995422363 27.4899997711182 26.9300003051758 26.3199996948242 26.2399997711182 27.2299995422363 27.8099994659424 27.7800006866455 27.8299999237061 28.4899997711182 29.5699996948242 30.1299991607666 30.2199993133545 30.4799995422363 30.4899997711182 30.2199993133545 30.3199996948242 30.5300006866455 30.0900001525879 29.4500007629395 28.9699993133545 28.6299991607666 28.1599998474121 27.5799999237061 27.2900009155273 27.5699996948242 28.5699996948242 29.9799995422363 30.7399997711182 30.2000007629395 29.1399993896484 28.3600006103516 28.1299991607666 28.2399997711182 27.9099998474121 27.0599994659424 26.7000007629395 26.7999992370605 26.9500007629395 26.8899993896484 26.7099990844727 26.9099998474121 27.4899997711182
27.25 27.5 28.0699996948242 28.7999992370605 30.2099990844727 31.7099990844727 30.8999996185303 28.1399993896484 26.9799995422363 27.1000003814697 27.4799995422363 27.7800006866455 28.5599994659424 29.9099998474121 31.0100002288818 31.3500003814697 31.1000003814697 30.8899993896484 31.6100006103516 33.1300010681152 34.4099998474121 34.1699981689453 32.4199981689453 30.5900001525879 29.6800003051758 29.4500007629395 29.2099990844727 28.7600002288818 28.4500007629395 28.7999992370605 30.0900001525879 31.6200008392334 32.3499984741211 31.9300003051758 30.3899993896484 28.6599998474121 28.1200008392334 28.4200000762939 28.2099990844727 27.2800006866455 26.6000003814697 26.2999992370605 26.0300006866455 25.7199993133545 25.6299991607666 25.7600002288818
27.9099998474121 27.9599990844727 30.0900001525879 32.4799995422363 34.6399993896484 36.560001373291 36.7799987792969 33.4000015258789 28.5599994659424 26.8899993896484 26.9099998474121 27.2900009155273 27.5699996948242 27.8500003814697 28.6599998474121 29.6599998474121 30.25 30.8999996185303 32.2599983215332 34.0999984741211 35.8400001525879 37.0499992370605 37.2700004577637 36.1699981689453 34.3499984741211 32.4599990844727 30.8500003814697 29.5599994659424 28.6399993896484 28.2800006866455 28.7999992370605 30.2800006866455 32.1100006103516 32.9099998474121 32.2000007629395 30 27.4599990844727 26.2299995422363 26.2600002288818 26.3199996948242 26.0300006866455 25.7000007629395 25.4799995422363 25.3199996948242 25.1399993896484 24.8600006103516
29.9400005340576 29.9899997711182 31.25 32.8300018310547 33.6599998474121 34.4900016784668 36.4500007629395 36.8699989318848 32.6399993896484 27.9500007629395 26.5799999237061 26.3199996948242 25.9599990844727 25.4300003051758 25.4300003051758 26.2700004577637 27.6000003814697 29.2199993133545 30.8099994659424 32 32.7400016784668 33.5499992370605 34.8800010681152 35.6199989318848 34.689998626709 32.6699981689453 30.7000007629395 29.3500003814697 28.6100006103516 28.2999992370605 28.2999992370605 28.8500003814697 29.9200000762939 31.1900005340576 32.3199996948242 32.5 30.6900005340576 27.8600006103516 25.9099998474121 25.2199993133545 25.4400005340576 25.7399997711182 25.6599998474121 25.4099998474121 25.1200008392334 24.8199996948242
29.7199993133545 28.3400001525879 27.1599998474121 26.2999992370605 26.75 28.2999992370605 31.1499996185303 35.2299995422363 35.2999992370605 30.4400005340576 27.2600002288818 26.2700004577637 25.7399997711182 25.0200004577637 24.5300006866455 24.5499992370605 25.2600002288818 26.5799999237061 27.9500007629395 28.6200008392334 28.7600002288818 28.9899997711182 29.7600002288818 31.2299995422363 32.3699989318848 32.3199996948242 31.5699996948242 30.8700008392334 30.3700008392334 29.75 28.8400001525879 28.0300006866455 27.5400009155273 27.9500007629395 29.4500007629395 31.7700004577637 33.5 33.2299995422363 31.2900009155273 29.1000003814697 27.4799995422363 26.3999996185303 25.7700004577637 25.4500007629395 25.2000007629395 25.0200004577637
28.2999992370605 24.3500003814697 21.5400009155273 20.1299991607666 20.2999992370605 21.8999996185303 24.9699993133545 30.6499996185303 36.0200004577637 36.060001373291 32.2200012207031 29.8700008392334 28.1599998474121 26.4699993133545 25.2000007629395 24.7299995422363 24.9699993133545 25.6000003814697 26.2199993133545 26.8600006103516 27.7399997711182 28.8099994659424 29.8999996185303 31.4599990844727 33.5900001525879 35 34.9700012207031 34.0099983215332 32.7599983215332 31.4799995422363 30.2800006866455 29.0499992370605 27.5900001525879 26.4599990844727 26.5200004577637 27.8600006103516 29.7999992370605 31.6100006103516 32.2000007629395 31.2700004577637 29.0900001525879 26.6100006103516 25.1100006103516 24.7600002288818 24.9200000762939 25.0900001525879
29.6900005340576 25.3700008392334 21.4300003051758 19.4599990844727 19.0100002288818 20.1499996185303 22.6499996185303 26.5799999237061 32.5499992370605 36.9900016784668 37.1399993896484 33.6800003051758 30.2199993133545 27.8299999237061 26.5699996948242 26.4500007629395 27.1200008392334 27.6800003051758 27.7999992370605 27.9500007629395 28.4200000762939 29.3099994659424 30.8199996948242 32.7700004577637 35.2900009155273 37.810001373291 38.8499984741211 37.8400001525879 36.0699996948242 35.0999984741211 34.8199996948242 33.8400001525879 31.3700008392334 28.4699993133545 26.6499996185303 25.75 25.2299995422363 25.2800006866455 25.6100006103516 25.6900005340576 25.4099998474121 24.8099994659424 24.2999992370605 24.2199993133545 24.4200000762939 24.6200008392334
36.3800010681152 35.7700004577637 33.189998626709 29.5499992370605 26.5300006866455 24.0300006866455 22.2000007629395 21.8400001525879 23.4200000762939 28.25 31.6000003814697 30.6299991607666 28.3899993896484 27.6299991607666 28.6299991607666 30.5799999237061 32.3699989318848 33.1399993896484 32.8899993896484 31.9599990844727 30.4500007629395 28.8600006103516 28.0900001525879 28.6299991607666 30.3799991607666 33.2099990844727 36.8899993896484 39.6699981689453 40.6800003051758 40.6199989318848 40.2900009155273 39.4599990844727 37.7099990844727 34.7700004577637 30.8799991607666 27.3500003814697 25.1399993896484 24.0200004577637 23.2399997711182 22.7299995422363 22.9799995422363 24.0200004577637 25.0100002288818 25.3299999237061 25.0400009155273 24.7099990844727
39.9500007629395 43.2000007629395 44.9300003051758 44.3699989318848 41.7599983215332 36.4700012207031 28 21.0599994659424 18.2700004577637 18.5400009155273 21.3299999237061 23.0499992370605 24.0400009155273 26.8799991607666 31.3299999237061 34.9599990844727 36.4199981689453 36.2299995422363 35.0200004577637 32.810001373291 29.7000007629395 26.4400005340576 23.7199993133545 22.3600006103516 22.3199996948242 23.2199993133545 26.6399993896484 32.4599990844727 36.6800003051758 38.4099998474121 38.6199989318848 39.2400016784668 40.8600006103516 41.560001373291 39.4000015258789 34.4300003051758 30 27.7299995422363 26.8500003814697 26.3700008392334 26.3999996185303 27.0499992370605 27.5599994659424 27.3799991607666 26.6700000762939 25.9500007629395
35.7900009155273 38.9000015258789 42.2599983215332 45.3699989318848 47.0499992370605 46.75 42.6399993896484 33.5200004577637 24.3999996185303 20.2000007629395 19.8400001525879 21.3500003814697 24.1499996185303 29.2399997711182 33.4599990844727 34.4500007629395 33.4199981689453 31.8999996185303 29.7600002288818 26.8199996948242 24.1800003051758 22.5900001525879 21.7999992370605 21 20.0799999237061 19.5900001525879 19.7600002288818 20.4200000762939 22.4099998474121 25.1200008392334 27.6000003814697 30.2399997711182 33.1599998474121 37.0499992370605 40.8899993896484 41.9799995422363 39.4700012207031 35.8899993896484 34.3400001525879 34.3400001525879 34.0299987792969 32.8600006103516 31.3500003814697 29.8299999237061 28.5 27.3700008392334
30.6800003051758 31.6700000762939 33.7099990844727 36.3400001525879 39.0699996948242 43.0900001525879 46.810001373291 46.4599990844727 41.689998626709 35.189998626709 33.1199989318848 34.2999992370605 35.2299995422363 35.9300003051758 34.2200012207031 30.8299999237061 28.2800006866455 26.0200004577637 23.6599998474121 22.1800003051758 21.9799995422363 22.4400005340576 22.7700004577637 22.6000003814697 21.9500007629395 20.9300003051758 19.4599990844727 17.8799991607666 16.8899993896484 17.3199996948242 18.9899997711182 20.4400005340576 21.3999996185303 23.2999992370605 28.1499996185303 35.9000015258789 40.8600006103516 42.2000007629395 42.2999992370605 42.689998626709 42.8300018310547 41.5800018310547 38.7299995422363 35.0999984741211 31.7800006866455 29.5
27.1599998474121 27.8199996948242 28.5900001525879 29.1900005340576 30.1900005340576 33.1100006103516 38.6199989318848 44.9799995422363 48.5999984741211 49.1800003051758 48.560001373291 47.0299987792969 44.5699996948242 40.4900016784668 34.3499984741211 29.6599998474121 26.4599990844727 23.8600006103516 22.6900005340576 22.8299999237061 23.5300006866455 23.9599990844727 23.8500003814697 23.5100002288818 23.0400009155273 22.25 21.25 20.1299991607666 19.0900001525879 18.6399993896484 18.7800006866455 18.9099998474121 18.8199996948242 18.7000007629395 19.2299995422363 22.0900001525879 28.9599990844727 36.0099983215332 39.2200012207031 40.6300010681152 41.6800003051758 42.6699981689453 42.8600006103516 41.6100006103516 38.6399993896484 34.9599990844727
24.0799999237061 24.2000007629395 24.4599990844727 24.8299999237061 25.7299995422363 27.5 30.2099990844727 34.4700012207031 39.9799995422363 44.0699996948242 44.8300018310547 43.2700004577637 41.1500015258789 38.0400009155273 33.8899993896484 29.9200000762939 26.3400001525879 24.3999996185303 24.1800003051758 24.5699996948242 24.7099990844727 24.5499992370605 24.2999992370605 23.9400005340576 23.5 23.0799999237061 22.5699996948242 21.8999996185303 21.3400001525879 21.0599994659424 20.9799995422363 20.9599990844727 20.8299999237061 20.3999996185303 19.6800003051758 19.4200000762939 20.5699996948242 23.4400005340576 26.7399997711182 28.1100006103516 27.9699993133545 28.7399997711182 32.4599990844727 37.1599998474121 39.7099990844727 39.8400001525879
23.1900005340576 22.8299999237061 22.8500003814697 23.2800006866455 24.1000003814697 24.9599990844727 25.5900001525879 26.3299999237061 27.8099994659424 29.8999996185303 31.4300003051758 32.060001373291 32.810001373291 33.4199981689453 32.3400001525879 29.6000003814697 26.7800006866455 25.4500007629395 25.1800003051758 25.2299995422363 25.2299995422363 25.1200008392334 24.8999996185303 24.6399993896484 24.3899993896484 24.1100006103516 23.8099994659424 23.5100002288818 23.1399993896484 22.7000007629395 22.3099994659424 22.0699996948242 21.8799991607666 21.6299991607666 21.3400001525879 20.8099994659424 19.8199996948242 18.8899993896484 18.5499992370605 18.3199996948242 17.9400005340576 18.3199996948242 20.2099990844727 23.5400009155273 28.5 34.4099998474121
22.5900001525879 22.0200004577637 21.5100002288818 21.5 21.8099994659424 21.7800006866455 21.25 20.7000007629395 20.8099994659424 21.9699993133545 23.7700004577637 25.7199993133545 27.7199993133545 29.2800006866455 29.4500007629395 28.0100002288818 26.3700008392334 25.6100006103516 25.4699993133545 25.4500007629395 25.4200000762939 25.3400001525879 25.2199993133545 25.0599994659424 24.8400001525879 24.5400009155273 24.2700004577637 24.1499996185303 24.0799999237061 23.8199996948242 23.3999996185303 23.0699996948242 22.8799991607666 22.7199993133545 22.4099998474121 21.8400001525879 20.9899997711182 19.8299999237061 18.5300006866455 17.7999992370605 18.0300006866455 18.6200008392334 18.9099998474121 19.1599998474121 20.3400001525879 23.1800003051758
19.6399993896484 18.6800003051758 17.9400005340576 17.4099998474121 16.9699993133545 16.5100002288818 15.9300003051758 15.4700002670288 15.8199996948242 16.8600006103516 17.9500007629395 19.4899997711182 21.6800003051758 23.8299999237061 25.0400009155273 25.2399997711182 25.1000003814697 25.2299995422363 25.5300006866455 25.6700000762939 25.6399993896484 25.4699993133545 25.0900001525879 24.6599998474121 24.3899993896484 24.1599998474121 23.8299999237061 23.6200008392334 23.8700008392334 24.3199996948242 24.4599990844727 24.2700004577637 24.0799999237061 23.9899997711182 23.7999992370605 23.3099994659424 22.6100006103516 21.9599990844727 21.4400005340576 21.0900001525879 20.9699993133545 20.9799995422363 21.0100002288818 20.8199996948242 20.2999992370605 19.6800003051758
18.8199996948242 17.9699993133545 17.25 16.5300006866455 15.7299995422363 14.960000038147 14.3900003433228 14.1400003433228 14.1899995803833 14.289999961853 14.3599996566772 14.7399997711182 15.9499998092651 18.1499996185303 20.7700004577637 22.8899993896484 24.2900009155273 25.1599998474121 25.6499996185303 25.9200000762939 25.9699993133545 25.7600002288818 25.5300006866455 25.4300003051758 25.3999996185303 25.3600006103516 25.1399993896484 24.6200008392334 24.0799999237061 23.9599990844727 24.1599998474121 24.2099990844727 23.9799995422363 23.7099990844727 23.5499992370605 23.4899997711182 23.3199996948242 22.8999996185303 22.5100002288818 22.4300003051758 22.5400009155273 22.5699996948242 22.4200000762939 22.1399993896484 21.7199993133545 20.9099998474121
20.2999992370605 19.8500003814697 19.2399997711182 18.4300003051758 17.5100002288818 16.75 16.4400005340576 16.3700008392334 16.0799999237061 15.6999998092651 15.5799999237061 15.6400003433228 15.8599996566772 16.8999996185303 19.2199993133545 21.9899997711182 24.0699996948242 25.2099990844727 25.7199993133545 25.9899997711182 26.2399997711182 26.5499992370605 26.9500007629395 27.2900009155273 27.3700008392334 27.3199996948242 27.2399997711182 26.8299999237061 25.7700004577637 24.5599994659424 23.9899997711182 23.8799991607666 23.7600002288818 23.5499992370605 23.3899993896484 23.3099994659424 23.25 23.1200008392334 22.9500007629395 22.9400005340576 23.1000003814697 23.1299991607666 23 22.9200000762939 22.9500007629395 22.9699993133545
