data/real/Dogrib_v624/conserv_mass/windninja_315_30_100m_ang.asc
NCOLS 357 
NROWS 223 
XLLCORNER 457900 
YLLCORNER 5716800 
CELLSIZE 100 
NODATA_value -3.4e+38 
[rows 84 to 125 of 223, columns 188 to 281 of 357]
316 319 323 322 320 322 323 319 317 319 319 318 318 318 318 318 318 317 316 315 314 315 319 324 325 319 313 308 303 301 305 309 308 311 318 323 320 315 317 321 324 325 325 325 327 331 334 333 329 313 299 298 304 306 305 305 306 308 310 314 319 324 329 330 327 326 325 319 316 320 322 319 317 314 312 312 314 318 320 320 322 326 328 326 324 322 321 323 323 322 321 321 321 319
319 320 322 322 319 319 321 317 314 318 319 317 317 317 317 318 318 317 315 314 312 312 314 317 317 314 310 306 303 303 309 315 315 317 321 322 318 312 311 314 315 315 319 322 325 328 330 330 328 314 300 300 306 309 310 313 316 317 318 319 322 326 329 326 321 320 320 316 315 320 321 318 317 316 314 313 314 319 321 322 325 330 331 328 325 325 325 325 325 323 321 321 322 320
320 318 318 318 315 315 317 314 311 315 317 316 315 316 317 318 318 316 314 313 312 311 311 310 310 309 308 306 305 306 312 315 315 317 321 321 317 312 307 302 303 311 319 323 325 325 326 326 326 315 305 306 313 315 315 317 320 321 322 324 326 331 332 326 318 316 314 312 312 317 317 315 315 315 315 314 316 320 322 323 326 331 330 327 325 324 323 323 323 320 318 319 321 319
319 315 314 316 313 312 314 314 312 316 319 317 316 316 317 317 316 315 314 313 312 311 312 311 310 310 309 308 308 308 310 312 311 313 317 319 319 316 311 306 309 316 322 324 323 322 321 321 320 312 306 308 316 318 317 318 320 320 321 324 329 335 334 327 320 315 314 314 313 313 311 309 311 315 317 315 315 317 319 321 324 327 326 323 321 320 318 318 317 315 313 314 319 318
316 311 310 311 310 310 311 311 311 315 319 319 317 317 316 315 316 315 313 311 310 310 311 312 312 311 310 309 309 308 308 309 309 310 314 318 320 323 319 313 313 318 322 321 320 320 317 316 313 307 304 307 314 317 318 319 322 324 324 326 332 337 334 327 320 316 318 321 319 314 309 307 309 315 318 316 312 312 315 317 318 319 318 316 315 314 313 313 312 313 311 310 315 316
309 305 303 304 306 308 308 307 306 308 312 315 316 316 314 314 316 316 313 310 309 309 309 310 310 310 310 309 308 306 306 306 306 307 310 314 319 323 318 312 311 314 317 317 318 318 316 311 308 307 306 306 309 312 314 316 322 325 324 326 333 338 334 329 322 317 321 327 323 316 312 310 311 315 319 315 310 309 310 310 310 309 309 308 308 308 308 308 309 311 310 308 312 315
300 300 300 300 303 304 303 300 299 302 305 308 312 314 314 315 318 318 314 309 308 307 307 308 310 311 309 307 305 303 302 301 301 300 301 307 316 318 312 308 307 310 314 315 316 318 316 309 308 309 308 304 303 304 306 310 317 322 323 325 332 335 332 328 321 318 323 328 322 317 314 311 312 316 317 313 308 306 305 304 304 304 304 304 302 301 301 301 302 304 306 305 308 312
295 298 299 300 302 304 302 297 298 303 306 307 310 313 313 316 320 319 313 308 305 306 306 307 310 311 309 306 303 301 298 296 295 295 299 306 313 313 308 306 307 309 312 313 314 318 315 308 308 310 306 301 301 303 306 310 315 320 322 325 329 328 325 322 317 315 321 323 316 313 312 310 311 315 315 310 306 302 301 302 304 304 304 303 301 299 299 298 297 299 300 300 302 306
296 298 302 303 304 307 306 302 305 310 311 308 309 310 310 312 318 319 313 306 304 304 306 308 309 310 309 306 302 299 296 294 295 298 302 307 311 311 309 310 310 309 310 311 312 315 311 306 306 307 306 306 309 313 316 319 320 320 321 324 324 318 317 316 312 311 316 315 309 308 307 306 308 312 312 309 305 302 302 304 306 305 305 305 304 303 302 301 300 300 299 299 299 302
301 301 304 306 306 310 310 306 309 316 316 311 310 311 310 309 315 320 317 313 310 309 309 309 311 311 310 307 302 298 297 296 298 300 304 307 310 312 313 313 311 309 309 309 310 310 309 307 308 311 312 313 317 320 322 325 325 324 325 325 319 312 311 313 312 311 313 309 305 304 304 304 308 312 313 312 308 305 305 306 307 307 306 307 307 307 307 307 307 306 306 306 307 307
308 304 305 308 310 312 310 307 310 317 319 314 313 317 317 315 318 324 326 326 325 323 319 315 314 314 313 309 304 299 297 298 299 302 305 308 311 314 316 314 311 309 307 307 308 310 314 317 320 321 320 319 320 322 324 326 327 328 331 328 319 312 311 316 320 318 313 308 304 304 305 308 313 316 318 318 313 309 306 307 308 308 308 309 309 310 310 311 312 312 313 314 315 316
315 308 306 311 315 313 308 307 312 318 321 316 314 320 322 319 321 326 329 330 331 330 328 323 320 319 317 312 306 301 299 300 302 304 307 310 313 318 319 317 313 310 308 309 312 316 320 324 326 326 324 322 323 324 325 326 329 335 336 327 319 314 314 321 328 322 312 308 307 307 308 311 316 319 323 322 316 310 307 308 309 310 310 311 312 313 314 316 316 317 317 317 318 320
321 313 307 311 318 314 308 309 315 320 321 315 314 319 319 318 320 323 325 327 328 329 329 326 324 324 321 315 310 304 302 303 304 305 308 311 316 322 324 320 317 316 316 316 316 319 322 323 322 322 320 321 323 326 326 328 334 341 337 327 320 313 314 324 332 323 312 309 310 309 309 312 318 324 327 323 318 313 309 309 311 312 313 315 317 318 319 320 320 320 320 320 320 322
323 318 308 310 319 316 310 313 318 321 320 315 315 318 317 317 319 320 322 324 324 324 325 325 325 329 328 324 320 313 308 308 308 307 309 313 319 325 327 325 322 322 322 319 316 317 318 316 314 313 313 315 320 324 325 329 337 341 334 327 320 312 314 326 331 320 311 310 312 310 310 315 321 327 328 324 320 316 311 311 313 315 317 319 321 321 321 321 321 321 321 321 321 324
326 325 318 317 320 317 313 316 320 322 318 314 315 316 316 317 319 320 323 325 324 322 324 324 325 330 334 335 332 326 322 321 321 319 319 321 326 331 332 329 325 323 323 319 314 315 317 316 314 312 310 312 316 320 322 327 334 334 329 326 318 311 315 328 328 316 309 310 313 311 311 316 323 327 328 325 322 318 314 312 314 317 319 321 322 321 320 319 319 318 318 317 319 321
325 328 327 324 324 319 316 317 321 322 316 313 314 315 315 317 319 321 323 325 323 323 323 322 323 327 332 335 334 330 327 328 330 331 330 332 335 336 334 330 324 321 322 318 312 313 318 319 319 318 317 316 317 318 321 325 326 325 325 325 316 310 316 328 324 313 309 311 313 311 311 317 322 327 328 325 322 319 314 311 312 315 317 317 318 317 316 315 314 313 313 314 317 319
321 324 326 324 322 318 316 317 320 319 314 311 313 314 315 317 318 319 322 322 322 324 322 320 322 324 325 327 327 324 320 322 327 331 332 333 335 336 333 328 322 318 321 318 311 312 317 320 322 322 320 319 318 320 325 326 320 319 324 324 315 310 316 326 319 310 308 311 312 311 312 317 320 325 326 324 321 318 313 308 307 310 312 312 312 311 310 310 310 311 314 318 320 318
316 317 318 315 313 310 309 314 317 316 313 312 313 315 315 316 315 316 318 318 322 325 321 318 320 322 322 321 319 315 311 313 319 325 327 325 328 330 330 327 320 317 320 319 313 311 315 317 317 316 317 319 320 324 331 328 319 318 323 323 316 311 317 323 315 309 308 310 311 312 315 317 319 321 322 321 320 317 311 305 303 306 309 310 310 309 309 309 311 314 318 321 320 317
310 309 310 308 306 305 306 313 318 317 316 315 316 318 317 315 314 314 315 317 322 325 319 317 320 322 320 318 317 313 310 311 316 323 323 319 319 323 325 325 320 316 318 320 314 312 314 315 314 315 318 320 321 325 330 326 318 317 321 322 315 310 315 319 312 307 308 310 312 315 317 317 318 318 316 318 319 316 310 303 301 304 308 310 311 312 312 313 315 317 321 322 319 317
304 306 309 311 313 314 315 320 325 324 320 318 318 319 319 316 314 315 317 319 323 324 319 317 321 324 321 319 318 314 310 309 313 320 321 317 316 318 323 325 320 314 317 320 316 313 316 318 317 318 320 318 319 322 323 320 317 313 317 322 318 313 314 315 309 305 307 311 314 317 318 318 318 314 313 317 319 317 311 304 300 303 308 311 313 315 315 316 317 319 323 322 318 317
311 313 316 319 321 322 321 322 327 326 323 321 319 317 316 314 314 317 319 320 321 322 320 318 324 328 324 321 319 316 312 308 309 315 319 317 315 316 320 325 322 315 316 320 316 314 317 317 315 316 316 315 318 321 318 319 319 312 313 322 323 319 318 315 308 304 306 311 315 318 319 320 318 312 312 317 321 320 313 305 301 303 308 312 314 316 316 317 318 321 322 320 318 318
321 321 321 321 322 321 319 318 322 323 321 324 323 318 315 315 316 318 320 320 320 322 322 322 326 327 323 320 318 316 313 309 309 312 316 317 315 315 319 325 323 316 315 318 315 314 316 314 312 313 317 320 323 322 317 319 323 315 311 321 326 321 319 314 307 304 306 311 316 319 321 323 317 311 313 318 323 322 316 308 302 302 308 312 315 316 316 317 318 320 320 319 318 319
320 321 320 319 319 319 314 312 318 320 319 325 327 321 316 315 316 318 319 321 321 322 324 327 327 323 319 316 316 314 311 309 309 312 316 317 315 314 317 322 322 316 314 316 315 314 317 316 314 317 322 325 326 320 315 319 325 317 312 321 329 324 319 314 307 304 306 312 317 319 323 325 316 311 313 318 321 322 318 310 303 302 307 312 314 315 315 315 317 319 319 318 317 316
316 316 315 314 317 320 314 310 315 318 318 323 326 318 311 311 315 317 318 319 319 320 324 329 328 322 317 315 315 313 310 308 309 311 316 318 316 312 312 315 317 315 313 315 315 317 320 318 317 320 323 327 324 316 313 317 323 319 315 321 329 324 320 315 307 305 308 313 317 320 324 323 313 310 312 315 318 321 320 313 304 301 305 311 313 314 314 315 317 317 317 316 314 312
315 314 313 313 317 322 314 308 312 317 318 322 320 311 304 306 312 315 316 317 319 321 324 327 327 320 315 315 316 312 308 306 305 307 312 315 316 314 312 311 313 315 315 315 316 319 321 318 317 320 324 328 323 316 316 319 323 320 316 320 326 323 319 313 305 304 309 314 317 322 326 320 311 309 312 314 317 322 323 316 307 301 303 309 312 314 315 316 317 317 316 314 311 307
319 315 314 315 321 323 313 308 312 319 322 323 318 310 303 303 310 316 317 319 322 324 324 325 325 320 315 315 314 309 304 301 299 300 304 307 309 312 314 314 315 317 319 317 316 320 320 316 316 319 324 327 323 320 321 324 326 324 319 319 323 321 318 312 305 304 310 315 319 325 327 318 310 310 313 316 319 324 326 319 309 302 303 308 312 315 316 317 317 316 314 310 306 305
322 318 317 320 326 324 312 308 313 323 329 326 319 314 307 304 310 319 322 323 324 326 325 325 325 323 319 316 313 308 302 297 295 297 301 303 306 308 311 313 315 319 321 318 317 318 317 314 312 314 318 322 320 318 321 324 326 326 324 321 322 322 320 315 309 308 312 317 321 328 327 316 311 313 315 317 320 325 327 321 310 304 304 309 313 316 317 317 315 313 309 306 306 308
323 319 318 323 330 325 313 308 314 327 332 326 320 316 312 309 312 319 321 321 324 326 326 326 328 328 324 316 311 308 304 299 297 300 305 309 312 313 313 312 313 316 321 321 318 318 318 314 311 311 312 314 313 312 315 318 320 323 324 324 325 326 325 321 316 313 314 318 324 330 325 314 311 313 315 316 318 323 326 321 312 306 307 311 315 317 317 316 312 308 306 308 310 311
321 317 316 322 329 324 313 309 317 331 331 323 318 317 314 311 312 316 318 318 321 324 326 328 331 333 326 312 306 306 304 299 297 301 307 311 313 316 316 316 316 317 322 323 320 320 322 319 315 314 314 314 313 311 312 316 319 322 324 326 327 328 326 324 320 316 315 319 326 330 322 312 310 311 312 313 315 319 322 320 313 309 309 313 315 316 316 313 310 308 309 311 312 312
315 315 314 319 325 323 312 309 319 332 327 318 316 316 314 311 311 316 319 318 321 324 328 330 335 338 327 313 306 306 304 298 297 301 307 310 312 313 315 317 318 320 323 324 322 324 327 324 320 319 319 320 320 316 315 317 318 321 324 325 326 325 323 323 321 315 314 319 328 329 319 311 308 309 311 312 314 315 319 319 314 309 309 312 313 313 312 310 309 310 312 312 312 314
308 310 311 315 321 321 312 310 320 331 322 315 314 315 313 310 312 318 319 319 322 326 329 334 341 341 329 316 309 308 306 301 299 302 307 309 310 312 314 315 316 318 321 323 324 327 328 325 322 320 319 321 322 318 315 316 318 319 322 325 324 321 320 321 319 313 312 318 327 327 317 310 308 310 311 312 313 313 316 317 312 308 307 308 309 308 307 309 310 312 313 313 314 315
307 308 308 311 318 319 313 313 325 331 320 314 313 316 314 309 312 318 316 315 320 327 332 339 347 342 328 318 311 309 308 303 300 300 302 304 308 311 315 318 319 320 323 326 327 326 323 319 316 314 313 316 317 314 313 316 318 319 321 324 323 320 319 318 315 311 310 317 326 325 317 310 309 310 311 312 312 312 314 315 310 306 305 306 308 309 308 309 311 312 313 313 314 315
313 313 312 313 317 318 315 318 328 328 319 312 313 318 314 307 310 319 313 309 316 326 335 346 349 339 326 319 314 310 306 302 299 298 301 305 309 313 317 319 322 324 327 330 330 322 314 309 305 304 307 312 314 313 314 317 320 320 321 323 322 318 316 314 312 310 311 317 324 325 318 312 309 310 311 311 311 311 313 313 309 306 306 309 314 313 310 310 311 312 313 314 314 315
314 314 313 313 316 317 316 320 326 322 316 310 310 319 315 306 310 320 314 306 311 325 338 350 347 333 325 320 316 312 306 301 301 304 309 313 317 320 321 321 322 325 329 334 331 320 312 307 305 307 311 314 314 314 315 318 320 320 321 322 322 317 313 311 311 311 312 317 323 324 320 313 310 310 311 311 311 311 312 313 311 309 312 317 321 316 311 310 311 313 314 315 316 317
311 309 308 309 313 316 315 319 320 317 313 308 308 316 314 306 310 320 316 307 311 327 344 351 340 327 322 320 319 317 312 306 306 310 314 318 321 324 326 326 326 329 335 339 334 325 320 316 315 316 317 315 312 312 314 316 318 320 321 323 323 318 314 313 312 313 315 318 323 324 320 315 311 311 311 311 310 310 312 313 312 313 316 322 323 317 311 310 313 315 317 317 318 318
311 310 310 311 311 312 313 314 314 312 309 305 305 310 310 307 310 318 316 308 311 331 350 347 333 323 319 319 321 322 320 314 311 312 315 316 317 319 323 327 330 335 341 341 333 326 323 319 317 317 319 314 309 310 313 316 318 320 323 324 323 319 315 313 314 315 317 320 323 324 321 316 312 310 309 309 309 310 312 313 314 315 319 325 323 317 313 313 316 319 319 319 319 319
313 313 314 315 312 310 311 310 308 308 307 303 303 305 307 308 309 314 313 307 311 337 352 340 327 322 321 323 326 325 322 317 312 312 314 314 314 317 322 327 331 337 344 340 328 320 317 314 311 312 314 311 308 311 316 318 319 322 325 324 320 316 312 312 313 316 318 321 323 323 320 315 311 308 306 307 308 310 313 314 315 318 322 326 323 318 316 318 321 323 322 322 321 319
312 313 315 317 314 313 315 314 310 308 306 302 302 302 302 303 305 309 310 308 316 341 345 334 327 323 322 326 328 326 321 315 312 312 315 317 319 322 327 332 335 340 346 340 326 317 311 308 306 307 308 308 309 315 321 321 322 326 326 321 316 312 309 310 312 315 318 321 323 322 319 315 311 307 305 305 307 310 313 315 317 319 323 326 323 318 318 320 324 326 325 324 322 320
311 312 315 318 316 316 319 319 314 310 304 299 297 294 291 292 297 303 307 309 323 339 336 332 327 322 320 325 328 324 318 314 312 312 313 316 320 324 328 332 335 343 349 341 330 322 315 310 306 304 306 308 311 317 322 325 329 333 328 321 316 312 310 310 312 314 317 321 323 322 319 316 313 309 306 303 305 309 312 314 316 318 320 322 320 317 317 320 323 325 326 326 324 322
310 312 317 319 317 315 316 315 312 310 304 299 296 292 288 289 295 302 307 315 328 334 330 328 323 317 317 325 327 319 315 314 312 311 308 308 313 318 320 326 334 345 350 343 333 325 319 316 314 313 311 311 314 319 324 329 336 336 328 323 317 311 309 311 314 317 319 323 325 321 316 313 311 309 305 302 302 305 309 312 314 315 317 318 317 315 315 317 321 323 324 325 324 323
309 313 317 318 316 313 312 310 310 314 312 310 309 307 304 302 304 308 314 322 329 329 326 323 316 312 315 327 324 314 313 314 314 312 307 303 309 319 323 327 337 349 352 346 336 329 325 322 320 320 318 316 317 322 328 335 340 336 326 319 312 307 308 314 318 319 321 325 328 323 316 312 310 307 303 300 299 302 307 310 312 314 314 315 314 313 312 314 317 320 322 323 324 324
309 311 314 315 313 312 312 311 315 319 318 317 320 321 320 316 314 315 320 325 326 326 324 320 313 310 317 328 319 311 312 316 315 313 308 304 310 322 329 333 343 353 355 346 336 331 326 320 317 319 320 318 318 324 332 341 344 336 324 317 313 310 311 317 321 321 322 326 328 324 319 315 313 309 305 300 298 300 305 310 312 312 312 313 313 312 311 311 313 317 319 320 322 323
