data/real/Dogrib_v624/conserv_mass/windninja_315_30_100m_vel.asc
NCOLS 357 
NROWS 223 
XLLCORNER 457900 
YLLCORNER 5716800 
CELLSIZE 100 
NODATA_value -3.4e+38 
[rows 189 to 209 of 223, columns 230 to 275 of 357]
27.9699993133545 27.6499996185303 27.4899997711182 27.4799995422363 27.1399993896484 26.5100002288818 26.2600002288818 26.5100002288818 26.5799999237061 26.3500003814697 26.3199996948242 26.5900001525879 26.6100006103516 26.3799991607666 26.3299999237061 26.5499992370605 26.8899993896484 26.9200000762939 26.8299999237061 27.2399997711182 27.6399993896484 27.5599994659424 27.5300006866455 27.7000007629395 27.7299995422363 27.4200000762939 26.7900009155273 26.2600002288818 26.0900001525879 26.0200004577637 25.4699993133545 24.5599994659424 23.8600006103516 23.6000003814697 23.7000007629395 23.9300003051758 24.2099990844727 24.6200008392334 24.9699993133545 25.1100006103516 25.1299991607666 25.2900009155273 25.5699996948242 25.7999992370605 25.8099994659424 25.9500007629395
27.7199993133545 27.4300003051758 27.3600006103516 27.3999996185303 27.1800003051758 26.9500007629395 27.1000003814697 27.1700000762939 26.8799991607666 26.6900005340576 26.7999992370605 26.9799995422363 26.9500007629395 26.75 26.6499996185303 26.7800006866455 26.9699993133545 26.8500003814697 26.8799991607666 27.4099998474121 27.6700000762939 27.4599990844727 27.2900009155273 27.2099990844727 26.9799995422363 26.4799995422363 26.0100002288818 25.8199996948242 25.8099994659424 25.5599994659424 25 24.4799995422363 24.2199993133545 24.1499996185303 24.0200004577637 23.9500007629395 24.3199996948242 24.8799991607666 25.1900005340576 25.2600002288818 25.2800006866455 25.4300003051758 25.6000003814697 25.6800003051758 25.7700004577637 26.2299995422363
27.7399997711182 27.4799995422363 27.4500007629395 27.4400005340576 27.1800003051758 27.1100006103516 27.3199996948242 27.1599998474121 26.8500003814697 26.8899993896484 27.1700000762939 27.3500003814697 27.1800003051758 26.9099998474121 26.7999992370605 26.8500003814697 26.9500007629395 27 27.0799999237061 27.1499996185303 26.9699993133545 26.6399993896484 26.4200000762939 26.3400001525879 26.1599998474121 25.8999996185303 25.8199996948242 25.7800006866455 25.6299991607666 25.3700008392334 25.1100006103516 24.8700008392334 24.5 24.0100002288818 23.6100006103516 23.8899993896484 24.8099994659424 25.3899993896484 25.3899993896484 25.2700004577637 25.2399997711182 25.2600002288818 25.3700008392334 25.6499996185303 26.0200004577637 26.6499996185303
27.9300003051758 27.7999992370605 27.7700004577637 27.7099990844727 27.4300003051758 27.3600006103516 27.4500007629395 27.2199993133545 27.0400009155273 27.1700000762939 27.3500003814697 27.2600002288818 26.9300003051758 26.6900005340576 26.6900005340576 26.7700004577637 26.9500007629395 27.0900001525879 26.9099998474121 26.6399993896484 26.4699993133545 26.2399997711182 26.0499992370605 25.9899997711182 25.8600006103516 25.7700004577637 25.7199993133545 25.4899997711182 25.3500003814697 25.3199996948242 25.2099990844727 24.9099998474121 24.1700000762939 23.5 23.8299999237061 25.0200004577637 25.9300003051758 25.8700008392334 25.3500003814697 25.1900005340576 25.2800006866455 25.3299999237061 25.7800006866455 26.4500007629395 26.8400001525879 27.2299995422363
28.0300006866455 27.9400005340576 27.8799991607666 27.6599998474121 27.2099990844727 27.1299991607666 27.3899993896484 27.3999996185303 27.3199996948242 27.3500003814697 27.2800006866455 27 26.7399997711182 26.6299991607666 26.6900005340576 26.8199996948242 26.8400001525879 26.7099990844727 26.5100002288818 26.3899993896484 26.2700004577637 26.0100002288818 25.8400001525879 25.7700004577637 25.6100006103516 25.4300003051758 25.1900005340576 25.0100002288818 25.1000003814697 25.1299991607666 24.8700008392334 24.4400005340576 23.7999992370605 23.6800003051758 24.9599990844727 26.2399997711182 26.2800006866455 25.8099994659424 25.5 25.6000003814697 25.8500003814697 26.1299991607666 26.7700004577637 27.2700004577637 27.3099994659424 27.2800006866455
28.1100006103516 27.7900009155273 27.4400005340576 26.9500007629395 26.7000007629395 27.0300006866455 27.5300006866455 27.4899997711182 27.1299991607666 26.9699993133545 26.8799991607666 26.7299995422363 26.6100006103516 26.5100002288818 26.5100002288818 26.5699996948242 26.3999996185303 26.2299995422363 26.2000007629395 26.0599994659424 25.7099990844727 25.3999996185303 25.2900009155273 25.2000007629395 24.9899997711182 24.6599998474121 24.2900009155273 24.2299995422363 24.4799995422363 24.3799991607666 23.9200000762939 24.1800003051758 24.5799999237061 24.7600002288818 25.8600006103516 26.4899997711182 26.0799999237061 26.1000003814697 26.2700004577637 26.2299995422363 26.3899993896484 26.7600002288818 26.9699993133545 26.9300003051758 26.7199993133545 26.5200004577637
27.75 27.1900005340576 26.6200008392334 26.3999996185303 26.8600006103516 27.5100002288818 27.75 27.3500003814697 26.7099990844727 26.5200004577637 26.5900001525879 26.4899997711182 26.3500003814697 26.3400001525879 26.2999992370605 26.1800003051758 25.9899997711182 25.8500003814697 25.7099990844727 25.3600006103516 24.9300003051758 24.7199993133545 24.6900005340576 24.4500007629395 23.7999992370605 22.9799995422363 22.6700000762939 23.2900009155273 24.1200008392334 24.1200008392334 24.1700000762939 26.0599994659424 27.0599994659424 26.0499992370605 26.1200008392334 26.6800003051758 26.7000007629395 27.0200004577637 26.7900009155273 26.1800003051758 26.3299999237061 26.7099990844727 26.6000003814697 26.4099998474121 26.2600002288818 26.1900005340576
27.1499996185303 26.3899993896484 26.1000003814697 26.5400009155273 27.2900009155273 27.6700000762939 27.5300006866455 27.0599994659424 26.5900001525879 26.5799999237061 26.6000003814697 26.2099990844727 25.9899997711182 26.0400009155273 25.8500003814697 25.6200008392334 25.5 25.2099990844727 24.6599998474121 24.1399993896484 24.0300006866455 24.0499992370605 23.9300003051758 23.3799991607666 22.4300003051758 22.0200004577637 23.1000003814697 25.1399993896484 26.4599990844727 26.8600006103516 27.8299999237061 29.8299999237061 28.9599990844727 25.9699993133545 25.7800006866455 27.1900005340576 27.6700000762939 27.3099994659424 26.1800003051758 25.5100002288818 25.9699993133545 26.5699996948242 26.6900005340576 26.6900005340576 26.7399997711182 26.6599998474121
25.9200000762939 25.4400005340576 25.7999992370605 26.4899997711182 27 27.1599998474121 27 26.6399993896484 26.4699993133545 26.5799999237061 26.2999992370605 25.7299995422363 25.6200008392334 25.4699993133545 24.9899997711182 24.8199996948242 24.8899993896484 24.4899997711182 23.3899993896484 22.9799995422363 23.5900001525879 23.7600002288818 23.5799999237061 23.4400005340576 23.4699993133545 25.0900001525879 28.4099998474121 30.6700000762939 31.3199996948242 31.6800003051758 32.1300010681152 31.2199993133545 27.3700008392334 24.1100006103516 25.3700008392334 27.7600002288818 27.7800006866455 26.3600006103516 25.2800006866455 25.3999996185303 26.2999992370605 27.1100006103516 27.4400005340576 27.4300003051758 27.0400009155273 26.4500007629395
23.6599998474121 24.3299999237061 25.3899993896484 26.1599998474121 26.6800003051758 26.8099994659424 26.5799999237061 26.2999992370605 26.2700004577637 26.1299991607666 25.4400005340576 24.9099998474121 24.8299999237061 24.5300006866455 24.3199996948242 24.7999992370605 25.4300003051758 24.6700000762939 23.1800003051758 23.75 25.2999992370605 25.6100006103516 25.9500007629395 26.7800006866455 28.0799999237061 30.4500007629395 32.75 33.4799995422363 33.3800010681152 32.9199981689453 31.0499992370605 27.1100006103516 23.1900005340576 23.4200000762939 26.8700008392334 28.6700000762939 27.2299995422363 25.8299999237061 26.0799999237061 27.0200004577637 28.1499996185303 28.7999992370605 28.7199993133545 27.7999992370605 26.3299999237061 25.5100002288818
23.0799999237061 24.8600006103516 26.0499992370605 26.8799991607666 27.5400009155273 27.5 27.2199993133545 26.9599990844727 26.4400005340576 25.5300006866455 24.4799995422363 23.9500007629395 24.1599998474121 24.8799991607666 26 27.2800006866455 27.2900009155273 24.9899997711182 24.2399997711182 26.8999996185303 29.0599994659424 29.8700008392334 30.6100006103516 31.2000007629395 31.9500007629395 32.9799995422363 33.5 33.2799987792969 32.2000007629395 29.3899993896484 25.0100002288818 21.4200000762939 21.7600002288818 25.8299999237061 29.2399997711182 28.8899993896484 26.8899993896484 27.1399993896484 28.4699993133545 29.1200008392334 29.6299991607666 29.5300006866455 28.6200008392334 27.1399993896484 25.8199996948242 25.6399993896484
25.5499992370605 27.7399997711182 28.6100006103516 29.2600002288818 29.6399993896484 29.2700004577637 28.8099994659424 27.9400005340576 26.3500003814697 25.0900001525879 24.5 24.5799999237061 26.0599994659424 28.3400001525879 29.8099994659424 29.5799999237061 26.8999996185303 24.1000003814697 26.2000007629395 30.5100002288818 32.1500015258789 32.4000015258789 32.4799995422363 32.4599990844727 32.689998626709 33.0499992370605 33.0699996948242 32 28.6700000762939 23.7099990844727 20.2900009155273 20.7600002288818 24.6399993896484 28.5 29.4400005340576 27.7399997711182 27.0599994659424 28.7299995422363 29.5400009155273 29.1100006103516 28.8400001525879 28.2900009155273 27.4099998474121 26.7900009155273 26.7399997711182 27.25
29.3299999237061 31.0400009155273 31.3400001525879 31.3700008392334 31.1200008392334 30.2000007629395 28.8600006103516 27.2099990844727 25.9599990844727 25.9300003051758 26.6000003814697 27.5799999237061 29.5699996948242 30.8099994659424 29.8400001525879 27.2600002288818 24.1800003051758 24.7900009155273 30.2399997711182 33.7799987792969 33.4199981689453 32.2999992370605 31.7700004577637 31.6800003051758 31.8299999237061 31.8600006103516 31.0300006866455 28.0900001525879 23.3400001525879 20.1299991607666 20.7199993133545 24.3400001525879 27.9599990844727 29.4699993133545 28.8099994659424 27.8299999237061 28.2999992370605 28.8700008392334 28.3500003814697 27.9099998474121 27.9699993133545 27.9400005340576 27.8899993896484 28.1599998474121 28.6100006103516 29.1000003814697
32.1300010681152 32.4000015258789 31.8099994659424 31.1599998474121 30.2999992370605 28.8700008392334 27.1900005340576 26.4899997711182 27 27.8299999237061 28.4400005340576 28.9599990844727 29.5900001525879 29.1700000762939 27.5 25.6499996185303 25.1000003814697 29.1499996185303 34.2000007629395 34.7299995422363 32.5099983215332 31.1800003051758 31.1200008392334 31.0100002288818 30.5599994659424 29.5400009155273 26.9300003051758 22.9200000762939 20.1399993896484 20.8199996948242 24.4099998474121 28.0599994659424 29.8199996948242 29.9599990844727 29.3600006103516 29.0400009155273 28.6000003814697 27.4500007629395 27.2700004577637 28.0599994659424 28.6000003814697 28.7700004577637 29 29.3299999237061 29.5799999237061 29.7099990844727
32.0499992370605 31.1200008392334 30.1800003051758 29.2600002288818 28.2800006866455 27.2099990844727 26.6700000762939 27.4599990844727 28.0699996948242 27.6800003051758 27.4799995422363 27.8899993896484 28.4200000762939 28.8899993896484 29 28.5300006866455 29.5900001525879 33.1300010681152 34.9199981689453 33.1100006103516 30.8999996185303 30.4899997711182 30.5799999237061 29.7299995422363 28.3199996948242 25.9899997711182 22.4500007629395 20.2199993133545 21.0200004577637 24.0799999237061 27.7199993133545 29.8899993896484 30.2399997711182 29.7600002288818 28.8600006103516 27.9500007629395 26.7800006866455 26.3199996948242 27.7600002288818 29.0100002288818 29.0400009155273 28.8299999237061 28.7999992370605 28.9799995422363 29.2099990844727 29.1800003051758
29.2399997711182 28.4099998474121 27.7900009155273 27.2299995422363 26.9599990844727 26.8700008392334 27.2000007629395 27.5900001525879 26.9799995422363 26.3799991607666 27.2199993133545 28.9300003051758 30.4099998474121 31.2000007629395 30.9899997711182 30.75 32.2099990844727 33.9799995422363 33.8300018310547 32.1399993896484 30.8400001525879 30.4699993133545 29.2299995422363 26.9300003051758 24.6700000762939 22.2800006866455 20.7800006866455 21.7099990844727 24.7999992370605 27.6000003814697 29.2999992370605 29.9300003051758 29.3099994659424 28.0200004577637 26.8999996185303 26.3799991607666 26.4599990844727 27.3999996185303 28.9699993133545 29.4300003051758 28.9500007629395 28.6299991607666 28.4400005340576 28.8899993896484 29.3500003814697 29.0100002288818
26.6599998474121 26.2800006866455 25.9899997711182 26.2700004577637 26.7800006866455 26.8999996185303 26.9099998474121 26.6800003051758 26.5300006866455 27.7600002288818 29.8299999237061 31.3700008392334 32 31.6200008392334 31.0599994659424 31.3799991607666 32.4300003051758 33.1199989318848 32.9500007629395 32.0200004577637 30.6399993896484 28.4899997711182 25.4099998474121 22.8600006103516 21.6700000762939 21.7099990844727 23.0400009155273 25.3299999237061 27.8700008392334 29.1000003814697 29.3400001525879 29.2800006866455 27.8299999237061 26.3600006103516 26.4500007629395 27.1499996185303 27.9699993133545 28.8400001525879 29.5100002288818 29.3700008392334 28.8400001525879 28.5799999237061 28.9200000762939 30.0499992370605 30.6000003814697 29.7700004577637
26.2299995422363 25.8099994659424 25.7999992370605 26.8500003814697 27.4200000762939 27.0900001525879 27.2099990844727 27.7700004577637 28.8700008392334 30.4599990844727 31.5 31.8500003814697 31.6399993896484 31.1399993896484 31.2000007629395 31.8099994659424 32.2400016784668 32.5999984741211 32.560001373291 31.1700000762939 28.0200004577637 23.8899993896484 21.2399997711182 21.2000007629395 22.5200004577637 24.4799995422363 26.2299995422363 27.3400001525879 28.1900005340576 28.4899997711182 28.5300006866455 27.9699993133545 26.1900005340576 25.9500007629395 27.2299995422363 27.8799991607666 28.1800003051758 28.6000003814697 28.8700008392334 28.7099990844727 28.3099994659424 28.4799995422363 29.9599990844727 31.5799999237061 31.8799991607666 30.5200004577637
27.0300006866455 26.4899997711182 27.0599994659424 28.2399997711182 28.4799995422363 28.6200008392334 29.5599994659424 30.5200004577637 30.9899997711182 31.1100006103516 31.3700008392334 31.5699996948242 31.4500007629395 31.4099998474121 31.7700004577637 32.2900009155273 32.7299995422363 33.0999984741211 32.2400016784668 28.8199996948242 23.7199993133545 20.3899993896484 21.3600006103516 24.1800003051758 26.0599994659424 27.2600002288818 27.5400009155273 27.2399997711182 27.1399993896484 27.2000007629395 26.9899997711182 25.7900009155273 24.6100006103516 25.5499992370605 26.7000007629395 26.7600002288818 27.2099990844727 27.9300003051758 28.4699993133545 28.6900005340576 28.4799995422363 29.4099998474121 31.8400001525879 33.2799987792969 32.4300003051758 29.7800006866455
27.3700008392334 27.1200008392334 28.0100002288818 28.9099998474121 29.6200008392334 30.8999996185303 31.7000007629395 31.5900001525879 30.9799995422363 30.8600006103516 31.5100002288818 31.7999992370605 31.7800006866455 32.0099983215332 32.4799995422363 32.9799995422363 33.4199981689453 32.9799995422363 30.0699996948242 24.7000007629395 20.3700008392334 20.9200000762939 24.9099998474121 27.3199996948242 27.75 27.4599990844727 26.7999992370605 26.25 25.9400005340576 25.7399997711182 25.3299999237061 24.2299995422363 23.5499992370605 24.25 24.9500007629395 25.8700008392334 27.6200008392334 28.8099994659424 29.6000003814697 29.9799995422363 29.9099998474121 31.5599994659424 34.2900009155273 34.5400009155273 31.5599994659424 27.5100002288818
27.0400009155273 26.9300003051758 27.7199993133545 29.0100002288818 30.8999996185303 32.2099990844727 31.9400005340576 31.1599998474121 30.8600006103516 31.3400001525879 31.8899993896484 31.9899997711182 32.0900001525879 32.3600006103516 32.689998626709 33.0099983215332 32.8600006103516 30.7099990844727 25.9300003051758 21.1299991607666 20.2700004577637 24.1800003051758 27.4799995422363 27.7000007629395 26.7299995422363 25.6100006103516 24.8999996185303 24.5799999237061 24.2900009155273 24.3199996948242 24.2900009155273 23.4300003051758 22.5200004577637 22.6900005340576 24.5499992370605 28.0100002288818 30.4799995422363 30.8600006103516 31.1800003051758 31.4300003051758 31.6399993896484 33.689998626709 35.7799987792969 34.0499992370605 29.2299995422363 25.7700004577637
