data/real/Dogrib_v624/conserv_mass/windninja_240_30_100m_ang.asc
NCOLS 357 
NROWS 223 
XLLCORNER 457900 
YLLCORNER 5716800 
CELLSIZE 100 
NODATA_value -3.4e+38 
[rows 42 to 83 of 223, columns 0 to 93 of 357]
217 218 220 221 223 227 233 239 243 244 246 247 246 244 244 247 252 255 256 256 256 256 254 250 245 244 245 246 247 246 244 242 241 241 243 243 243 242 242 240 240 241 240 239 238 238 237 236 232 224 221 229 235 237 237 238 239 239 240 241 238 234 230 230 231 232 233 234 235 237 239 242 246 250 254 253 247 240 233 231 231 225 211 209 219 230 238 245 246 248 253 249 222 218
207 211 215 217 219 224 231 235 237 239 241 242 241 239 240 244 250 253 253 250 247 247 246 242 239 239 240 241 242 242 240 239 239 241 242 242 242 242 241 239 239 239 238 237 236 236 236 235 232 225 219 227 234 236 237 238 239 239 239 238 236 233 232 231 232 234 235 236 237 240 242 245 249 253 254 251 243 236 229 228 230 222 209 212 223 233 245 248 244 244 245 236 216 219
198 205 211 213 217 224 231 234 235 236 238 238 236 234 235 240 245 249 247 242 238 237 237 235 234 235 236 237 237 237 238 238 239 240 241 241 241 241 240 237 237 237 237 235 235 235 235 234 232 225 218 224 233 236 237 238 238 237 236 234 233 233 232 232 233 235 237 238 240 242 245 248 252 255 255 250 239 232 226 223 226 220 215 222 232 246 257 255 246 247 245 235 222 225
191 199 208 210 214 222 229 232 233 235 236 235 232 230 231 235 241 243 240 234 230 229 230 231 232 233 235 235 235 235 236 237 238 239 240 240 241 240 238 235 235 236 235 234 234 235 235 234 232 226 218 221 231 235 236 236 234 232 232 232 232 233 233 233 235 237 238 239 241 244 247 250 254 257 256 249 237 231 225 218 219 223 226 233 243 255 258 250 244 249 247 239 232 235
191 196 205 209 212 219 226 228 230 233 234 232 229 228 230 236 241 241 237 231 227 226 226 227 230 233 234 235 235 235 236 237 237 237 238 240 240 239 237 234 234 235 235 234 233 234 234 234 233 227 218 219 229 235 236 234 231 231 231 232 233 234 234 234 236 237 238 240 242 245 247 250 255 258 256 247 236 231 225 217 217 225 233 240 248 253 250 239 240 248 249 246 242 242
193 197 203 208 213 219 224 227 228 231 233 231 229 230 233 239 243 242 238 233 228 226 225 226 230 232 234 235 235 236 236 236 236 236 237 239 239 238 236 234 233 234 234 233 233 233 234 234 233 228 218 218 228 235 235 233 231 232 232 232 233 234 235 235 236 238 239 240 243 246 248 251 256 258 253 243 232 226 221 218 220 229 239 246 251 250 243 237 242 249 253 255 255 249
194 199 205 209 215 221 226 229 230 231 232 232 231 233 237 242 244 243 239 234 231 228 227 228 231 234 235 236 236 236 236 235 235 235 237 238 237 236 234 233 232 233 233 232 232 233 233 233 233 228 218 217 227 234 234 232 231 232 232 232 233 235 235 236 237 238 239 240 243 246 248 252 257 257 250 238 226 216 213 217 225 236 245 248 247 246 244 244 247 253 258 262 268 267
193 201 210 213 218 225 231 235 235 234 233 233 233 235 238 241 243 243 239 235 232 229 228 231 234 236 236 236 236 236 235 235 235 235 235 236 235 234 233 231 231 231 232 232 232 233 233 233 233 229 220 217 226 232 233 232 231 231 231 231 233 235 235 236 237 238 239 240 242 245 247 251 257 257 249 235 223 208 207 219 232 243 247 243 239 242 245 247 249 255 260 265 272 279
192 202 212 217 221 228 237 243 242 239 237 235 235 236 238 240 241 242 240 236 232 228 229 232 235 236 235 234 234 234 235 236 236 236 235 235 234 232 231 230 230 231 231 231 232 233 232 233 233 230 222 218 225 231 233 232 231 231 231 232 233 235 236 237 238 238 239 240 243 245 247 251 254 253 246 233 218 204 208 226 240 244 241 235 234 237 240 240 244 252 259 265 270 274
190 200 213 219 222 228 238 246 246 244 241 238 237 237 237 238 239 239 238 236 233 228 229 233 236 236 235 234 233 234 235 237 237 237 236 235 233 231 230 230 230 230 231 232 233 233 232 233 233 231 225 219 223 230 232 232 232 232 232 232 234 235 236 237 238 238 239 241 243 245 247 250 252 249 239 224 207 200 213 234 242 240 232 231 234 237 236 233 238 248 257 265 268 264
189 199 213 220 223 226 235 243 245 244 243 241 241 240 239 238 237 236 236 235 232 228 230 236 237 237 236 236 234 234 236 238 239 239 238 237 235 233 232 232 232 231 231 233 234 233 233 233 233 232 228 223 224 229 231 232 232 233 233 233 235 236 237 238 238 238 239 241 244 246 248 250 252 247 235 219 203 200 221 238 241 235 230 230 235 241 241 235 236 245 254 263 264 261
189 200 214 221 224 227 233 239 241 242 244 244 243 243 242 239 236 234 234 234 231 227 232 238 239 238 238 238 236 236 238 240 240 241 241 240 239 238 237 237 236 233 232 233 234 234 233 233 232 231 229 227 227 229 230 231 233 233 233 234 235 237 238 239 238 239 239 241 244 247 248 250 251 246 233 219 206 207 229 240 239 237 235 233 236 242 247 244 239 243 251 258 258 258
189 200 214 223 227 229 234 238 239 240 243 244 245 246 246 242 236 233 233 233 230 228 234 241 241 238 239 238 237 236 238 240 241 242 242 241 240 239 239 238 236 233 231 231 232 233 233 232 231 230 229 229 229 229 229 231 233 234 234 235 236 237 238 239 240 240 240 242 245 247 248 250 250 244 232 220 211 216 233 240 238 238 240 239 237 239 244 248 243 242 248 252 254 256
186 199 216 226 231 234 237 238 239 240 242 243 244 247 248 243 234 232 233 233 232 233 241 246 243 239 240 239 237 236 238 239 240 240 240 239 238 237 237 235 232 230 229 230 231 232 231 231 229 229 229 229 229 229 228 230 232 234 235 236 236 237 239 240 241 241 242 244 247 247 248 249 247 241 230 221 217 223 232 235 234 234 238 241 240 238 240 242 241 240 243 247 252 253
181 197 218 228 234 237 239 240 240 241 241 242 244 248 248 242 230 231 236 238 239 242 248 250 246 242 241 240 237 236 237 238 238 237 236 235 234 234 234 231 228 227 226 228 230 230 230 229 228 228 228 229 229 229 229 229 231 234 235 236 236 237 239 241 242 243 244 246 248 249 249 248 245 239 230 225 224 226 229 230 229 230 233 235 235 234 233 231 228 229 234 239 245 248
178 197 219 228 233 237 240 241 243 243 242 242 245 250 250 241 229 230 238 241 243 247 250 249 245 242 241 240 238 236 236 236 235 234 233 231 230 231 230 227 225 224 225 227 229 230 230 229 229 228 228 229 230 230 229 228 228 232 235 236 236 237 239 242 243 244 245 248 249 249 249 247 244 239 233 229 228 229 231 231 229 230 230 230 227 224 222 220 219 220 225 231 235 237
184 199 221 229 233 237 239 242 245 246 245 246 248 253 251 240 229 228 234 240 245 248 248 246 244 242 241 240 238 236 236 235 234 233 232 230 230 230 228 225 224 224 225 227 228 230 231 230 230 229 228 230 231 230 230 227 223 230 236 236 236 237 239 242 244 245 247 248 249 248 247 245 243 239 235 231 230 232 234 234 233 231 229 227 223 220 220 221 221 222 225 228 230 230
207 213 226 232 235 237 239 242 245 247 248 250 252 252 247 238 230 227 232 240 244 245 245 243 242 241 240 238 236 236 236 236 235 235 235 233 230 229 227 225 224 225 227 228 229 231 231 231 230 228 229 230 231 232 231 228 221 227 236 237 237 237 239 243 245 246 247 247 247 246 245 244 243 237 232 230 229 230 231 231 230 229 229 229 227 228 234 239 240 238 236 235 233 228
234 235 238 240 239 239 240 242 243 244 248 251 252 250 243 236 230 230 235 241 242 241 240 240 240 240 239 236 234 235 236 237 237 236 236 233 230 229 228 226 226 227 228 229 230 231 232 231 230 228 229 231 232 233 233 229 221 225 236 238 237 237 239 242 245 246 246 245 244 243 243 245 245 239 230 227 227 228 228 229 228 229 232 233 235 239 245 250 253 253 250 247 242 233
243 243 247 249 245 243 243 243 242 243 247 250 250 246 241 237 234 236 241 244 242 238 237 236 237 237 237 235 233 233 236 238 238 238 237 233 230 230 230 228 227 228 229 229 230 232 232 232 230 228 229 231 233 235 235 229 221 224 235 238 236 237 238 241 244 244 242 240 240 241 241 243 246 245 237 232 233 234 235 236 236 237 239 238 238 241 245 248 251 254 255 253 246 237
243 243 245 251 252 249 246 244 243 243 247 250 249 245 242 241 241 244 249 251 247 241 238 237 236 234 233 233 232 232 237 239 239 239 238 234 232 232 232 230 230 230 230 230 231 232 233 232 231 229 230 231 233 236 236 229 220 224 234 236 236 236 238 240 242 240 235 234 235 236 236 237 241 244 247 250 250 250 251 252 252 251 247 241 239 241 244 246 250 252 253 250 242 235
243 243 243 249 258 259 253 248 245 244 247 249 248 246 245 246 248 252 256 257 254 250 247 245 240 234 231 230 228 229 239 243 243 240 238 235 234 234 234 233 232 232 232 232 232 233 233 233 232 231 231 231 233 236 236 229 220 225 233 235 235 236 237 239 239 233 228 229 231 231 230 232 235 237 241 252 259 259 258 258 258 256 251 245 243 243 245 249 253 253 249 242 235 235
244 243 242 245 255 265 263 255 249 245 247 247 247 247 248 250 252 255 257 257 257 257 258 257 250 242 236 233 230 229 240 250 248 244 241 238 237 237 236 234 234 234 234 234 234 234 234 235 234 233 232 232 232 235 237 230 222 226 233 234 235 236 237 238 235 227 226 228 229 229 228 230 231 231 232 236 243 249 251 252 254 255 252 250 250 249 251 254 256 252 242 233 231 239
244 243 240 241 246 257 265 264 255 248 247 247 247 248 249 250 252 255 257 255 255 257 261 262 257 251 247 243 238 235 241 251 251 247 244 242 240 240 238 237 236 236 236 236 236 235 235 236 235 234 234 233 233 236 236 232 225 228 233 235 236 237 237 236 230 226 226 229 230 229 228 228 228 228 227 226 227 230 235 239 244 249 250 251 253 257 260 260 255 244 232 225 231 246
244 242 239 238 240 246 255 261 257 250 248 248 248 250 250 250 252 254 255 255 255 256 258 259 257 255 253 251 247 243 243 249 250 247 245 244 243 242 240 239 238 238 238 238 237 237 237 237 237 236 236 235 235 236 236 233 227 227 233 235 237 239 238 233 229 228 229 230 229 228 228 228 228 227 225 223 222 223 225 229 233 237 241 246 251 258 263 260 249 236 224 221 232 251
243 242 239 237 238 241 245 249 248 246 248 250 251 251 250 250 251 253 253 254 256 257 255 254 254 255 253 251 249 246 246 247 247 246 245 244 243 243 242 240 240 239 239 239 239 239 239 239 238 238 237 236 237 237 237 234 229 226 232 236 239 240 236 231 230 231 231 230 229 228 228 228 228 228 226 224 222 222 223 225 227 229 233 240 250 257 259 253 241 230 221 224 238 254
243 242 239 238 239 241 244 245 242 239 245 249 251 250 250 250 251 252 252 253 255 256 254 252 252 252 252 250 248 247 246 246 245 244 244 243 243 242 241 240 239 239 239 239 239 239 239 239 239 239 238 238 238 239 238 237 233 228 231 236 239 239 234 231 232 233 231 230 229 228 229 230 230 230 229 227 226 225 225 226 226 228 232 241 252 259 256 247 235 223 220 228 244 257
243 241 239 239 240 242 243 244 242 239 244 248 249 249 249 250 250 250 250 251 253 254 252 250 250 250 249 248 247 247 246 245 244 244 243 243 243 242 241 240 240 239 239 239 239 238 239 239 239 238 238 238 239 239 238 238 235 230 232 237 238 237 235 234 234 234 232 230 229 229 230 231 231 231 231 230 228 227 228 229 230 233 238 245 252 257 256 247 232 215 216 230 245 256
243 241 239 239 240 240 240 241 241 242 247 250 250 249 249 249 249 249 249 250 251 251 250 249 248 248 247 246 246 246 245 245 244 243 243 243 243 242 242 241 241 240 240 239 239 239 239 239 238 238 237 237 237 237 236 237 236 231 233 237 238 237 237 238 236 235 234 233 231 231 232 233 233 232 232 231 230 230 232 234 236 239 243 248 251 250 246 239 224 209 216 231 244 254
242 241 240 240 240 240 239 239 239 241 247 251 252 251 250 249 249 249 248 249 250 250 249 248 248 247 247 246 246 245 244 244 243 243 243 243 243 242 242 242 241 241 241 241 241 240 240 240 240 239 238 238 237 235 235 236 235 231 234 238 238 238 239 239 237 236 235 234 233 233 234 235 235 234 233 233 232 234 236 237 240 242 244 248 250 246 237 228 215 207 219 234 247 253
241 241 240 240 240 241 240 240 239 240 242 249 252 251 250 249 248 248 248 248 249 249 248 248 248 247 247 246 246 245 244 243 242 242 242 242 242 241 241 241 241 241 241 241 241 241 241 241 241 241 241 240 239 237 237 236 234 232 235 238 238 239 239 239 238 237 235 234 234 234 235 235 236 236 235 234 233 235 236 237 240 242 244 249 250 246 236 226 216 209 221 237 250 255
242 241 240 240 241 242 242 241 240 240 241 246 250 249 248 248 247 246 247 247 247 247 247 247 247 246 246 246 245 245 245 244 243 242 242 242 241 241 240 240 241 241 240 241 241 241 240 240 240 241 241 241 240 239 238 236 233 233 236 238 239 239 239 239 238 237 236 235 235 236 236 237 237 237 236 234 234 234 235 237 240 243 246 250 250 245 235 226 219 214 221 236 251 257
242 241 240 240 241 241 242 242 242 242 242 245 249 248 246 245 245 245 246 247 246 246 246 246 246 245 245 245 245 244 244 244 243 243 242 242 242 241 241 240 241 241 240 240 240 240 240 240 239 239 239 239 239 239 238 234 233 235 238 240 239 239 239 239 239 238 237 236 236 237 238 238 239 238 237 236 236 236 237 238 241 246 251 254 251 244 235 226 219 218 222 236 252 257
241 241 240 240 240 240 241 241 242 242 243 244 248 250 248 245 243 244 245 245 246 246 246 246 246 245 245 244 244 244 243 243 243 242 242 242 242 241 241 240 240 240 240 240 240 240 240 239 239 239 239 238 238 238 236 232 233 237 240 240 240 240 240 240 239 239 238 237 238 239 239 239 240 239 239 238 238 239 239 240 243 249 255 258 254 246 237 228 222 221 225 239 253 255
242 242 241 241 240 240 240 240 241 242 242 243 245 250 251 248 245 244 243 244 245 245 245 245 246 246 245 245 244 244 243 243 243 243 242 242 242 241 241 241 241 240 240 240 240 240 240 240 239 240 240 239 239 238 234 231 234 238 240 240 240 240 240 240 240 239 239 239 240 240 240 240 240 240 240 239 239 240 241 242 245 250 255 257 255 249 241 233 228 226 230 244 253 251
242 242 242 242 241 241 241 241 241 241 242 242 243 245 248 248 248 247 244 243 243 244 244 244 245 245 245 245 244 244 243 242 243 243 243 242 242 242 242 241 241 241 241 241 240 240 241 240 240 240 240 240 240 239 234 231 235 239 240 240 240 240 240 240 240 240 239 239 240 241 241 241 242 243 242 241 240 241 242 243 246 250 254 256 256 254 247 238 232 229 234 247 252 247
242 241 241 241 242 242 241 241 241 241 242 242 243 243 244 245 246 248 246 244 242 243 243 244 244 244 244 244 244 244 243 242 242 242 242 242 241 241 241 241 241 241 241 241 241 241 241 240 240 240 240 240 240 238 234 233 237 240 241 240 241 241 241 241 241 241 240 240 241 242 242 242 243 244 244 243 241 241 242 244 246 249 251 252 254 256 249 239 232 227 233 246 249 241
241 241 240 241 241 242 242 241 241 242 242 242 243 244 243 242 243 244 246 246 244 243 243 243 244 243 243 243 244 244 243 243 243 242 242 241 241 240 240 241 241 241 241 241 241 241 241 240 240 240 240 241 241 238 234 234 238 241 241 241 241 241 241 241 242 241 241 241 242 242 242 243 244 245 245 243 242 242 243 244 246 247 246 246 248 248 240 233 230 227 232 242 242 232
241 241 240 241 241 241 241 241 241 242 242 242 243 244 244 242 242 242 243 245 245 243 242 243 243 243 243 244 244 244 244 244 243 243 243 242 241 241 241 240 240 240 241 240 241 241 241 241 240 240 240 241 241 238 234 236 239 241 242 242 241 242 242 242 242 242 242 242 243 243 243 244 245 246 246 245 244 243 244 246 247 246 244 246 246 241 229 226 230 229 232 239 235 223
241 240 240 240 240 240 241 241 240 241 241 242 242 243 243 242 242 241 241 242 243 243 242 242 242 243 243 243 243 244 244 244 244 244 244 243 242 241 241 241 240 240 240 240 240 241 241 240 240 240 240 240 240 237 234 237 240 242 242 242 242 242 242 242 243 243 243 243 243 243 244 245 246 247 247 246 245 245 246 248 249 248 249 252 249 240 228 226 231 233 234 235 228 219
241 241 240 240 239 239 240 240 240 240 241 241 241 242 241 242 242 241 241 241 242 242 242 241 241 242 242 242 242 243 244 244 244 244 244 244 243 243 242 242 241 240 239 239 240 240 240 240 240 239 238 239 238 235 234 238 241 242 242 242 242 241 242 242 243 243 244 244 243 243 244 245 246 247 249 248 247 247 248 249 250 252 255 257 252 241 231 227 231 234 231 228 222 218
243 242 241 240 239 239 239 239 239 240 240 241 241 241 241 241 241 241 241 241 241 241 241 241 240 240 241 241 241 242 242 242 243 244 244 244 244 245 245 244 242 241 240 240 240 240 240 241 241 239 238 238 238 235 236 240 242 242 242 242 242 241 241 242 242 243 244 244 244 243 244 245 245 247 249 250 249 249 249 250 251 254 258 258 252 243 235 231 233 233 226 222 222 222
