data/real/Dogrib_v624/conserv_mass/windninja_90_30_100m_ang.asc
NCOLS 357 
NROWS 223 
XLLCORNER 457900 
YLLCORNER 5716800 
CELLSIZE 100 
NODATA_value -3.4e+38 
[rows 53 to 105 of 223, columns 0 to 95 of 357]
91 92 93 93 95 98 101 99 98 99 100 98 92 88 87 88 86 82 80 79 80 82 87 89 90 88 86 84 84 85 86 87 88 88 87 85 84 82 83 85 86 86 86 87 87 87 87 88 87 86 89 98 106 104 97 93 93 95 97 98 98 97 96 96 96 96 97 97 97 98 98 96 92 84 72 57 40 46 73 74 62 56 54 57 65 74 82 85 78 76 82 90 95 101 112 114
91 91 92 94 97 99 100 98 96 97 100 101 97 91 89 90 88 83 80 78 78 79 86 91 92 90 87 84 83 84 84 85 85 85 84 83 81 82 85 87 87 87 86 85 85 86 87 88 87 86 87 92 101 105 102 95 93 94 97 99 99 98 97 96 96 97 97 97 98 98 98 96 91 82 68 53 41 48 63 63 58 60 66 72 73 75 81 91 88 79 80 85 93 100 110 116
88 89 91 94 97 100 100 98 96 96 97 100 100 95 91 91 90 85 81 77 74 76 86 93 94 92 89 85 83 82 82 82 81 81 81 81 81 84 87 88 88 86 85 84 85 86 87 87 87 86 86 88 94 102 106 101 94 93 96 99 100 99 97 96 97 97 98 99 99 98 97 94 88 78 64 50 42 47 56 59 61 65 73 81 83 80 81 87 91 84 80 82 91 98 105 113
87 87 90 93 96 100 101 100 98 96 96 98 101 100 94 90 87 84 79 75 73 80 90 94 95 95 92 87 84 81 80 80 79 79 80 81 83 86 88 88 86 84 83 83 84 85 85 86 86 86 86 86 89 96 104 105 98 93 94 98 99 99 97 97 97 98 99 100 99 98 96 91 84 73 59 49 45 48 57 62 66 71 76 82 87 87 84 84 85 83 79 79 85 93 99 107
90 91 92 93 95 98 101 102 101 99 97 98 101 103 97 88 78 75 74 74 79 87 92 94 95 97 95 90 85 82 80 80 79 79 80 82 85 87 87 86 83 81 81 82 83 83 84 84 85 86 85 85 86 90 98 106 104 96 93 95 98 99 98 97 97 98 100 100 98 96 93 87 78 68 57 50 50 57 66 71 74 79 82 86 90 92 88 83 79 78 77 76 78 84 93 101
98 99 97 94 94 95 98 101 102 101 99 98 101 101 96 85 73 68 73 80 88 91 92 92 93 96 97 92 87 84 83 82 81 82 82 84 85 85 84 81 80 79 80 81 81 81 82 83 85 85 85 85 86 89 94 103 107 99 93 93 95 98 98 97 97 98 99 98 96 92 86 79 71 64 58 56 60 68 75 81 86 90 93 94 93 90 86 81 78 78 79 78 78 80 86 95
101 106 106 100 95 93 95 99 101 101 100 100 100 98 92 83 75 74 82 89 91 91 89 89 90 94 98 96 91 88 86 85 84 84 84 85 85 83 80 77 76 76 79 80 80 80 81 82 84 84 85 86 87 89 92 98 104 100 94 93 94 96 98 97 97 98 98 96 91 84 77 72 69 65 63 65 71 76 82 89 95 98 98 94 88 79 78 80 83 86 87 88 89 88 88 93
100 107 114 108 100 95 94 97 100 101 101 101 100 96 90 85 84 90 95 95 93 89 85 85 87 91 97 101 97 92 88 87 86 86 86 85 83 79 76 73 73 75 77 78 79 80 81 81 82 83 85 87 88 90 92 94 98 97 95 94 94 95 96 97 96 96 95 90 82 75 71 72 76 77 75 76 80 86 90 93 95 95 91 83 73 72 77 85 92 97 99 102 102 99 95 96
96 103 116 116 108 101 97 96 97 100 101 100 97 94 90 90 95 102 104 101 95 90 84 81 83 87 94 102 103 96 90 88 88 88 87 83 78 76 74 72 72 74 76 77 78 80 81 81 81 83 85 87 88 90 91 93 94 95 95 95 94 94 95 95 95 94 89 80 73 71 72 75 83 91 94 90 90 93 94 92 89 85 79 71 70 76 84 91 98 106 111 112 108 102 98 98
93 97 110 118 116 109 102 97 96 98 99 98 95 93 93 96 102 107 107 104 99 93 88 83 82 83 86 95 104 103 94 90 89 88 84 78 74 73 74 73 74 75 75 77 78 80 81 81 82 83 85 86 87 88 91 92 93 94 94 94 94 94 93 93 93 90 79 71 71 74 77 79 83 90 99 101 98 94 90 86 83 81 77 75 78 86 92 97 105 113 116 113 105 96 95 96
91 93 101 113 118 114 107 101 97 97 97 96 94 93 96 100 104 107 107 104 100 98 96 92 86 82 81 84 93 103 101 93 89 84 79 74 72 73 74 75 75 75 76 78 79 80 81 81 82 84 85 86 86 87 90 92 94 95 93 92 92 93 93 92 90 82 72 71 76 79 81 81 80 81 89 99 98 92 88 86 86 87 87 89 92 95 99 104 110 114 114 107 95 88 93 97
91 91 94 103 112 115 113 107 101 97 95 94 93 94 97 101 104 106 106 103 100 101 103 101 94 87 83 80 81 90 98 94 87 82 77 74 74 75 75 76 76 77 78 79 80 81 81 82 83 85 86 87 86 86 87 90 95 96 94 91 90 92 94 92 86 76 74 80 84 84 83 81 79 77 80 85 89 89 88 88 91 96 98 99 101 103 106 110 112 111 105 93 82 86 97 100
91 91 92 96 104 111 114 112 107 100 95 93 94 95 98 101 103 105 106 103 100 101 105 103 97 91 87 83 79 80 88 91 86 82 79 77 78 78 77 77 78 79 80 80 81 81 81 82 84 85 87 88 87 86 85 87 94 96 94 91 90 92 94 90 81 77 82 87 88 86 84 82 80 78 77 77 79 82 84 87 91 97 103 103 106 110 114 114 110 103 92 77 75 89 102 103
90 91 92 93 97 103 110 114 112 105 96 93 95 97 99 101 102 104 104 104 102 100 101 100 96 91 89 86 81 79 82 86 85 82 81 80 80 80 79 79 80 81 81 82 82 82 83 83 84 85 87 88 89 87 85 85 90 95 94 92 92 92 92 87 82 84 89 91 89 87 86 86 84 82 80 78 77 78 81 83 87 92 100 106 111 115 116 114 106 94 78 65 76 93 102 102
90 91 92 92 94 97 104 111 115 109 100 96 97 99 100 100 101 102 102 103 102 99 96 94 92 90 88 86 83 81 82 84 84 83 82 82 82 81 81 81 81 82 82 83 83 84 84 84 84 85 87 88 89 89 87 85 87 92 93 92 93 92 89 86 88 92 93 93 91 89 89 88 87 86 84 82 81 81 82 83 85 87 94 104 112 115 113 108 99 85 67 67 86 96 98 97
90 90 91 92 93 95 99 105 112 112 104 99 99 99 99 100 100 100 100 100 100 97 93 90 90 89 88 86 85 84 84 84 84 83 83 83 83 83 82 82 82 82 82 83 84 84 85 85 85 85 86 88 90 91 89 86 86 88 91 92 94 91 87 89 94 97 96 94 92 91 90 90 90 89 87 86 87 87 87 86 86 87 91 98 106 109 106 100 91 77 67 79 94 97 95 90
90 90 90 91 93 93 94 97 108 116 109 101 98 98 98 99 99 98 98 98 97 95 92 90 89 89 88 87 86 86 86 85 84 84 83 84 84 84 84 83 83 83 83 84 84 85 85 85 85 85 85 87 90 90 89 88 87 88 90 92 92 90 89 93 97 98 97 96 94 92 92 91 91 91 90 91 92 91 90 88 87 87 90 92 96 99 100 96 89 79 80 90 95 95 92 86
90 90 90 91 92 92 91 93 101 115 113 102 98 97 98 98 97 96 95 95 95 93 92 90 89 89 88 88 87 87 86 85 85 84 84 85 85 85 85 84 84 84 84 84 85 85 86 86 85 85 85 87 88 89 89 88 88 89 90 91 90 90 93 96 98 98 98 97 96 94 93 93 93 93 94 94 93 92 90 89 89 90 91 91 91 91 94 95 94 93 96 96 95 92 88 81
89 89 90 91 92 91 91 91 95 106 113 105 99 98 97 96 95 94 93 93 94 93 92 91 90 89 89 88 88 87 86 85 85 85 85 85 85 85 85 85 85 85 85 86 86 86 86 86 86 86 86 86 87 87 88 89 88 88 89 90 90 93 95 97 97 98 98 98 98 97 96 94 95 96 96 94 91 91 90 91 92 93 93 91 90 88 88 89 94 103 103 100 97 91 85 76
89 89 90 91 91 91 91 91 91 97 109 108 100 97 96 95 94 93 93 93 93 93 92 91 90 90 89 89 88 88 87 86 86 85 85 85 85 85 85 86 86 86 86 86 86 86 87 87 87 87 87 87 87 87 89 89 87 86 88 90 93 95 96 96 97 98 98 99 99 100 99 97 96 97 96 93 91 92 93 95 95 95 94 92 90 87 85 84 86 97 102 101 99 93 84 72
90 90 89 89 90 91 92 91 91 93 101 107 100 95 95 95 93 93 93 93 92 92 91 91 91 90 89 89 89 89 89 88 87 86 86 86 86 85 85 86 86 86 86 86 86 86 87 87 86 87 87 87 88 89 90 89 85 86 89 93 94 95 95 95 96 98 99 99 100 101 101 100 98 96 95 95 95 95 96 97 96 95 95 94 90 85 82 81 81 89 98 100 100 95 85 69
90 90 89 88 89 90 91 92 92 92 95 102 102 96 95 95 93 92 93 93 92 91 91 91 91 90 90 89 89 89 89 88 88 87 87 86 86 86 86 86 86 86 87 87 87 87 87 87 86 86 86 87 88 89 90 87 85 88 91 94 94 94 94 95 96 97 99 101 101 102 102 101 98 96 95 98 100 98 97 96 95 95 97 96 90 83 78 77 79 84 91 97 99 96 85 66
90 89 89 89 89 89 90 91 92 92 93 96 100 98 96 95 93 91 91 92 91 91 91 91 91 91 90 90 89 89 89 89 88 88 87 87 87 87 87 87 87 87 87 87 87 87 87 87 87 87 87 87 87 88 88 86 87 90 92 93 93 94 94 94 95 97 99 101 102 102 102 102 100 98 98 99 101 100 97 94 94 95 97 97 92 83 78 76 78 81 87 95 97 92 81 65
90 90 90 90 89 88 89 90 91 91 91 93 96 98 97 95 95 93 90 90 91 91 91 91 91 91 91 91 90 89 89 89 89 89 88 88 87 87 87 87 87 87 87 87 87 87 87 87 87 87 87 87 87 87 86 86 88 90 92 93 93 94 94 94 95 96 98 100 102 102 102 102 101 101 100 99 99 99 97 95 95 95 95 95 92 86 80 76 77 81 86 93 94 88 75 61
90 90 90 90 89 89 89 89 90 90 91 91 93 94 95 95 97 96 92 89 89 91 91 91 91 91 91 91 91 90 90 89 89 89 89 89 88 88 88 88 88 88 87 87 87 87 87 87 87 88 88 88 88 87 86 86 88 90 92 92 93 93 94 94 95 95 97 99 102 103 103 103 103 102 100 98 97 98 98 98 97 95 93 91 90 89 83 78 77 81 86 92 91 83 69 52
90 89 89 90 90 90 89 89 89 90 90 91 91 92 93 94 95 97 96 91 89 89 90 91 91 91 91 91 91 91 90 90 90 90 90 89 88 88 88 88 88 88 88 88 88 88 87 87 87 88 88 88 88 87 86 86 89 90 91 92 92 93 94 94 94 95 97 99 101 102 103 103 102 102 101 99 99 99 100 99 98 94 89 85 86 91 89 82 78 80 86 90 88 77 59 44
90 89 89 89 90 90 89 89 89 90 90 90 91 92 92 93 93 94 97 96 91 89 90 91 91 91 91 91 91 91 91 91 91 90 90 90 89 88 88 88 88 88 88 88 88 88 88 87 87 88 88 88 88 87 86 87 89 90 91 91 92 93 93 94 94 95 97 98 100 101 102 103 102 102 102 102 101 100 100 100 99 94 88 83 85 89 90 84 79 79 84 86 80 65 46 43
90 89 88 88 89 89 89 89 89 89 89 90 91 92 92 92 92 92 94 96 95 91 89 90 90 90 90 91 91 91 91 92 91 91 91 91 90 89 88 87 88 88 88 88 88 88 88 88 88 88 87 87 87 87 86 87 89 90 91 91 92 92 93 94 94 95 96 97 99 100 101 102 102 102 103 103 103 101 101 101 101 97 92 89 86 84 81 78 78 79 83 81 70 47 39 47
89 89 89 88 88 89 89 89 88 88 89 90 90 91 91 92 93 92 92 94 96 93 89 88 89 90 90 90 91 91 92 92 92 91 91 92 91 90 89 88 88 88 88 87 88 88 88 88 88 88 87 87 87 86 85 87 89 90 91 91 92 92 93 93 94 95 96 97 98 99 100 102 103 103 103 104 104 103 102 102 102 101 99 96 89 80 71 71 76 79 81 75 57 38 41 55
90 90 90 89 88 88 88 89 88 88 89 90 90 90 90 91 93 93 92 92 94 95 91 88 88 89 90 90 90 90 91 92 92 92 92 92 92 92 91 90 89 88 87 87 87 88 88 89 89 89 87 87 86 84 84 87 89 91 91 91 91 92 92 92 93 95 96 96 97 98 100 102 102 102 103 104 106 105 103 102 102 103 103 98 89 78 70 69 74 77 74 62 45 39 50 61
91 91 91 90 88 87 88 88 89 88 88 89 90 89 89 90 92 93 93 92 92 94 94 90 88 88 89 89 90 90 90 91 91 91 91 91 92 93 93 92 90 89 88 88 88 88 88 89 90 90 88 85 83 82 84 88 90 90 91 91 91 91 91 91 92 94 95 96 97 99 100 101 101 102 102 104 107 107 104 102 101 103 103 98 89 79 73 72 75 74 62 47 44 51 63 69
91 91 91 91 89 88 87 88 89 89 88 88 89 89 89 90 90 91 92 92 91 93 95 93 89 88 88 89 89 89 89 90 90 90 90 91 92 93 94 93 91 90 90 89 88 87 88 89 90 88 86 84 82 82 86 90 90 90 90 91 91 92 91 91 91 93 94 96 97 99 100 101 101 101 101 103 106 108 106 103 101 100 100 97 89 81 77 77 76 67 50 46 57 71 77 79
90 90 91 91 90 89 88 87 88 89 89 88 88 88 89 89 90 90 91 92 92 92 93 94 92 89 88 88 88 88 88 89 90 90 90 90 91 92 93 93 92 91 91 91 90 89 89 88 85 83 85 86 85 87 89 90 90 89 89 90 91 91 91 91 91 91 93 95 97 98 100 101 102 101 100 101 104 107 107 104 101 98 97 94 90 84 81 79 72 55 49 58 74 81 83 85
90 89 90 90 91 90 89 88 88 89 89 88 88 88 88 89 89 90 90 92 92 91 91 93 93 91 89 88 88 88 88 88 89 90 91 90 91 91 91 91 92 92 92 92 92 91 90 86 81 81 85 88 90 90 90 89 89 89 89 89 90 90 90 90 90 91 92 94 96 98 99 101 102 102 101 100 102 105 106 105 101 99 96 93 89 86 83 77 61 51 58 70 76 79 84 88
89 89 89 89 91 91 90 89 88 88 88 89 88 88 88 88 89 90 90 91 91 90 90 92 93 92 90 88 88 88 88 88 89 90 91 91 91 90 89 90 91 91 91 92 93 92 89 84 83 85 87 89 90 91 90 89 89 89 89 88 89 89 89 89 90 90 92 93 95 97 98 100 102 103 101 100 100 103 105 104 102 100 97 93 89 86 82 70 56 61 70 73 72 74 82 88
89 89 88 89 90 91 91 90 89 87 87 88 88 88 88 88 88 89 90 90 90 90 90 91 91 92 92 90 88 88 88 88 89 90 91 91 91 89 89 90 90 91 91 92 93 92 88 86 88 89 88 88 89 90 90 89 89 89 89 88 88 88 88 89 89 90 91 92 93 95 97 99 101 103 102 101 100 102 103 103 102 100 97 93 89 86 79 64 61 71 74 72 71 73 76 81
89 89 88 88 89 91 92 91 90 88 87 87 88 88 88 88 89 89 89 89 89 90 90 90 91 91 92 91 90 88 88 89 89 89 90 91 91 91 90 90 90 90 91 91 91 91 90 90 90 90 88 88 88 89 89 89 89 88 88 88 87 86 87 88 89 90 90 90 91 93 96 98 100 102 103 102 101 101 102 102 101 99 96 93 90 86 75 64 69 75 75 75 76 76 76 76
90 89 88 88 88 90 91 91 90 89 87 87 88 88 88 88 89 89 87 87 88 90 90 90 90 91 91 91 91 89 89 89 89 89 90 90 91 92 92 91 90 91 91 90 90 90 92 92 92 90 89 87 87 88 88 89 88 88 88 88 87 86 87 88 89 90 89 89 90 91 94 96 99 102 104 104 102 101 101 102 100 98 96 94 91 85 74 70 76 79 81 83 84 83 81 80
91 91 90 88 88 88 89 90 90 89 88 88 88 88 88 89 89 88 86 86 87 89 89 90 90 90 90 91 91 90 89 89 89 90 90 90 91 92 93 92 91 91 91 90 90 91 92 92 92 91 90 89 88 87 87 88 88 88 88 87 87 87 87 88 88 89 89 89 89 89 91 94 98 101 104 105 103 101 101 101 100 98 95 94 92 86 78 79 82 83 85 89 90 87 86 88
90 91 91 90 88 87 87 89 89 89 89 89 88 88 88 88 87 87 87 87 87 88 88 89 90 90 90 91 92 91 90 89 90 90 90 90 90 91 92 92 92 91 91 91 91 91 91 90 90 91 91 91 89 88 88 88 89 89 88 87 87 88 88 88 87 87 88 88 87 88 89 92 95 99 103 105 104 102 101 101 100 98 95 94 92 89 85 86 86 85 87 91 94 92 90 92
90 90 90 90 89 87 87 87 89 90 90 90 89 88 87 86 86 86 88 88 88 87 87 88 89 90 90 91 92 92 91 90 90 90 91 91 90 90 91 92 92 92 92 91 91 91 91 90 89 90 91 92 91 90 90 89 89 89 88 88 88 88 88 88 87 87 87 87 86 87 87 89 92 97 101 105 105 104 102 101 100 98 95 94 93 93 92 93 91 90 90 93 97 98 96 96
89 89 89 90 89 88 87 87 88 90 90 90 89 88 87 85 85 86 88 89 89 88 87 87 87 89 90 90 91 93 92 91 91 91 91 90 90 90 90 91 92 93 92 91 91 90 91 92 91 90 91 92 93 92 91 90 90 89 89 89 89 89 88 88 87 87 86 86 86 86 86 87 90 94 99 102 105 105 103 102 100 98 96 95 94 95 97 98 97 96 95 95 98 104 105 104
89 89 88 89 89 88 88 88 88 89 90 90 89 88 87 85 85 87 89 89 89 88 87 86 87 88 90 91 91 92 93 92 91 91 91 90 90 90 90 91 92 92 92 92 91 90 92 94 93 91 91 92 93 93 92 91 90 90 90 90 90 90 89 88 88 87 87 87 86 86 85 86 88 91 95 99 102 104 104 103 101 99 97 96 95 98 100 100 101 101 99 97 101 107 110 108
89 89 88 89 89 89 89 89 89 89 89 89 89 88 87 86 86 87 88 89 89 88 86 86 87 88 90 91 91 91 93 93 91 91 91 90 90 90 91 91 91 91 91 91 91 91 92 95 95 94 93 93 93 93 93 92 91 91 91 91 91 91 90 89 88 87 87 87 87 87 85 85 86 88 91 95 98 101 103 103 102 101 99 97 97 99 100 101 104 104 102 101 102 107 111 108
90 90 90 89 90 90 90 90 90 90 89 88 88 88 87 87 87 87 87 88 88 88 87 87 87 88 89 90 90 90 92 92 91 90 90 90 90 91 91 91 91 90 90 90 91 91 93 95 96 97 96 95 94 93 94 94 93 92 92 92 92 92 91 90 89 88 87 87 87 87 86 85 85 86 88 92 96 99 101 102 102 102 101 98 97 99 100 102 105 106 106 104 102 105 110 106
90 91 91 91 90 90 90 90 90 90 89 89 88 88 88 88 88 86 85 86 87 89 88 88 87 88 88 88 89 89 90 91 91 90 90 90 90 91 91 91 91 90 90 90 91 92 93 94 96 97 98 97 96 95 96 96 94 93 93 93 93 92 91 91 90 90 88 88 87 87 86 86 84 83 84 88 93 97 100 102 102 102 101 98 97 98 100 102 105 108 108 106 103 103 107 106
90 91 91 91 90 90 90 90 90 90 90 90 89 89 90 90 89 86 84 84 86 88 90 89 88 87 87 87 88 89 89 90 90 90 89 89 90 90 90 90 91 91 91 91 91 92 93 93 95 96 96 97 97 97 97 97 97 96 95 94 94 94 93 93 93 92 91 89 88 87 87 86 84 81 81 84 89 94 98 101 102 101 100 97 96 97 100 103 106 109 110 109 106 102 102 102
90 90 90 90 90 90 90 90 90 90 90 90 90 90 90 90 89 87 85 84 84 86 89 89 88 87 86 87 88 88 89 89 89 89 89 89 89 89 90 90 90 91 92 92 92 92 92 93 94 95 95 95 96 97 97 98 99 98 98 97 96 96 96 96 95 94 93 92 90 89 88 88 86 83 81 81 83 88 94 98 100 101 100 97 95 97 101 104 106 109 110 110 108 102 97 94
90 90 90 89 89 89 90 90 90 90 90 90 90 90 89 89 89 88 87 86 85 85 86 88 88 87 87 87 88 88 88 88 89 89 89 88 89 89 89 90 90 91 92 92 92 92 93 93 94 94 94 95 95 96 97 98 99 99 99 99 98 98 99 99 98 97 96 95 94 92 90 90 89 87 84 81 80 82 86 91 95 98 99 96 95 98 101 103 105 106 107 107 106 101 93 90
90 90 90 89 89 89 90 90 90 89 89 89 90 89 87 87 88 88 87 87 86 85 85 86 87 88 88 88 88 88 88 88 88 88 88 88 88 88 88 89 90 91 92 92 93 93 93 93 94 94 95 95 95 95 96 97 97 98 99 99 99 99 100 100 100 100 98 97 97 95 94 93 92 91 88 84 81 79 80 82 86 92 95 95 95 98 100 100 101 102 102 103 104 101 96 98
89 89 90 90 89 90 90 90 90 89 89 89 89 87 86 86 86 86 86 87 87 86 86 86 87 87 88 88 87 87 88 88 88 88 88 87 87 87 88 89 90 91 92 92 93 93 93 93 94 95 95 95 95 95 96 96 97 97 98 98 99 99 99 100 101 102 101 100 99 99 97 95 94 93 91 88 84 81 79 79 81 84 88 91 93 96 97 98 98 99 100 101 104 106 106 106
89 89 90 90 90 89 89 90 90 89 88 87 87 86 86 85 85 85 86 86 86 87 87 86 87 87 87 87 87 87 87 87 88 88 87 87 86 86 87 89 90 90 91 91 92 93 93 93 95 96 96 96 96 96 96 96 96 97 97 98 98 98 99 99 100 102 102 102 102 102 99 97 96 94 92 91 88 84 80 79 80 80 81 85 90 92 95 96 98 99 100 101 104 108 110 106
90 89 89 90 89 89 89 89 89 89 87 85 84 84 85 85 85 85 85 86 86 86 87 87 87 87 87 87 87 87 87 87 87 87 87 86 86 86 87 88 89 89 90 91 91 93 94 95 95 96 96 97 97 97 96 96 97 97 97 98 98 98 98 99 99 100 101 102 102 103 101 99 97 95 94 92 90 87 82 80 79 77 75 79 87 91 94 96 98 99 100 101 101 104 106 102
