data/real/Dogrib_v624/conserv_mass/windninja_240_30_100m_ang.asc
NCOLS 357 
NROWS 223 
XLLCORNER 457900 
YLLCORNER 5716800 
CELLSIZE 100 
NODATA_value -3.4e+38 
[rows 42 to 83 of 223, columns 94 to 187 of 357]
239 248 245 239 235 231 229 230 232 235 237 234 232 231 232 235 238 237 234 230 226 230 236 240 242 244 246 246 246 245 244 243 242 240 239 240 242 242 239 236 235 233 231 231 231 233 236 237 233 225 225 230 232 232 234 235 235 233 229 232 242 247 247 242 240 246 250 247 239 234 233 233 233 236 239 241 242 246 252 252 248 242 240 242 247 252 257 259 259 259 257 250 245 243
241 248 246 241 237 236 236 237 239 243 246 248 256 256 253 253 254 253 247 240 234 234 240 244 247 249 250 250 250 249 247 245 243 241 240 241 242 243 241 239 238 237 235 234 233 233 236 238 236 229 226 229 232 233 235 236 237 236 235 238 245 248 246 241 239 248 251 248 241 237 237 236 234 237 242 245 247 249 252 254 251 247 245 247 251 255 259 262 265 263 258 251 247 246
242 248 248 249 249 248 245 243 247 250 250 251 261 268 263 258 260 265 262 251 242 239 242 247 250 251 252 253 253 251 249 246 243 241 241 242 243 243 242 241 240 239 237 237 236 235 238 240 239 233 228 228 230 233 235 237 238 238 239 244 249 251 248 243 241 249 251 247 241 238 241 240 239 241 247 251 252 252 252 254 253 250 249 251 253 256 258 261 264 264 260 255 251 249
246 250 251 253 258 262 260 252 252 253 251 248 249 254 254 253 256 264 265 254 244 242 245 249 250 252 253 254 253 251 249 246 244 242 242 243 243 243 242 242 242 240 239 238 237 236 238 241 241 235 229 228 230 232 235 237 238 239 241 246 251 254 252 247 244 251 253 248 242 240 243 244 242 244 248 252 253 252 250 250 248 247 251 254 255 256 257 257 258 260 260 258 255 253
245 247 247 248 253 261 267 265 259 256 254 251 246 243 240 244 250 257 257 240 236 244 250 251 249 250 253 254 252 248 246 245 243 243 243 244 244 244 243 243 243 242 241 239 237 235 238 242 241 238 232 229 230 233 235 237 237 238 240 244 249 254 254 251 248 251 253 250 246 245 246 246 244 244 245 248 250 249 247 245 240 241 249 255 256 255 254 253 252 252 254 257 257 254
243 241 240 240 243 248 256 265 265 259 257 254 244 237 235 241 250 255 247 218 224 242 253 255 250 249 250 250 248 245 243 242 242 243 244 245 245 245 244 244 244 244 243 241 238 237 239 242 242 239 234 230 230 233 235 237 237 237 239 241 245 249 252 250 249 248 248 247 247 247 246 245 245 243 242 245 248 248 246 241 234 236 246 253 256 255 253 251 248 245 245 249 252 249
252 243 241 241 241 242 244 251 257 259 259 255 242 234 236 245 253 254 240 205 216 240 253 259 259 254 249 245 243 241 240 240 241 242 243 244 244 244 245 245 244 244 243 243 242 240 240 243 243 240 237 233 231 232 234 236 238 237 238 240 242 243 243 244 244 237 235 238 241 244 244 244 244 241 241 245 247 247 244 238 230 233 242 249 253 255 252 249 245 242 242 243 243 240
268 254 249 247 245 243 242 243 245 253 257 254 242 236 242 251 257 253 234 204 215 242 253 261 266 263 254 247 242 240 239 239 239 240 241 242 242 242 242 243 242 242 242 242 242 241 241 244 244 242 240 237 233 231 233 235 237 237 237 239 241 239 236 238 236 224 221 227 233 238 241 244 242 238 241 246 247 244 239 233 227 232 240 246 250 251 250 247 243 241 242 242 238 236
268 257 253 250 248 247 246 243 241 246 251 251 243 241 248 255 259 253 230 209 218 242 255 262 264 262 256 250 245 242 241 240 239 239 240 240 240 240 241 241 241 240 240 241 240 240 241 243 243 242 242 240 234 230 232 234 236 237 237 240 242 240 236 234 230 217 214 221 227 231 235 239 239 237 241 246 245 241 235 230 227 231 239 245 247 247 245 242 240 240 241 239 234 234
263 260 254 250 249 249 249 247 244 244 248 247 240 241 248 253 255 249 229 213 221 242 255 261 257 252 251 249 247 245 243 240 239 239 239 239 239 240 241 241 240 239 239 239 239 239 240 240 240 242 243 241 234 229 230 233 235 237 237 239 242 242 239 233 227 217 213 220 225 227 230 232 234 236 243 247 244 239 235 232 228 230 238 245 247 245 240 236 236 237 237 233 228 231
263 263 257 252 250 248 248 249 246 245 244 238 229 232 239 246 247 241 231 221 226 248 259 258 248 245 248 249 246 244 240 238 239 239 239 239 239 239 240 241 240 239 239 239 239 239 239 238 239 242 243 241 235 230 230 233 235 236 237 238 242 244 241 234 227 219 215 221 225 227 229 229 229 234 241 245 243 238 237 235 230 229 238 245 248 245 237 233 233 233 232 227 223 226
261 258 253 251 249 247 246 247 248 246 239 228 221 223 228 233 237 236 232 229 238 260 263 255 242 242 245 244 242 239 237 237 238 239 238 238 238 238 240 241 240 240 240 239 239 239 239 239 241 244 244 240 235 233 232 233 235 236 237 238 243 245 243 236 227 222 220 223 227 230 230 228 229 234 239 242 239 237 238 236 232 232 239 247 249 245 237 232 231 230 228 224 221 224
256 250 246 244 244 243 244 249 254 249 235 223 219 220 223 225 227 231 233 234 245 261 262 248 239 239 239 237 237 237 237 238 239 238 238 238 238 238 240 240 239 239 240 239 239 240 241 242 245 248 246 240 235 234 234 233 236 237 238 239 242 245 244 238 229 224 223 225 228 232 233 232 232 236 239 239 238 238 238 236 234 236 241 247 247 242 236 232 229 229 228 224 223 225
250 243 241 239 240 240 244 255 258 247 227 219 219 222 223 222 223 224 228 234 243 251 250 242 241 241 240 238 236 237 238 239 238 238 237 237 238 239 239 240 239 239 239 239 239 241 242 244 247 250 249 243 238 237 235 234 236 238 239 240 241 244 245 240 231 226 225 226 229 232 234 234 236 237 236 237 237 237 237 236 237 239 243 246 244 238 233 230 229 229 229 228 227 228
245 239 235 235 238 239 248 256 252 233 215 208 216 223 225 224 223 222 223 228 236 242 240 241 246 248 248 244 236 233 236 237 236 235 235 236 237 238 239 239 238 239 238 238 238 240 242 244 247 250 250 247 243 240 238 236 236 238 240 241 241 244 244 241 234 227 225 226 228 230 232 233 234 233 233 234 235 235 235 236 239 241 243 247 245 239 235 233 232 233 233 231 230 230
238 237 235 233 236 241 250 250 237 221 209 198 209 221 225 226 225 224 225 229 233 236 239 242 245 247 248 244 233 229 232 232 232 231 232 233 234 236 237 237 238 238 237 236 237 239 240 242 245 248 249 249 247 244 241 239 237 238 241 242 242 243 244 242 236 228 225 226 226 228 231 234 234 233 234 235 234 233 234 238 241 242 245 249 250 246 242 239 239 239 236 233 231 230
228 227 227 225 227 237 243 239 227 219 212 195 200 217 223 226 229 231 231 232 234 233 234 234 234 237 239 235 228 227 230 230 228 229 230 231 232 235 235 236 238 238 237 236 237 238 239 240 242 244 247 249 249 246 243 241 238 238 241 243 244 244 245 244 239 230 226 226 227 230 235 237 236 236 237 237 235 233 235 239 241 241 242 244 246 246 244 243 243 241 236 232 230 230
223 222 222 218 222 232 235 230 225 221 217 202 192 210 222 230 235 236 235 235 236 233 230 228 231 234 233 224 220 222 225 226 226 226 227 229 231 233 234 237 238 238 237 237 237 238 239 239 240 242 244 247 249 248 246 244 240 239 242 244 245 246 246 245 241 233 227 226 228 234 239 239 238 238 239 238 237 237 239 241 239 237 234 231 232 233 234 236 238 236 230 228 229 230
225 226 228 226 227 234 234 231 227 222 219 213 190 195 222 236 241 240 237 236 238 236 232 231 233 236 234 226 221 222 222 223 224 225 226 228 230 231 233 236 237 237 236 236 238 239 239 239 239 240 242 245 246 246 247 246 243 242 243 244 245 246 247 246 242 235 228 227 229 235 239 239 239 239 240 240 240 241 242 240 238 236 230 226 226 228 229 231 233 231 226 225 227 229
235 242 245 241 237 236 234 234 231 226 222 217 200 191 223 242 245 243 239 239 244 243 239 237 236 235 236 235 231 226 223 223 224 225 226 228 229 230 232 234 235 235 234 235 237 237 237 238 239 241 242 243 244 244 246 246 245 244 245 246 247 248 248 248 244 237 230 228 230 236 239 238 239 240 241 242 242 243 243 242 241 239 236 231 230 232 233 233 234 232 226 224 226 228
240 252 254 248 236 232 231 236 237 233 229 222 209 205 232 249 251 247 243 244 250 254 251 245 239 230 230 232 227 222 220 222 224 225 226 228 229 230 232 234 234 234 233 234 235 235 236 236 238 241 241 241 242 243 245 247 247 246 246 248 252 253 251 250 247 241 234 231 234 239 240 239 240 241 241 242 242 243 246 247 245 241 240 238 237 241 241 238 237 235 228 224 226 229
245 255 256 246 228 226 228 236 240 239 235 226 218 224 245 257 257 250 243 244 253 263 265 257 245 231 226 227 220 217 217 220 224 227 229 231 232 233 235 236 236 234 233 233 234 234 235 236 238 240 240 239 239 241 243 244 246 246 246 248 252 256 256 254 250 245 238 235 238 241 241 240 241 241 242 242 242 244 249 249 245 240 239 238 239 245 245 241 240 239 231 226 228 230
252 259 254 240 221 218 225 237 242 241 235 225 224 234 247 253 250 242 239 243 254 264 271 275 259 243 237 234 226 221 219 222 226 228 230 233 234 235 236 237 236 235 234 233 233 233 235 236 238 238 237 235 236 239 240 240 242 244 245 247 250 253 255 256 255 250 243 239 240 242 240 240 241 242 242 241 241 244 249 250 246 243 242 239 241 246 247 244 244 242 235 230 230 231
261 264 253 234 221 215 222 239 243 239 233 227 230 239 245 245 237 231 234 243 253 259 266 280 283 272 257 246 236 230 227 228 230 231 232 233 234 234 235 236 236 235 234 233 233 234 236 237 238 237 236 234 235 238 238 237 239 242 246 250 251 250 250 251 252 252 249 245 243 242 240 241 243 244 241 240 243 246 250 251 250 246 244 241 241 244 247 246 246 244 238 233 232 233
264 265 250 232 225 218 223 239 240 236 234 233 236 243 244 237 224 222 231 243 251 255 258 263 277 281 269 256 247 242 239 236 234 233 232 233 233 233 234 235 235 234 232 232 232 234 236 237 237 237 235 235 236 238 238 237 238 242 248 252 253 250 248 247 248 249 250 251 249 245 243 244 246 244 241 242 247 248 249 250 248 243 240 238 238 239 242 246 248 246 241 236 235 234
261 258 239 227 225 220 225 236 234 232 235 238 240 242 239 227 218 221 233 244 252 256 257 255 253 260 262 257 252 249 245 239 236 234 233 232 233 234 234 235 235 233 232 231 232 234 236 236 236 236 235 235 237 238 238 237 238 242 249 253 253 250 248 246 245 246 249 254 255 251 247 246 246 243 241 244 247 247 247 246 243 240 238 238 237 237 238 242 247 248 244 241 238 236
258 250 228 218 220 221 228 233 232 232 236 238 239 239 233 222 219 227 238 246 252 256 258 256 252 246 246 251 251 248 242 238 236 234 233 233 233 235 235 235 235 234 233 233 234 235 236 236 236 235 235 235 236 236 235 236 238 242 248 252 251 248 247 245 243 244 248 253 256 256 253 248 245 243 242 244 247 249 247 244 242 240 238 236 235 233 231 234 239 241 241 240 235 233
256 245 223 212 211 219 227 231 231 235 238 239 239 238 231 222 222 232 242 248 250 251 251 253 253 245 241 246 249 246 243 240 236 234 233 233 233 235 235 235 235 234 234 235 236 237 237 236 236 235 234 234 234 233 232 234 238 243 249 251 249 245 244 242 240 241 245 250 253 255 257 254 247 244 245 247 250 251 247 243 244 242 236 230 229 227 224 227 231 232 232 232 229 229
253 240 219 208 202 211 222 227 231 237 239 239 241 241 237 233 234 241 247 251 250 248 244 241 244 244 245 248 247 246 244 238 233 233 233 233 234 235 235 234 234 233 234 235 236 236 236 236 235 235 234 233 232 231 230 232 236 243 250 251 246 242 241 240 237 237 242 247 249 250 256 258 254 250 251 252 253 251 245 243 247 246 238 230 228 226 224 226 230 231 230 229 227 229
250 236 212 201 196 207 222 230 236 240 240 241 245 248 250 255 261 261 260 259 256 251 243 239 240 243 247 248 247 245 239 230 229 231 232 232 233 235 235 234 234 233 233 233 234 234 234 234 234 234 233 231 231 231 229 230 234 241 248 249 243 239 239 237 235 235 240 244 246 248 252 257 261 262 258 255 254 252 246 245 252 252 245 235 232 230 228 229 234 236 234 230 229 231
250 233 208 196 194 210 228 238 242 244 245 247 248 249 252 261 273 276 272 269 267 263 252 243 242 244 244 244 246 243 235 232 232 232 231 230 231 233 233 233 232 232 232 233 233 233 233 232 232 233 232 230 230 231 230 230 233 240 245 245 240 238 237 235 233 233 237 242 245 247 250 253 260 267 265 260 256 253 248 248 254 255 249 238 235 235 233 234 240 242 238 234 233 233
249 232 209 194 195 216 234 240 242 245 248 249 248 248 248 249 251 254 257 263 268 271 266 252 247 247 245 242 243 237 234 236 236 232 230 229 230 232 232 232 232 232 233 234 234 233 232 231 231 233 232 228 229 231 231 232 236 241 243 242 240 238 235 233 232 231 232 237 242 245 248 251 256 264 269 267 261 256 252 252 257 255 248 237 237 240 239 239 243 243 239 237 236 236
248 231 214 199 200 224 237 240 239 240 241 241 241 240 238 235 232 230 236 245 255 265 269 262 256 256 253 247 242 233 232 236 231 225 226 226 228 231 232 231 231 231 233 234 233 232 231 230 231 233 231 227 228 230 231 233 237 241 242 240 238 235 231 229 230 228 227 232 238 242 244 248 251 256 264 270 269 263 259 259 260 256 247 239 239 243 243 242 243 243 240 238 238 238
245 231 219 208 211 227 235 234 232 232 233 234 235 235 235 233 233 236 238 239 244 251 259 263 265 265 261 248 240 232 231 230 220 217 220 222 225 230 230 229 229 229 232 232 232 231 230 230 231 232 230 227 227 230 232 233 235 238 239 237 235 231 225 224 227 226 223 227 235 239 241 243 246 248 253 261 269 272 270 268 264 257 247 241 241 243 244 242 242 241 240 240 239 240
241 230 220 216 219 227 231 232 233 236 239 241 243 246 248 244 240 245 250 247 242 244 249 257 264 265 258 240 231 228 227 224 215 214 218 219 222 227 229 228 227 228 230 230 230 229 228 230 232 232 230 228 229 231 234 234 234 235 237 236 233 231 224 221 225 225 222 224 231 237 239 239 241 242 243 249 257 266 271 272 267 258 249 244 242 242 242 240 240 240 240 240 240 241
235 225 220 222 230 236 242 245 248 252 255 257 255 253 256 253 241 242 248 251 246 243 245 252 259 259 253 236 227 229 227 222 215 216 218 219 221 225 227 226 226 228 229 229 228 228 228 231 233 232 230 230 231 234 237 238 236 238 240 237 236 235 228 223 226 226 223 223 229 235 237 237 237 237 236 241 248 255 260 263 261 256 249 245 242 241 240 239 238 238 239 241 242 243
230 224 224 230 240 248 255 260 260 259 259 259 254 248 250 253 245 239 240 242 243 241 243 251 257 257 250 239 238 242 235 224 218 219 220 219 220 224 225 225 226 227 228 228 228 228 229 232 234 231 229 230 233 237 240 240 240 243 244 240 239 240 233 225 228 229 225 224 228 234 237 237 235 232 231 236 243 247 250 251 249 247 245 242 240 240 239 237 236 236 237 239 242 245
225 226 229 234 239 244 250 255 258 255 253 254 254 251 249 251 252 246 239 237 238 240 245 254 260 260 253 243 239 243 237 227 224 224 224 222 223 224 224 224 225 226 227 227 228 228 230 233 233 230 229 231 234 237 240 241 241 244 244 240 242 242 235 228 230 231 229 227 229 234 238 239 236 230 228 233 240 240 238 239 238 238 238 238 238 238 238 236 234 233 233 233 235 238
222 228 232 234 235 237 241 245 249 250 249 250 253 255 253 254 255 255 250 241 239 239 246 256 259 257 255 248 241 237 231 231 229 226 223 222 223 224 223 223 224 225 226 227 228 229 231 232 231 229 229 232 235 237 239 240 242 244 243 240 244 243 237 231 232 235 233 231 233 236 241 243 239 232 228 234 240 238 233 232 232 233 234 235 236 237 237 235 234 233 231 231 232 232
221 229 233 235 236 236 237 239 239 238 237 238 241 246 251 255 255 253 251 246 241 238 245 255 256 251 249 253 254 244 230 224 220 217 216 218 220 222 222 222 224 225 226 227 228 230 231 231 231 230 231 235 237 237 238 240 242 244 244 243 245 244 238 235 236 238 238 236 237 239 244 246 243 236 232 238 243 241 236 234 232 233 234 235 236 236 236 236 236 237 237 237 237 236
223 228 230 232 234 233 231 228 224 220 219 222 226 231 239 247 249 243 237 235 235 235 244 250 250 249 247 241 242 235 219 211 208 209 212 216 220 221 220 221 223 225 225 226 227 230 231 231 232 233 235 238 239 238 239 240 241 243 245 245 245 243 239 238 238 240 241 241 242 244 247 248 245 240 236 241 245 242 238 236 235 234 235 237 237 235 234 235 238 240 241 241 241 242
224 225 225 226 227 226 223 221 219 218 218 219 223 227 233 239 238 229 223 225 229 234 242 243 241 241 241 232 220 212 209 208 208 210 213 218 221 222 220 220 222 224 224 225 228 230 231 232 234 236 239 242 243 243 243 242 240 240 242 244 244 243 241 241 241 242 244 245 246 249 251 252 248 242 239 243 245 241 236 235 234 235 236 239 237 233 232 235 239 242 241 241 240 241
