data/real/Dogrib_v624/conserv_mass/windninja_240_30_100m_vel.asc
NCOLS 357 
NROWS 223 
XLLCORNER 457900 
YLLCORNER 5716800 
CELLSIZE 100 
NODATA_value -3.4e+38 
[rows 147 to 167 of 223, columns 92 to 137 of 357]
51.1699981689453 67.7600021362305 79.4100036621094 74.8499984741211 54.189998626709 29.9200000762939 17.0400009155273 10.6599998474121 7.07999992370605 5.48999977111816 5.15000009536743 5.30000019073486 6.34000015258789 8 9.65999984741211 10.7799997329712 11.5699996948242 12.3000001907349 13.3100004196167 15.2799997329712 18.1599998474121 20.2999992370605 20.9699993133545 21.4599990844727 22.3799991607666 23.1900005340576 24.5300006866455 27.9300003051758 34.0400009155273 42.4599990844727 48.8600006103516 48.1399993896484 41.8699989318848 35.8499984741211 33.3400001525879 31.7700004577637 29.75 31.1100006103516 36.1199989318848 48.0099983215332 73.3099975585938 86.0599975585938 68.8899993896484 37.7000007629395 25.0400009155273 23.9200000762939
42.6699981689453 51.9799995422363 66.120002746582 76.0199966430664 72.0400009155273 51.6300010681152 29.3999996185303 17.2600002288818 10.6499996185303 7.3899998664856 6.3600001335144 6.1399998664856 6.69000005722046 8 9.3100004196167 10.0500001907349 10.4300003051758 11.1400003433228 12.4700002670288 14.5500001907349 17.5 20.0599994659424 20.7000007629395 20.6599998474121 21.2800006866455 22.1599998474121 23.1100006103516 24.5699996948242 26.7199993133545 30.25 36.8499984741211 42.9799995422363 40.5999984741211 34.2999992370605 32.3199996948242 30.7299995422363 27.2000007629395 28.1299991607666 33.0499992370605 40.3499984741211 60.5800018310547 86.0599975585938 82.9899978637695 49.4900016784668 27.4300003051758 24.2700004577637
37.0299987792969 43.8899993896484 53.7000007629395 65.9800033569336 73.9899978637695 69.4300003051758 50.8699989318848 29.1499996185303 16.1100006103516 10.3000001907349 8.02999973297119 7.32000017166138 7.44999980926514 8.44999980926514 9.73999977111816 10.3599996566772 10.1099996566772 10.0699996948242 11.2200002670288 13.5200004577637 16.7299995422363 19.9200000762939 21.0799999237061 20.6000003814697 20.3600006103516 21.2800006866455 22.2999992370605 22.9400005340576 24.5599994659424 28.3199996948242 35.1599998474121 40.25 37.3400001525879 31.5699996948242 30.9300003051758 29.8299999237061 25.8099994659424 26.2600002288818 31.6299991607666 37.0200004577637 48.9799995422363 75.370002746582 84.7399978637695 60.0499992370605 32.3300018310547 24.8400001525879
34.1100006103516 40.1100006103516 47.439998626709 54.6399993896484 62.939998626709 69.6900024414062 66.3499984741211 48.310001373291 25.7800006866455 15.0200004577637 10.4899997711182 8.5600004196167 8.14000034332275 8.77000045776367 10.0799999237061 11.0200004577637 10.8400001525879 10.1000003814697 10.3199996948242 12.1999998092651 15.3699998855591 18.9899997711182 21.1599998474121 21.0200004577637 20.1299991607666 20.5300006866455 21.8199996948242 22.2199993133545 23.1100006103516 28.2700004577637 35.5499992370605 38.3300018310547 35.5999984741211 32.8899993896484 32.5499992370605 31.1299991607666 26.7900009155273 25.4500007629395 30.3899993896484 36.5800018310547 45 67.7099990844727 81.379997253418 64.8199996948242 38.9000015258789 27.7700004577637
32.5 37.2299995422363 43.0400009155273 47.7299995422363 51.6399993896484 58.7400016784668 66.5400009155273 62 41.2900009155273 22.6100006103516 14.460000038147 10.460000038147 9.0600004196167 9.11999988555908 10.1899995803833 11.3199996948242 11.4700002670288 10.8100004196167 10.4899997711182 11.5900001525879 14.210000038147 17.8799991607666 21.1599998474121 21.9400005340576 21.0200004577637 20.5900001525879 21.7700004577637 22.2299995422363 22.2600002288818 27.2399997711182 33.9599990844727 35.1500015258789 34.2900009155273 34.8499984741211 35.4300003051758 34.6500015258789 30.5599994659424 25.8500003814697 28.4300003051758 35.8400001525879 45.5400009155273 65.5 79.2699966430664 67.6500015258789 45.9900016784668 33.8400001525879
31.3299999237061 34.6800003051758 39.3800010681152 43.3699989318848 45.1100006103516 47.8600006103516 56.8400001525879 63.5400009155273 54.5200004577637 34.5499992370605 20.6900005340576 13.6899995803833 10.8199996948242 9.93000030517578 10.4399995803833 11.4899997711182 11.6999998092651 11.0600004196167 10.5600004196167 11.4099998474121 14.0699996948242 18.0699996948242 21.5499992370605 23.1200008392334 22.6700000762939 21.9500007629395 22.7700004577637 22.6100006103516 21.7999992370605 25.5699996948242 31.1399993896484 32.2999992370605 32.8199996948242 35.2599983215332 37.0400009155273 37.8699989318848 35.8300018310547 28.5699996948242 25.4699993133545 31.5699996948242 42.1399993896484 62.0099983215332 81 76.5800018310547 53.3800010681152 39.3600006103516
30.2600002288818 32.4099998474121 36.189998626709 39.9799995422363 41.4300003051758 41.7000007629395 46.8199996948242 57.3300018310547 59.4000015258789 48.2299995422363 30.7000007629395 18.8400001525879 13.5299997329712 11.2200002670288 10.8599996566772 11.6599998474121 11.9499998092651 11.1800003051758 10.1700000762939 10.5799999237061 13.3599996566772 17.8600006103516 21.5100002288818 23.75 24.6100006103516 25.0599994659424 25.0599994659424 22.3999996185303 20.7700004577637 23.7099990844727 28.4400005340576 31.25 33.1300010681152 36.2000007629395 38.4199981689453 40.0999984741211 39.6800003051758 31.2299995422363 22.6200008392334 24.3799991607666 31.4200000762939 48.1300010681152 78.2699966430664 88.1399993896484 67.8000030517578 44.310001373291
29.0300006866455 30.5599994659424 33.5200004577637 36.8499984741211 38.4500007629395 38.689998626709 41.0400009155273 47.9000015258789 55.2999992370605 54.2900009155273 41.2799987792969 25.3899993896484 16.7700004577637 12.8100004196167 11.4899997711182 11.8900003433228 12.2399997711182 11.5500001907349 10.039999961853 9.3100004196167 11.2200002670288 16.0400009155273 20.4200000762939 22.8700008392334 25.0499992370605 28.4400005340576 27.8999996185303 21.8500003814697 19.5 22.7600002288818 26.8199996948242 30.4599990844727 33.9599990844727 37.6399993896484 40.8600006103516 42.9000015258789 42.4599990844727 33.810001373291 21.25 18.5900001525879 23.3899993896484 34.8600006103516 62.0499992370605 89.0999984741211 84.2399978637695 56.4000015258789
27.5699996948242 29.0699996948242 31.4200000762939 33.9799995422363 35.5499992370605 36.8600006103516 38.7099990844727 40.9599990844727 46.3499984741211 52.4900016784668 47.2700004577637 31.4099998474121 19.9899997711182 14.4799995422363 12.1099996566772 12.0299997329712 12.4899997711182 11.9399995803833 10.2799997329712 8.55000019073486 8.89999961853027 12.6499996185303 17.7900009155273 20.6800003051758 23.3799991607666 29.7900009155273 30.0599994659424 21.6599998474121 18.9400005340576 22.0100002288818 25.1800003051758 27.6000003814697 30.7700004577637 34.6399993896484 39.2599983215332 44.1599998474121 45.2299995422363 35.689998626709 21.3400001525879 17.2900009155273 20.3700008392334 29.8400001525879 48.4000015258789 76.4499969482422 89.9100036621094 74.5500030517578
26.3500003814697 28.1200008392334 29.6700000762939 31.2800006866455 32.8699989318848 35.0900001525879 37.2799987792969 37.2599983215332 39.3699989318848 47.2400016784668 48.6800003051758 37.3600006103516 24.1499996185303 16.6800003051758 12.9399995803833 12.0900001525879 12.5799999237061 12.2700004577637 10.7299995422363 8.73999977111816 8 9.61999988555908 13.5 17.4099998474121 21.8400001525879 29.7700004577637 30.3299999237061 21.5400009155273 18.25 20.1599998474121 22.5699996948242 23.9599990844727 25.1900005340576 27.8500003814697 34.2099990844727 44.5999984741211 47.9900016784668 36 21.1100006103516 17.6599998474121 19.5699996948242 27.4699993133545 41.7999992370605 60.1599998474121 86.4400024414062 88.9300003051758
24.9599990844727 27.5400009155273 28.3899993896484 28.9699993133545 30.2600002288818 32.7400016784668 35.1599998474121 35 35.5299987792969 41.9300003051758 47.1399993896484 41.1599998474121 28.7199993133545 19.4699993133545 14.25 12.4200000762939 12.6099996566772 12.539999961853 11.210000038147 9.3100004196167 8.35000038146973 8.81999969482422 10.4200000762939 13.5699996948242 20.3199996948242 29.3400001525879 29.3600006103516 20.2199993133545 16.6700000762939 18.0699996948242 20.5900001525879 22.4799995422363 23.1200008392334 24.5100002288818 30.9899997711182 44.4199981689453 49.5999984741211 36.689998626709 19.7099990844727 16.2399997711182 17.8899993896484 23.2999992370605 33.8800010681152 45.8199996948242 71.5800018310547 90.9599990844727
22.6299991607666 26.2700004577637 27.4400005340576 27.8099994659424 28.6399993896484 30.2700004577637 32.2799987792969 32.7799987792969 33.0400009155273 37.4799995422363 43.8800010681152 42.7900009155273 32.939998626709 22.3099994659424 15.8100004196167 13.1199998855591 12.7600002288818 12.7700004577637 11.7399997711182 9.85000038146973 8.73999977111816 9.07999992370605 9.53999996185303 11.0500001907349 17.8799991607666 28.0200004577637 28.2000007629395 19.2700004577637 15.8199996948242 16.9899997711182 19.1700000762939 21.6900005340576 23.1599998474121 24.3799991607666 29.7199993133545 41.7400016784668 48.939998626709 38.8499984741211 22.0900001525879 16.1399993896484 16.0799999237061 20.1599998474121 28.2299995422363 37.8199996948242 58 86.6900024414062
20.8600006103516 23.9599990844727 25.7000007629395 26.6299991607666 28.0699996948242 29.1800003051758 29.7700004577637 30.3099994659424 30.8700008392334 33.560001373291 39.5099983215332 42.4599990844727 36.4000015258789 25.1399993896484 17.3400001525879 14.1099996566772 13.289999961853 13.1599998474121 12.460000038147 10.6899995803833 8.98999977111816 9.07999992370605 9.5 10.039999961853 15.3999996185303 25.6100006103516 26.8700008392334 19.4099998474121 15.960000038147 16.8999996185303 18.4699993133545 20.6599998474121 22.9599990844727 24.7600002288818 29.6100006103516 38.9500007629395 44.8800010681152 39.7999992370605 27.8099994659424 19.5400009155273 17.3799991607666 19.5400009155273 24.8199996948242 33.2000007629395 45.9099998474121 74.5599975585938
21.8600006103516 22.7199993133545 23.5499992370605 23.9599990844727 26.3700008392334 28.9400005340576 29.0799999237061 28.5 28.8099994659424 30.3799991607666 34.75 40.0299987792969 38.5800018310547 28.6200008392334 19.1900005340576 15.1700000762939 14.0500001907349 13.6899995803833 13.1000003814697 11.6999998092651 9.71000003814697 8.81999969482422 9.21000003814697 9.72000026702881 13.6599998474121 22.2900009155273 24.5900001525879 19.8400001525879 17.0200004577637 17.7000007629395 18.6299991607666 20.0200004577637 22.3299999237061 24.6599998474121 30.1900005340576 37.3499984741211 38.6699981689453 36.0999984741211 30.8700008392334 23.8400001525879 19.9699993133545 20.4899997711182 23.7900009155273 30.9599990844727 38.2599983215332 56.8199996948242
25.2800006866455 23.8199996948242 23.2099990844727 22.0100002288818 23.0100002288818 26.7700004577637 28.8700008392334 28.2000007629395 27.2800006866455 28.1299991607666 30.8400001525879 35.7999992370605 38.0900001525879 32.060001373291 22.0400009155273 16.3600006103516 14.7200002670288 14.25 13.6000003814697 12.539999961853 10.8800001144409 9.23999977111816 8.97000026702881 9.5600004196167 12.5100002288818 18.7700004577637 21.0200004577637 19.1800003051758 18.4599990844727 19.1200008392334 19.1399993896484 19.8500003814697 21.8500003814697 24.5200004577637 31.0900001525879 36.3400001525879 32.7299995422363 28.8500003814697 28.8099994659424 25.8799991607666 21.8799991607666 21.4099998474121 23.4300003051758 29.2399997711182 34.810001373291 44.2599983215332
28.2700004577637 26.4799995422363 25.5400009155273 23.7600002288818 21.7600002288818 23.2600002288818 26.5699996948242 27.9400005340576 26.75 26.7199993133545 28.3600006103516 31.4599990844727 34.5699996948242 32.189998626709 24.5100002288818 17.7199993133545 15.1800003051758 14.6199998855591 14 13.1300001144409 11.9700002670288 10.2299995422363 9.1899995803833 9.60000038146973 11.6999998092651 15.539999961853 16.7999992370605 17.0300006866455 18.8199996948242 20.2800006866455 19.9899997711182 20.1000003814697 21.6900005340576 24.7600002288818 31.7000007629395 35.1800003051758 29.1399993896484 24.3999996185303 25.7600002288818 26.6399993896484 24.8999996185303 24.1100006103516 24.9799995422363 27.6499996185303 33.4000015258789 39.7000007629395
29.6000003814697 28.7399997711182 28.4899997711182 27.5200004577637 24.3299999237061 22.5300006866455 24.1499996185303 26.7900009155273 27.3400001525879 26.8500003814697 27.5499992370605 29.5200004577637 31.0100002288818 29.8899993896484 25.0599994659424 18.7299995422363 15.3699998855591 14.5600004196167 14.1800003051758 13.5100002288818 12.6499996185303 11.1999998092651 9.84000015258789 10.0600004196167 11.4399995803833 12.9499998092651 13.3100004196167 14.6300001144409 17.6200008392334 20.1900005340576 20.7199993133545 20.7199993133545 21.8999996185303 25.2299995422363 31.0900001525879 32.8300018310547 28.3299999237061 25.0200004577637 24.5300006866455 25.4300003051758 25.6599998474121 26.4899997711182 28.6200008392334 31.2199993133545 34.4599990844727 36.060001373291
29.9400005340576 30.0900001525879 30.3199996948242 30.4099998474121 28.4400005340576 25.9400005340576 25.5400009155273 27.3400001525879 28.9099998474121 29.0100002288818 29.25 30.1599998474121 30.0200004577637 28.3799991607666 24.8899993896484 19.6200008392334 15.5799999237061 14.2700004577637 13.9899997711182 13.5699996948242 12.9200000762939 11.75 10.6000003814697 10.8000001907349 11.6199998855591 11.6300001144409 11.2299995422363 12.3100004196167 15.1899995803833 18.5900001525879 20.3500003814697 21.0499992370605 22.2800006866455 25.6399993896484 29.3700008392334 28.8999996185303 27.0900001525879 27.0200004577637 26.7199993133545 25.4599990844727 23.9699993133545 24.6900005340576 30.2800006866455 35.7799987792969 34.7200012207031 30.5400009155273
29.7299995422363 30.5499992370605 31.0900001525879 31.5100002288818 30.6200008392334 29.1299991607666 28.6399993896484 29.2099990844727 30.3799991607666 31.6000003814697 32.4700012207031 32.3800010681152 30.9099998474121 28.6700000762939 25.3400001525879 20.4300003051758 16.1499996185303 14.3199996948242 13.7299995422363 13.3400001525879 12.8800001144409 12.0500001907349 11.2799997329712 11.4700002670288 11.9799995422363 11.5299997329712 10.6000003814697 10.5699996948242 12.5 16.1700000762939 18.8099994659424 20.7000007629395 22.5200004577637 25.2299995422363 27.1800003051758 25.3999996185303 24.3299999237061 26.9799995422363 30.8299999237061 30.8199996948242 27.0699996948242 26.0799999237061 32.8899993896484 37.9199981689453 31.5 23.4799995422363
29.4599990844727 30.3199996948242 31.1599998474121 31.6499996185303 31.0100002288818 30.1800003051758 30.2000007629395 30.5100002288818 31.3700008392334 33.2900009155273 35.5 35.9700012207031 33.5900001525879 30.0599994659424 26.1200008392334 21.3899993896484 17.25 14.8500003814697 13.8800001144409 13.1300001144409 12.6199998855591 12.3299999237061 11.9099998474121 11.9300003051758 12.3500003814697 11.8800001144409 10.5799999237061 9.75 10.8800001144409 13.9700002670288 16.7900009155273 19.5699996948242 22.0499992370605 23.6200008392334 24.7700004577637 24.0300006866455 22.3999996185303 24.0900001525879 29.8600006103516 34.5499992370605 34.5800018310547 35.2000007629395 40.7000007629395 38.6399993896484 25.5900001525879 17.3199996948242
29.3400001525879 30.1299991607666 31.0499992370605 31.7000007629395 31.2199993133545 30.5599994659424 30.7700004577637 31.1900005340576 32.0699996948242 34.1599998474121 37.4199981689453 40.3199996948242 39.0400009155273 33.1100006103516 27.0200004577637 22.4200000762939 18.75 15.8699998855591 14.4899997711182 13.2299995422363 12.3699998855591 12.4499998092651 12.4200000762939 12.3299999237061 12.6199998855591 12.1700000762939 10.8400001525879 9.85000038146973 10.2600002288818 12.5699996948242 15.1800003051758 17.75 19.6100006103516 20.8700008392334 22.1499996185303 21.7199993133545 20.1599998474121 19.7900009155273 22.1299991607666 28.1599998474121 33.060001373291 39.0800018310547 48.2000007629395 44.189998626709 23.8700008392334 13.8800001144409
