data/real/Dogrib_v624/conserv_mass/windninja_315_30_100m_vel.asc
NCOLS 357 
NROWS 223 
XLLCORNER 457900 
YLLCORNER 5716800 
CELLSIZE 100 
NODATA_value -3.4e+38 
[rows 189 to 209 of 223, columns 184 to 229 of 357]
26.4300003051758 26.4899997711182 26.2900009155273 26.1000003814697 26.0300006866455 26.2900009155273 26.3500003814697 25.9599990844727 25.6900005340576 25.7199993133545 25.5599994659424 25.1399993896484 24.5599994659424 23.7800006866455 23.5100002288818 23.7199993133545 23.8600006103516 24.1700000762939 24.5300006866455 24.6399993896484 24.8199996948242 25.7900009155273 27.0900001525879 27.6200008392334 27.4799995422363 27.2099990844727 27.2099990844727 27.3199996948242 26.9400005340576 26.4200000762939 26.4699993133545 27.0100002288818 27.3700008392334 27.2800006866455 27.1700000762939 27.4400005340576 27.8799991607666 28.0799999237061 28.2800006866455 28.4599990844727 27.9599990844727 27.1700000762939 27.1200008392334 27.6200008392334 27.9500007629395 28.0699996948242
26.0699996948242 26.1900005340576 26.0200004577637 25.9300003051758 26.2999992370605 26.8600006103516 26.5100002288818 25.7199993133545 25.8299999237061 26.2800006866455 26.0799999237061 25.7900009155273 25.6299991607666 25.6100006103516 25.8500003814697 25.5699996948242 24.9599990844727 24.8700008392334 25 25.1100006103516 25.3799991607666 26.1000003814697 27.0200004577637 27.25 26.8099994659424 26.4599990844727 26.4899997711182 26.6100006103516 26.2900009155273 26 26.4300003051758 27.0300006866455 27.1000003814697 26.9300003051758 27.3099994659424 28.2099990844727 28.7999992370605 28.8899993896484 28.9200000762939 28.7900009155273 28.2800006866455 27.9599990844727 28.2199993133545 28.4300003051758 28.1900005340576 27.9400005340576
25.6399993896484 26.0799999237061 25.8799991607666 25.6299991607666 26.0799999237061 26.5200004577637 26.1700000762939 26.0599994659424 26.8199996948242 27.3199996948242 27.3099994659424 27.25 26.9699993133545 27.0300006866455 27.3299999237061 26.6499996185303 25.6100006103516 25.2800006866455 25.3400001525879 25.3500003814697 25.3799991607666 25.8700008392334 26.6100006103516 26.5200004577637 25.8700008392334 25.6000003814697 25.6100006103516 25.6000003814697 25.3099994659424 25.2000007629395 25.6200008392334 25.9799995422363 26.0799999237061 26.4099998474121 27.4899997711182 28.5799999237061 28.8899993896484 28.8999996185303 28.8999996185303 28.75 28.5699996948242 28.5799999237061 28.6900005340576 28.5 28.1299991607666 27.9699993133545
26.4599990844727 26.9799995422363 26.2700004577637 25.6700000762939 26.1100006103516 26.75 27.0799999237061 27.7700004577637 28.6299991607666 29.0799999237061 29.2099990844727 28.9200000762939 28.4400005340576 28.6299991607666 28.9099998474121 27.6200008392334 25.8400001525879 25.2999992370605 25.3899993896484 25.2999992370605 25.2900009155273 25.75 26.0699996948242 25.6499996185303 25.0400009155273 24.7299995422363 24.6299991607666 24.7000007629395 24.6900005340576 24.7099990844727 25.2700004577637 25.8500003814697 26.0799999237061 26.5900001525879 27.7299995422363 28.6399993896484 28.8199996948242 28.8500003814697 28.8299999237061 28.6399993896484 28.4300003051758 28.2800006866455 28.1599998474121 27.9599990844727 27.8999996185303 27.9799995422363
28.1499996185303 28.0900001525879 27.3299999237061 27.3099994659424 28.1800003051758 29.0100002288818 29.7000007629395 30.3600006103516 30.75 30.9200000762939 30.6900005340576 30.1800003051758 30.0200004577637 30.4699993133545 30.25 27.7299995422363 25.3600006103516 25.0300006866455 25.1900005340576 24.9899997711182 24.9400005340576 25.1200008392334 24.9699993133545 24.4599990844727 24.1299991607666 24.1800003051758 24.5 25.0799999237061 25.4099998474121 25.7299995422363 26.8299999237061 27.4099998474121 27.2000007629395 27.7999992370605 29.1800003051758 29.8899993896484 29.5699996948242 29.0599994659424 28.7399997711182 28.3500003814697 27.8199996948242 27.4599990844727 27.4899997711182 27.6399993896484 27.7800006866455 27.9599990844727
29.7299995422363 29.3899993896484 29.3700008392334 30.1100006103516 30.9899997711182 31.5799999237061 32.2400016784668 32.6699981689453 32.7099990844727 32.5 31.9799995422363 31.5699996948242 31.5699996948242 31.5900001525879 29.7700004577637 26.1200008392334 24.3400001525879 24.6399993896484 24.6900005340576 24.2900009155273 24.1399993896484 24.1399993896484 24.0300006866455 24.1700000762939 24.9200000762939 25.8799991607666 26.6499996185303 27.4699993133545 27.9899997711182 28.5300006866455 29.3500003814697 29.2600002288818 29.2099990844727 30.4799995422363 31.6599998474121 31.5499992370605 30.6700000762939 29.7800006866455 29.2999992370605 28.5599994659424 27.5400009155273 27.0200004577637 27.3400001525879 28.0100002288818 28.2099990844727 28.2299995422363
30.7000007629395 30.8700008392334 31.2399997711182 31.75 32.2099990844727 32.6699981689453 33.2400016784668 33.6500015258789 33.6699981689453 33.2000007629395 32.5900001525879 32.2400016784668 32.1199989318848 30.7800006866455 26.9899997711182 23.8899993896484 23.6800003051758 24.2600002288818 23.9799995422363 23.5300006866455 23.6900005340576 24.1599998474121 25.1000003814697 26.8500003814697 28.6100006103516 29.4599990844727 29.7099990844727 30.0799999237061 30.3500003814697 30.4599990844727 30.4200000762939 30.2700004577637 31.0499992370605 32.3899993896484 32.7400016784668 32.2000007629395 31.5900001525879 31.0200004577637 30.5100002288818 29.3999996185303 28.0300006866455 27.7199993133545 28.6399993896484 29.3899993896484 28.8199996948242 28.1399993896484
31.0400009155273 31.4099998474121 31.6499996185303 31.9099998474121 32.2900009155273 32.7099990844727 33.1699981689453 33.6300010681152 33.4500007629395 32.6300010681152 32 31.7600002288818 30.8400001525879 27.4699993133545 23.6399993896484 22.8199996948242 23.6900005340576 23.8700008392334 23.2900009155273 23.3299999237061 24.4599990844727 26.1100006103516 28.3799991607666 30.4799995422363 31.1800003051758 30.9200000762939 30.6499996185303 30.5799999237061 30.3999996185303 30.0900001525879 30.1299991607666 30.8899993896484 32.0999984741211 32.8600006103516 32.810001373291 32.6199989318848 32.5200004577637 32 31.1399993896484 29.9400005340576 28.8299999237061 29.1299991607666 30.25 30.2000007629395 28.9599990844727 27.8899993896484
31.1900005340576 31.2900009155273 31.4099998474121 31.7700004577637 32.2200012207031 32.5699996948242 33.0499992370605 33.5299987792969 33.060001373291 31.9799995422363 31.5400009155273 31.0699996948242 28.4300003051758 24.2299995422363 22.4899997711182 23.2800006866455 23.8500003814697 23.3299999237061 22.7800006866455 23.9099998474121 26.4500007629395 28.9699993133545 30.9899997711182 31.6200008392334 31.0300006866455 30.4099998474121 29.9300003051758 29.5499992370605 29.2999992370605 29.3400001525879 30.25 31.7800006866455 32.8400001525879 33.060001373291 33.0200004577637 33.0699996948242 32.6800003051758 31.4699993133545 30.2600002288818 29.4699993133545 29.2199993133545 29.8500003814697 30.2000007629395 29.3299999237061 28.0300006866455 26.9400005340576
31.2600002288818 31.2299995422363 31.3299999237061 31.7099990844727 32.0900001525879 32.4500007629395 33.2000007629395 33.7299995422363 32.9199981689453 31.9799995422363 31.7199993133545 29.75 25.5 22.8500003814697 23.1599998474121 24.0900001525879 23.8400001525879 22.8199996948242 22.9400005340576 25.5400009155273 28.9599990844727 30.8299999237061 31.1700000762939 30.7700004577637 30.2000007629395 29.6399993896484 29.0100002288818 28.7900009155273 29.0799999237061 29.9599990844727 31.6299991607666 33.189998626709 33.6599998474121 33.5099983215332 33.4700012207031 33.0099983215332 31.4099998474121 29.2900009155273 27.9099998474121 27.2299995422363 27.0699996948242 27.4699993133545 27.4799995422363 26.6399993896484 25.3700008392334 24.1900005340576
31.1399993896484 31.0900001525879 31.2299995422363 31.6499996185303 32.0900001525879 32.7299995422363 33.810001373291 33.8800010681152 32.5200004577637 31.8999996185303 30.6000003814697 26.3400001525879 22.8500003814697 22.7000007629395 23.8600006103516 24.4099998474121 23.6499996185303 22.8099994659424 24.4799995422363 28.2199993133545 31.1100006103516 31.3600006103516 30.1800003051758 29.8299999237061 29.8099994659424 29.2399997711182 28.7600002288818 29.0699996948242 30.0499992370605 31.5599994659424 33.4500007629395 34.5900001525879 34.4300003051758 33.7400016784668 32.7000007629395 30.6399993896484 27.7900009155273 25.4500007629395 24.2800006866455 23.7199993133545 23.8600006103516 24.5499992370605 24.6200008392334 24.0599994659424 23.1900005340576 22.4099998474121
31.1100006103516 31.0799999237061 31.3600006103516 31.9599990844727 32.7900009155273 33.7599983215332 34.3899993896484 33.3499984741211 31.7000007629395 30.7000007629395 27.1299991607666 22.75 21.9699993133545 23.2800006866455 24.2299995422363 24.3999996185303 23.4799995422363 23.3999996185303 26.6599998474121 30.4500007629395 31.7999992370605 30.7999992370605 29.5799999237061 29.8500003814697 30.2299995422363 29.6200008392334 29.2099990844727 29.9400005340576 31.3700008392334 33.0900001525879 34.7000007629395 34.939998626709 33.4700012207031 31.1200008392334 28.3299999237061 25.4300003051758 23.1499996185303 22.1700000762939 22.1399993896484 22.5400009155273 23.5699996948242 24.4500007629395 24.4099998474121 24.0699996948242 23.6800003051758 23.75
31.3700008392334 31.4699993133545 31.8899993896484 32.7900009155273 33.9799995422363 34.5499992370605 33.9799995422363 32.310001373291 30.7900009155273 28.5499992370605 23.8400001525879 21.5799999237061 22.6399993896484 23.9400005340576 24.4599990844727 24.4300003051758 23.6499996185303 24.2199993133545 27.9599990844727 30.7900009155273 30.7199993133545 29.6599998474121 29.3099994659424 30.0200004577637 30.4500007629395 29.9099998474121 29.7299995422363 30.9799995422363 32.689998626709 34.1500015258789 34.7000007629395 32.9500007629395 29.3700008392334 25.8299999237061 23.4599990844727 22.2099990844727 21.7000007629395 21.9200000762939 22.7099990844727 23.7900009155273 24.9599990844727 25.5799999237061 25.7600002288818 25.9699993133545 26.2199993133545 27.1800003051758
31.8199996948242 31.9699993133545 32.560001373291 33.7099990844727 34.5699996948242 34.0800018310547 32.6599998474121 31.1399993896484 29.2600002288818 25.8099994659424 22.2299995422363 22.0799999237061 23.5799999237061 24.4200000762939 24.5900001525879 24.5300006866455 24.0900001525879 24.8999996185303 28.3199996948242 30.2600002288818 29.7900009155273 29.2199993133545 29.3899993896484 30 30.3299999237061 30.1499996185303 30.3899993896484 31.9300003051758 33.4099998474121 33.8499984741211 32.4000015258789 28.5799999237061 24.7299995422363 22.8400001525879 22.2999992370605 22.2800006866455 22.5699996948242 23.1399993896484 24.2199993133545 25.7299995422363 27.0400009155273 27.8199996948242 28.5100002288818 29.2700004577637 29.9699993133545 30.9699993133545
31.6900005340576 32 32.8499984741211 33.810001373291 33.8699989318848 32.689998626709 31.0200004577637 29.2299995422363 26.3999996185303 22.9400005340576 21.7600002288818 22.9300003051758 24.2099990844727 24.6700000762939 24.6200008392334 24.6399993896484 24.3099994659424 25 28.1599998474121 30.1700000762939 29.8400001525879 29.5 29.9899997711182 30.4599990844727 30.5400009155273 30.4300003051758 30.8799991607666 32.2900009155273 32.8800010681152 31.6700000762939 28.5599994659424 24.9599990844727 23.1700000762939 22.9699993133545 22.8999996185303 22.9400005340576 23.6800003051758 24.9500007629395 26.8500003814697 28.8400001525879 30.1100006103516 30.9200000762939 31.7399997711182 32.3699989318848 32.4799995422363 32.4199981689453
31.0699996948242 31.6399993896484 32.310001373291 32.7000007629395 32.2400016784668 30.8500003814697 28.9500007629395 26.5400009155273 23.5200004577637 21.75 22.3400001525879 23.6299991607666 24.3700008392334 24.5499992370605 24.5300006866455 24.5200004577637 23.9699993133545 24.6900005340576 28.1900005340576 30.4200000762939 29.8700008392334 29.8099994659424 30.7099990844727 30.7900009155273 30.3999996185303 30.3700008392334 31.0699996948242 32.1300010681152 31.5799999237061 29.1900005340576 26.2999992370605 24.25 23.7000007629395 23.5300006866455 23.2299995422363 23.8799991607666 25.7999992370605 28 30.0499992370605 31.4599990844727 32.1300010681152 32.5699996948242 32.7700004577637 32.2700004577637 31.1700000762939 30.1599998474121
31.0900001525879 31.5699996948242 31.6900005340576 31.6200008392334 30.8299999237061 29.3099994659424 27.1900005340576 24.2700004577637 22.2700004577637 22.3400001525879 23.3299999237061 24.0300006866455 24.3199996948242 24.3600006103516 24.4099998474121 24.0900001525879 23.4300003051758 25 28.9699993133545 30.6200008392334 29.8999996185303 30.2800006866455 31.0499992370605 30.5300006866455 30.1100006103516 30.6299991607666 31.4400005340576 31.7700004577637 30.2999992370605 27.7399997711182 25.7299995422363 24.4699993133545 24.0100002288818 23.7700004577637 24.1900005340576 26.25 29 30.9300003051758 31.9899997711182 32.5999984741211 32.7799987792969 32.439998626709 31.1299991607666 29.1499996185303 27.7199993133545 27.0699996948242
31.8899993896484 31.9599990844727 31.7999992370605 31.2199993133545 30.0499992370605 28.4400005340576 25.9300003051758 23.0900001525879 22.4699993133545 23.3700008392334 23.9500007629395 24.2199993133545 24.3299999237061 24.2900009155273 24.2099990844727 23.5499992370605 23.4400005340576 26.2399997711182 29.7399997711182 30.4799995422363 30.1000003814697 30.5900001525879 30.7600002288818 30.0200004577637 30.0100002288818 30.7900009155273 31.1000003814697 30.5599994659424 28.8299999237061 26.6000003814697 24.9099998474121 24.0499992370605 24.1599998474121 24.9400005340576 26.8099994659424 29.6499996185303 31.8299999237061 32.6100006103516 32.8899993896484 33.0299987792969 32.3600006103516 30.4400005340576 27.7199993133545 26.0499992370605 26.0799999237061 26.3999996185303
33.0200004577637 32.7700004577637 32.2700004577637 31.1900005340576 29.5 26.9099998474121 24.1299991607666 22.6700000762939 23.1700000762939 24.0400009155273 24.2900009155273 24.3500003814697 24.2999992370605 24.1100006103516 23.7099990844727 23.0300006866455 23.8999996185303 27.2600002288818 29.8199996948242 30.2299995422363 30.1200008392334 30.2199993133545 29.9300003051758 29.3199996948242 29.4599990844727 29.7800006866455 29.4500007629395 28.8199996948242 27.7299995422363 25.8999996185303 24.3199996948242 24.3299999237061 25.5300006866455 27.4500007629395 29.9300003051758 32 32.7099990844727 32.4599990844727 32.310001373291 31.7800006866455 29.6900005340576 26.7800006866455 25.1800003051758 25.8999996185303 27.3799991607666 27.6399993896484
33.0800018310547 32.6599998474121 31.9699993133545 30.6499996185303 28.1599998474121 24.7700004577637 23.0799999237061 23.1800003051758 23.8799991607666 24.4400005340576 24.5200004577637 24.3299999237061 24.0400009155273 23.6299991607666 22.9200000762939 22.7199993133545 24.6200008392334 27.9400005340576 29.9200000762939 30.1900005340576 29.9099998474121 29.5900001525879 29.1499996185303 28.8199996948242 29.0699996948242 29.2299995422363 29 29.0400009155273 28.2999992370605 25.9200000762939 24.6000003814697 25.8700008392334 27.8999996185303 29.7999992370605 31.1900005340576 31.3999996185303 30.9300003051758 30.5599994659424 30.2999992370605 28.8400001525879 26.0699996948242 24.5799999237061 25.5400009155273 27.6000003814697 28.5499992370605 28.1399993896484
31.9699993133545 31.4699993133545 30.7399997711182 28.8899993896484 25.5799999237061 23.1599998474121 23.3099994659424 24.1100006103516 24.5 24.7000007629395 24.4599990844727 23.9799995422363 23.5499992370605 22.8999996185303 22.2600002288818 23.1200008392334 25.8999996185303 28.8899993896484 30.1700000762939 29.9500007629395 29.3999996185303 28.9799995422363 28.9300003051758 29.2900009155273 29.9899997711182 30.5699996948242 30.9400005340576 31.1800003051758 29.4300003051758 26.0599994659424 25.4500007629395 27.7000007629395 29.5499992370605 30.3700008392334 30.0699996948242 28.9300003051758 28.4200000762939 28.5499992370605 27.9099998474121 26.1499996185303 24.7600002288818 25.3099994659424 27.2299995422363 28.4099998474121 28.3899993896484 27.8500003814697
