data/real/Dogrib_v624/conserv_mass/windninja_270_30_100m_ang.asc
NCOLS 357 
NROWS 223 
XLLCORNER 457900 
YLLCORNER 5716800 
CELLSIZE 100 
NODATA_value -3.4e+38 
[rows 42 to 83 of 223, columns 94 to 187 of 357]
268 268 262 253 247 243 242 243 245 253 266 280 287 286 286 286 281 272 265 264 267 270 270 269 271 273 276 277 279 280 281 281 281 281 280 280 280 280 280 280 279 278 276 272 268 263 262 266 276 289 294 289 284 278 271 263 262 268 280 289 285 277 275 278 278 274 271 268 264 261 259 260 264 266 266 265 267 273 276 272 266 263 266 272 278 283 286 286 285 282 276 269 265 264
263 264 259 253 249 248 250 250 252 257 266 279 290 288 281 277 275 272 266 260 257 259 263 266 270 273 276 278 281 283 283 283 282 281 281 280 280 281 282 282 281 280 279 277 272 267 263 263 270 283 291 290 285 281 275 268 264 265 275 285 286 277 272 274 280 277 271 266 263 261 260 258 258 260 263 265 267 269 272 271 267 265 267 272 277 281 284 286 286 282 275 269 266 266
257 258 256 255 256 258 258 257 259 261 263 270 280 282 275 268 267 271 271 263 255 254 259 266 271 274 277 281 284 286 285 284 284 283 282 281 280 280 282 283 283 282 281 280 276 270 264 263 266 277 288 290 286 282 279 273 266 264 269 279 284 280 273 272 279 279 271 264 259 258 259 256 253 255 261 266 268 268 268 270 269 268 269 273 276 279 282 283 283 280 275 271 270 269
252 254 254 256 263 269 270 267 265 263 262 263 268 270 264 258 260 269 274 265 255 255 262 268 272 276 280 283 286 288 287 286 285 284 283 282 281 280 281 283 284 284 283 282 279 274 268 265 265 271 282 288 287 283 280 276 269 263 264 272 281 281 275 272 276 278 271 263 256 253 255 254 252 255 261 266 269 270 269 270 269 268 270 274 278 279 281 280 279 277 276 275 274 273
251 253 254 257 262 270 277 278 271 264 262 262 261 255 249 252 260 269 274 261 251 258 268 274 275 278 283 286 288 288 288 287 285 285 284 283 282 281 281 282 284 284 284 283 281 279 274 267 264 266 276 285 287 284 281 277 272 265 262 266 275 280 277 272 273 274 269 261 254 252 253 254 256 258 262 266 270 273 273 271 266 263 268 275 280 280 280 279 277 274 274 275 277 276
256 256 256 256 259 263 270 278 275 266 263 262 255 246 245 255 265 272 272 247 243 259 273 282 283 283 285 288 289 288 287 286 285 285 285 284 282 281 280 281 282 284 285 285 285 283 278 271 265 264 269 279 285 285 282 279 275 270 262 261 266 275 276 272 270 269 262 255 253 254 256 259 263 264 263 266 271 276 276 271 262 259 265 274 280 282 281 280 278 274 271 273 277 277
272 263 260 259 259 259 260 266 270 267 265 262 251 244 250 263 274 276 270 230 239 259 272 287 293 291 288 287 287 287 285 285 285 285 285 284 282 281 280 280 282 283 285 287 287 286 282 274 267 263 264 274 283 285 283 280 277 274 266 260 261 268 271 270 268 262 252 250 252 257 261 264 267 267 265 267 272 275 275 270 262 260 263 269 278 283 284 283 281 277 273 272 273 273
289 273 267 264 262 260 258 258 260 263 264 261 251 249 260 272 279 278 264 226 242 261 271 285 297 297 291 285 283 283 284 285 284 284 284 284 283 281 281 281 282 283 284 286 288 288 285 278 269 263 263 270 281 285 283 280 278 276 272 264 260 262 266 268 266 256 246 247 251 255 262 267 268 267 267 269 271 273 272 270 266 263 262 266 273 282 286 285 283 281 278 273 267 263
298 282 273 268 264 263 261 258 255 257 260 261 256 258 268 275 278 275 255 234 250 262 272 285 296 298 293 285 281 282 284 285 285 284 284 284 283 282 281 281 282 282 283 285 287 289 287 280 271 264 264 269 278 284 283 280 279 277 275 270 262 260 263 267 264 255 248 249 251 252 256 263 267 266 268 271 272 271 270 269 268 265 264 266 271 279 285 286 284 283 279 271 260 257
299 288 276 269 265 263 262 260 257 255 259 262 259 262 269 272 272 268 256 254 261 266 275 286 294 295 291 285 283 283 285 286 285 285 284 284 284 283 281 281 281 282 282 283 285 287 287 282 274 268 267 268 274 281 283 281 279 278 277 273 265 262 264 265 262 257 256 257 255 252 252 254 259 264 270 273 272 269 267 268 271 269 267 267 271 277 283 285 284 281 277 269 259 257
294 291 279 270 266 262 261 262 262 262 266 264 257 256 261 266 265 262 261 271 275 275 280 285 287 283 284 286 287 287 287 287 286 286 285 284 284 283 281 281 281 281 281 282 283 285 286 285 281 274 269 267 269 276 282 281 280 279 277 274 269 265 264 264 263 260 263 265 262 257 253 249 250 259 269 272 270 265 265 270 275 274 270 269 272 276 280 282 281 278 274 270 264 261
292 294 282 272 268 264 263 265 273 280 277 266 252 247 249 253 258 260 264 272 280 283 284 279 270 273 283 292 293 290 287 286 286 286 286 284 283 283 281 280 280 280 280 281 281 283 286 287 286 279 271 266 264 270 280 283 280 278 277 276 273 267 264 263 264 264 268 270 267 263 257 250 248 254 263 267 265 264 268 272 275 277 275 272 273 275 276 277 278 276 275 274 273 270
290 296 286 273 268 266 266 274 287 292 285 265 249 244 243 243 246 254 262 268 278 285 284 273 270 282 290 294 294 288 284 284 286 286 286 284 283 282 281 280 279 279 279 280 280 282 284 287 288 284 275 267 262 265 275 282 281 279 278 278 274 268 264 264 265 268 270 271 269 266 261 255 252 254 257 260 263 267 270 271 273 280 281 276 273 271 272 275 276 276 276 277 279 278
285 293 290 278 271 270 273 284 291 294 286 268 254 249 245 242 242 244 251 264 276 283 283 279 283 288 289 286 285 283 283 285 286 286 285 284 283 282 281 279 278 278 278 278 278 280 282 286 287 285 279 271 265 264 269 278 281 280 279 279 276 270 265 264 267 270 271 270 268 265 262 260 260 256 253 255 263 267 268 269 275 284 287 280 272 268 268 271 274 275 277 279 281 281
279 287 292 287 278 278 282 287 290 288 283 274 260 256 252 248 244 242 246 255 269 279 282 282 282 278 276 278 282 284 285 287 286 285 285 284 283 281 280 279 278 277 277 277 277 278 281 283 285 284 280 276 271 267 266 273 280 281 280 279 278 273 266 264 267 271 271 269 267 265 265 265 265 259 254 254 258 262 265 271 279 285 287 282 273 266 264 266 270 274 278 280 282 283
273 281 290 291 287 286 287 286 282 277 277 279 267 261 258 255 252 250 250 252 257 267 274 271 264 265 273 282 288 289 287 287 286 285 283 283 282 280 279 278 278 277 276 276 277 277 279 280 282 282 280 278 276 271 268 270 277 281 280 280 280 276 269 265 266 270 271 270 269 268 269 270 268 263 259 254 253 257 264 273 279 281 281 278 272 266 262 262 268 276 280 282 283 283
266 275 287 298 298 292 287 280 269 264 267 280 279 268 261 257 258 260 258 255 252 251 257 256 256 266 279 288 292 291 288 286 285 283 282 280 280 279 278 277 277 277 277 276 276 276 276 277 278 278 278 278 279 277 272 270 274 279 281 281 281 279 272 266 265 268 272 272 271 271 272 272 269 267 264 258 254 255 262 270 274 274 273 271 268 264 262 263 271 279 283 284 284 283
268 273 284 297 300 292 281 266 255 253 257 275 290 273 262 261 263 264 263 258 251 246 245 252 264 273 280 288 290 291 289 285 283 281 279 278 277 277 276 276 277 277 277 276 276 275 275 274 274 274 275 277 280 281 277 272 272 277 280 281 281 281 276 268 265 267 272 273 272 273 274 273 271 269 267 264 258 256 260 266 269 272 272 269 264 262 262 266 272 279 283 283 282 282
275 276 281 288 291 283 268 256 248 245 250 263 284 277 265 267 267 265 261 256 253 247 246 254 269 278 279 280 284 287 288 285 281 279 277 276 275 274 274 275 276 276 276 275 275 274 274 273 272 273 275 277 278 280 279 275 273 275 279 280 280 280 279 272 267 266 271 274 274 275 275 274 272 271 270 266 262 260 261 264 268 272 275 271 265 263 264 267 269 273 278 279 278 279
278 278 277 277 277 270 262 256 250 246 249 254 257 250 267 271 268 262 256 254 259 258 256 259 265 272 270 270 278 284 285 282 278 276 275 274 273 272 273 274 274 275 275 274 274 273 273 272 272 274 276 276 276 277 279 277 274 275 277 280 280 280 280 277 270 266 269 274 276 277 275 274 273 272 270 267 267 266 263 263 267 271 273 276 273 270 268 267 265 265 269 272 273 275
275 276 274 273 273 267 260 258 256 254 253 250 237 231 264 271 267 260 255 257 267 273 271 266 261 257 258 265 275 280 280 278 276 273 272 272 272 273 273 272 273 273 273 273 273 272 271 272 273 275 276 275 273 273 276 277 275 274 275 277 280 281 282 280 274 269 269 273 277 278 276 274 273 272 271 273 271 267 264 264 266 267 271 278 281 276 272 268 263 262 264 266 268 271
273 277 274 270 270 265 257 259 260 259 255 244 225 234 259 268 269 264 260 263 270 278 280 275 264 255 256 263 269 271 271 271 271 271 271 271 272 273 272 272 272 272 272 273 272 271 271 272 274 275 275 273 270 270 273 275 275 274 273 274 278 282 283 281 277 273 271 274 278 279 277 274 274 275 276 274 269 265 265 265 265 265 269 275 282 279 273 269 265 262 260 262 266 268
277 280 275 266 259 258 256 262 263 259 249 230 225 241 260 272 275 270 262 262 267 273 280 285 276 268 265 263 259 259 261 263 266 268 269 270 271 272 272 272 272 272 273 273 272 271 272 273 274 274 273 271 269 269 270 272 272 272 272 274 277 280 282 282 280 278 276 277 278 280 279 277 277 278 276 270 267 268 267 265 264 267 269 271 276 278 274 270 268 263 260 261 264 266
282 283 275 260 250 248 255 264 262 253 238 227 233 252 269 277 275 262 254 258 264 267 273 286 291 287 275 264 257 255 256 259 263 267 269 271 271 272 273 273 273 273 273 272 272 272 273 274 275 273 271 270 269 269 268 267 267 268 271 275 277 278 280 281 281 281 281 282 281 281 281 281 279 277 273 269 269 270 267 264 265 268 268 268 271 274 274 272 269 265 261 261 264 266
282 282 274 259 249 245 252 260 253 239 234 236 250 268 276 274 258 243 249 260 265 266 269 276 288 290 279 266 258 257 260 263 265 268 271 272 272 273 273 274 273 273 272 272 272 273 274 275 274 272 270 269 269 268 265 262 262 265 271 277 279 279 279 280 280 279 282 286 285 283 283 282 279 275 271 270 271 271 269 266 265 265 266 266 267 269 269 270 270 268 264 263 265 267
278 277 271 261 251 243 246 249 238 233 242 255 269 275 272 258 236 237 252 263 267 268 269 270 272 276 270 262 259 263 268 270 272 273 273 274 273 274 274 274 273 273 272 272 273 274 274 273 272 270 269 269 268 266 262 260 260 264 271 277 281 281 280 279 278 276 279 285 289 288 285 283 279 274 273 274 275 277 275 268 262 260 263 264 264 265 263 265 269 269 266 265 267 268
275 270 264 259 248 238 238 237 234 243 261 272 274 270 257 238 231 246 261 266 267 268 268 267 263 256 254 259 266 272 275 276 277 277 275 275 274 274 274 274 273 273 273 273 274 274 273 271 270 268 267 267 266 263 259 259 262 266 271 277 282 282 280 278 276 274 276 282 289 291 289 285 281 278 279 281 282 282 278 268 259 257 259 262 263 262 260 260 263 266 267 269 270 268
272 266 257 249 233 228 232 237 248 265 273 273 267 257 244 233 238 258 269 270 267 263 260 259 258 253 254 266 272 274 277 281 281 279 277 275 275 274 274 273 272 272 273 273 274 274 272 270 269 267 266 265 264 261 259 260 263 267 272 276 281 281 279 278 276 274 274 278 286 290 292 291 288 284 285 286 284 280 275 268 261 259 258 259 261 261 260 259 259 260 265 268 267 263
268 261 251 236 210 216 235 251 265 271 270 262 255 250 244 244 255 268 273 273 267 260 252 249 252 259 265 270 270 273 281 286 284 279 277 276 275 275 274 273 272 272 272 272 273 273 272 270 268 267 265 264 263 262 262 261 263 267 272 276 279 279 278 278 277 274 272 275 281 287 291 294 295 291 287 286 283 277 273 271 268 264 261 259 259 259 260 260 259 260 262 261 256 255
265 256 242 220 198 217 249 263 268 265 255 248 248 249 252 263 274 277 275 273 269 261 252 247 249 259 268 268 272 281 287 287 282 280 279 277 276 274 274 273 273 272 272 272 272 271 270 269 268 267 266 265 264 265 265 264 263 266 271 275 277 278 278 278 277 275 272 272 277 284 288 292 298 296 290 286 282 277 273 274 273 269 265 263 260 258 259 262 263 261 257 251 248 250
264 252 231 206 196 231 257 263 259 251 246 246 248 251 258 270 280 282 277 273 272 269 260 251 251 257 265 273 282 287 283 278 280 281 280 278 276 274 274 274 274 273 272 271 271 270 269 268 267 267 268 267 266 267 268 268 267 267 269 271 273 276 278 278 277 276 272 269 272 280 285 288 294 297 293 287 282 278 275 276 276 272 268 264 261 259 258 261 263 260 252 247 247 249
265 249 225 201 200 239 254 252 245 245 248 251 255 259 263 267 272 273 270 270 273 276 273 261 256 261 270 280 284 275 265 271 281 284 282 279 276 274 274 274 273 272 271 270 270 270 269 267 267 268 270 269 268 268 270 272 272 270 267 266 270 275 277 277 277 276 272 267 267 274 282 285 288 293 293 290 285 281 279 281 279 273 267 261 260 260 258 258 259 256 250 248 249 252
265 246 226 203 206 237 246 244 242 246 252 257 262 265 266 263 259 255 256 260 266 274 279 273 268 270 275 278 267 254 259 273 284 285 283 280 277 275 274 273 271 270 270 270 270 270 269 268 268 270 271 272 271 269 271 274 275 272 267 265 267 273 276 275 276 277 274 266 264 268 277 281 283 285 288 290 289 285 285 286 281 273 263 257 258 259 257 255 255 254 251 250 252 253
261 245 228 210 213 233 242 245 249 254 258 262 264 265 263 256 249 252 256 256 259 265 273 276 275 275 274 263 254 255 269 280 284 282 280 279 277 275 273 271 269 268 270 271 271 270 269 269 271 272 272 272 273 272 273 276 277 274 270 267 266 269 272 273 273 275 275 268 262 263 270 276 278 279 281 284 288 289 289 287 281 272 261 255 255 257 256 254 253 253 252 252 252 253
255 241 224 214 220 235 245 252 257 261 264 264 262 259 258 252 249 257 266 266 259 259 264 271 274 274 272 265 263 272 281 284 280 274 274 276 275 273 272 270 269 269 270 270 270 269 269 270 273 274 272 273 275 277 277 279 279 277 274 270 265 264 267 269 270 271 273 270 263 260 263 270 275 276 275 276 282 287 288 287 281 271 262 256 255 256 255 254 253 253 252 252 253 254
249 232 219 220 232 246 255 260 262 263 264 263 259 257 260 263 259 260 267 273 266 258 260 267 274 276 277 281 285 286 283 279 271 267 269 271 272 272 271 270 270 271 270 269 269 269 269 271 274 274 273 273 276 280 282 282 281 279 275 270 265 263 264 266 267 267 269 270 266 260 260 264 271 274 272 270 275 281 284 284 279 271 264 259 257 256 255 254 252 251 251 252 254 257
239 224 220 229 244 254 261 265 265 264 264 265 264 261 265 274 278 267 265 268 269 262 261 269 277 282 283 284 290 288 280 270 264 265 267 267 269 270 270 270 271 271 270 268 268 268 270 272 273 274 274 275 277 281 283 282 281 279 275 270 266 265 264 265 265 264 267 270 269 264 260 261 266 270 269 267 269 275 279 278 274 270 265 261 258 257 255 253 251 249 249 251 255 259
226 223 227 237 246 253 259 266 270 269 266 268 271 271 268 274 287 283 268 264 267 267 266 272 279 284 283 280 279 280 276 266 262 266 267 266 268 269 270 270 270 270 269 268 267 268 270 273 273 274 275 277 279 280 281 280 280 277 274 270 269 267 264 263 264 265 266 270 271 269 264 262 263 266 266 266 268 270 272 271 270 267 263 260 257 256 255 253 250 249 250 251 254 257
219 227 237 243 247 252 257 263 269 272 270 269 273 277 274 275 284 290 280 271 269 270 270 274 277 280 281 280 275 268 263 263 266 268 268 267 268 270 270 270 269 268 268 267 267 268 272 274 274 274 276 279 279 278 276 276 278 276 273 272 272 268 262 261 265 266 266 270 273 272 268 264 263 263 265 268 269 267 266 264 263 261 258 256 256 256 255 253 253 254 255 255 256 256
221 235 244 249 253 256 259 263 268 271 270 268 269 273 275 277 283 290 289 284 279 275 272 273 274 273 272 274 269 258 253 264 274 273 269 268 269 270 270 268 267 266 266 266 267 271 273 274 274 274 277 278 278 276 272 272 275 276 273 273 272 267 261 261 264 267 267 270 273 274 271 267 264 263 267 269 268 266 263 259 256 255 255 255 255 255 254 255 257 259 261 262 261 260
230 241 248 254 259 263 266 267 266 265 263 261 261 264 270 277 285 294 297 294 287 281 274 268 265 265 262 258 261 260 264 273 276 274 270 268 268 268 267 266 265 265 266 267 269 272 273 272 272 273 275 276 275 274 272 270 271 273 274 273 270 266 261 261 263 266 268 270 274 276 275 269 265 264 267 269 267 263 260 256 253 252 253 256 258 256 254 255 259 263 265 266 265 264
243 249 252 257 264 270 271 268 262 258 256 256 257 262 269 278 288 299 301 296 288 283 275 262 254 254 259 261 267 274 278 276 269 264 266 268 268 266 265 264 264 265 266 269 270 271 270 269 269 270 272 273 273 274 274 272 269 269 271 271 268 264 262 261 263 265 268 270 274 277 278 273 267 264 265 267 265 260 255 252 251 251 254 259 261 257 253 254 260 265 267 267 267 266
