data/real/Dogrib_v624/conserv_mass/windninja_360_30_100m_ang.asc
NCOLS 357 
NROWS 223 
XLLCORNER 457900 
YLLCORNER 5716800 
CELLSIZE 100 
NODATA_value -3.4e+38 
[rows 0 to 50 of 223, columns 0 to 95 of 357]
27.000000000000000 19 4 6 6 8 358 347 349 354 356 358 1 3 4 2 2 2 2 1 2 3 358 352 353 352 350 352 357 0 1 1 1 359 358 359 2 2 1 1 4 5 0 352 350 353 358 2 3 3 2 360 360 3 5 3 1 357 355 355 356 357 359 1 2 3 3 5 7 9 10 8 5 5 7 10 23 63 108 131 257 291 318 342 355 1 2 1 356 352 355 359 2 1 359 358
22 14 5 4 3 1 357 353 353 354 355 358 2 5 5 4 4 6 5 1 1 1 358 354 354 352 350 351 357 0 1 2 2 360 357 358 2 4 4 5 8 8 359 348 342 345 353 0 3 4 4 2 2 5 6 5 1 355 352 352 353 356 359 2 4 5 6 8 12 16 17 13 6 5 8 11 19 28 34 3 337 334 338 345 356 2 3 1 360 357 357 1 3 360 356 356
10 8 6 6 5 1 356 353 353 354 356 359 3 7 7 6 7 7 5 1 359 358 356 353 352 350 350 353 359 2 3 3 3 2 359 356 359 4 8 10 11 10 1 347 333 327 333 348 358 3 6 7 7 7 6 3 358 351 347 347 350 355 2 6 8 9 12 17 25 29 26 17 7 4 6 10 15 19 14 354 342 343 347 353 0 4 4 4 5 7 6 3 359 355 353 352
354 359 5 7 6 3 358 354 352 354 357 0 4 7 8 8 7 5 1 358 356 354 353 352 351 351 353 358 2 4 4 4 4 4 1 357 355 0 6 9 10 9 5 358 347 334 326 328 339 352 4 11 10 6 2 358 353 348 345 347 351 358 7 12 14 15 19 25 28 24 17 11 6 3 4 8 11 14 10 356 347 348 355 4 7 9 11 15 23 26 17 358 349 349 350 350
342 350 0 5 6 5 1 357 354 355 358 1 3 5 6 7 5 2 359 356 354 352 352 352 353 354 356 359 3 5 4 4 4 3 2 359 355 355 0 5 8 9 9 7 1 352 341 334 335 342 354 4 7 4 359 353 348 344 346 350 357 5 14 22 27 32 39 38 24 10 3 3 5 5 5 5 7 9 8 2 355 357 7 15 19 27 39 49 47 32 5 346 343 345 347 348
335 343 355 1 4 5 3 0 358 357 359 0 2 2 3 3 1 359 357 355 354 354 355 356 357 358 359 1 2 2 2 2 2 2 2 0 357 355 355 359 3 6 9 10 8 2 354 348 348 351 355 359 2 2 357 349 344 344 351 360 9 18 30 43 54 62 62 49 15 351 346 351 0 6 7 5 4 6 10 12 8 7 19 32 43 51 49 36 18 0 345 342 345 345 343 345
331 339 351 358 2 4 4 3 1 359 359 359 360 0 0 360 358 356 355 354 355 357 358 360 1 2 3 2 360 359 0 1 1 1 1 0 359 357 354 354 358 2 6 8 9 6 1 356 355 358 1 5 7 3 353 346 345 351 4 19 34 51 67 75 74 70 59 37 359 335 330 336 347 359 5 5 4 5 14 21 18 16 26 37 42 39 25 10 357 345 341 347 352 343 339 341
330 337 348 355 359 3 5 5 3 1 358 358 358 359 358 357 355 352 351 352 355 358 1 3 4 6 6 4 359 358 359 0 360 359 360 360 360 359 356 354 354 358 2 5 7 7 5 2 1 3 9 16 14 3 352 349 356 17 44 66 80 89 90 76 55 42 34 21 356 338 331 331 335 346 357 3 4 5 14 24 25 19 20 24 23 15 3 354 347 342 345 356 354 341 338 340
331 336 345 352 357 1 5 7 6 2 359 357 357 357 357 356 352 348 346 347 351 356 1 4 8 10 10 6 360 356 357 359 360 359 359 360 360 359 358 356 354 355 358 1 4 7 8 7 6 10 20 23 17 9 7 19 44 67 80 86 85 80 69 44 20 18 20 18 4 344 334 329 329 335 346 357 3 5 11 23 27 20 12 12 9 2 354 347 343 347 355 0 350 341 341 341
332 336 344 350 356 1 5 7 6 4 1 357 356 356 356 353 349 346 343 341 341 346 354 1 8 13 14 10 0 354 355 358 360 360 360 0 0 360 359 358 356 356 357 359 3 7 9 9 11 17 23 24 22 23 29 38 45 49 50 47 42 38 34 19 360 358 9 16 13 356 340 331 327 329 335 347 358 3 8 19 25 17 4 359 355 354 354 351 348 352 360 359 346 343 346 345
335 338 344 350 357 2 4 5 5 4 2 360 357 356 355 352 348 347 345 337 328 329 338 350 1 11 17 14 2 354 355 358 359 359 360 0 1 0 359 359 358 357 358 359 2 7 10 11 13 17 20 21 20 21 22 23 25 25 24 24 23 23 22 15 1 348 354 11 16 8 350 338 331 329 331 337 348 357 3 12 15 7 356 350 349 353 358 1 360 359 360 357 353 352 352 349
336 340 345 352 359 1 2 3 3 4 3 2 1 359 356 354 352 352 349 337 323 321 328 339 350 3 15 16 6 356 355 358 359 359 359 360 0 0 0 360 359 358 358 0 2 6 10 12 14 15 16 16 15 14 14 16 18 19 18 18 18 18 18 16 10 356 348 359 14 15 0 347 339 336 336 341 346 351 355 1 0 357 354 351 351 354 360 4 6 6 4 1 2 5 5 358
335 339 347 354 358 359 1 2 3 4 4 4 3 2 360 360 0 358 353 344 333 327 328 334 343 354 8 16 11 358 355 357 358 359 359 359 360 360 1 2 0 358 358 1 3 6 11 13 14 15 15 15 13 11 10 11 13 14 14 14 14 15 16 17 16 8 354 353 8 14 8 356 347 342 342 346 351 353 353 350 348 351 357 358 356 353 351 358 8 11 8 7 12 16 16 10
332 337 348 355 357 358 359 2 3 5 6 6 6 4 3 3 2 359 354 350 344 337 334 334 339 348 359 11 11 2 356 357 359 359 358 359 359 360 1 3 3 360 357 359 2 6 10 13 14 15 16 14 10 8 7 7 8 9 9 9 10 12 14 16 17 15 7 359 3 10 11 3 355 349 346 347 351 354 353 346 344 352 3 5 2 349 333 329 344 4 12 14 17 22 23 20
329 336 348 354 355 356 358 1 4 6 7 7 7 6 5 4 1 357 354 351 349 346 342 337 337 342 350 3 10 7 360 360 0 358 356 357 359 0 2 4 5 3 359 358 0 5 10 13 14 14 11 7 5 3 2 2 2 4 5 5 6 9 12 14 17 17 14 7 3 7 10 6 0 354 350 348 348 351 352 350 351 359 8 9 5 358 348 334 322 331 357 11 17 24 31 30
329 337 349 353 353 355 358 1 4 6 7 7 7 7 6 4 2 358 354 351 351 352 347 340 336 337 342 353 7 10 5 2 1 359 356 355 357 360 2 3 5 6 3 359 358 2 8 12 13 10 6 4 2 0 358 357 358 0 2 4 5 7 10 13 15 15 13 8 5 6 8 6 2 358 352 348 345 346 348 355 3 8 9 7 6 4 4 2 356 335 332 359 28 45 56 54
330 339 352 353 352 354 357 0 3 5 6 7 8 8 6 4 3 1 357 354 354 354 346 338 335 335 337 344 0 10 9 4 2 0 358 356 356 359 2 3 4 6 6 4 0 359 4 9 10 10 9 9 7 1 353 350 352 357 1 4 6 8 10 11 11 9 7 5 4 5 6 5 2 359 354 347 342 342 347 357 9 15 15 12 11 10 10 9 5 355 352 3 25 46 61 65
334 343 354 354 354 354 355 357 0 3 5 7 8 8 7 5 3 2 1 359 359 357 349 339 336 336 336 339 352 7 10 6 2 1 360 357 356 358 0 1 2 4 6 7 5 1 1 5 8 12 16 17 14 8 359 351 348 352 358 3 6 8 8 6 4 3 2 1 1 2 3 3 3 0 353 346 343 343 348 357 10 19 22 23 21 15 12 10 5 359 1 13 25 27 23 20
338 346 354 353 354 354 354 356 359 2 5 8 8 8 7 6 4 3 3 2 360 357 353 348 342 338 336 337 346 0 6 5 1 0 0 359 357 357 358 359 0 2 4 6 6 5 2 2 6 11 13 11 9 7 5 2 358 355 357 1 3 4 2 360 359 358 358 358 357 356 358 2 4 0 352 347 347 349 350 357 10 22 29 31 31 27 19 13 6 7 16 21 19 13 7 4
342 347 352 352 353 354 355 356 358 1 4 7 8 8 8 8 6 5 4 3 360 357 356 356 351 342 335 336 343 352 358 360 359 359 360 359 357 356 356 356 358 0 2 3 5 5 5 5 6 7 5 2 2 3 4 3 2 0 359 359 360 360 358 357 357 357 356 355 353 351 353 359 3 0 354 350 352 355 356 360 11 24 32 37 39 38 30 15 10 16 22 18 9 2 360 356
343 346 350 352 353 354 356 357 358 360 3 6 7 8 8 9 9 7 5 4 1 359 0 3 358 345 334 333 340 346 350 353 356 358 358 358 357 354 353 353 355 358 360 1 2 4 6 7 7 4 359 356 356 358 359 360 359 359 359 358 358 359 358 358 357 356 354 353 349 348 351 357 360 0 359 356 353 357 1 5 16 30 37 40 41 39 35 22 16 20 19 11 1 352 349 348
339 342 348 352 354 356 357 357 357 358 1 4 7 9 9 10 10 9 6 5 4 5 6 6 2 351 339 334 337 342 346 349 352 354 356 356 356 353 350 349 352 355 357 359 1 3 5 7 6 1 355 353 352 353 354 354 355 356 357 358 359 360 360 359 357 355 353 350 346 346 350 354 357 2 5 4 357 355 2 13 29 39 41 38 35 36 37 33 20 16 11 1 351 346 345 346
335 338 344 351 356 357 357 357 357 357 359 3 6 9 11 11 11 10 9 7 7 8 8 6 2 356 349 344 343 345 347 347 347 349 352 353 353 352 348 345 347 351 354 356 359 2 5 6 4 358 353 352 351 350 351 352 354 355 356 359 1 1 360 358 356 354 351 347 344 346 350 352 357 4 10 9 4 1 6 21 33 35 31 29 26 30 37 37 21 7 359 350 344 344 347 350
333 337 342 350 356 357 356 357 357 357 359 2 6 10 11 11 11 11 10 8 8 9 8 5 2 359 356 354 353 352 351 348 346 345 346 347 347 347 344 342 343 346 351 354 357 0 3 4 0 355 353 352 352 351 352 355 358 359 359 1 1 359 358 356 354 353 349 345 342 345 350 353 359 7 12 12 9 9 16 24 30 29 25 22 20 22 30 32 21 1 350 346 346 348 355 5
334 337 342 348 355 357 356 356 357 358 0 3 6 9 11 11 11 11 10 10 9 8 7 5 3 2 3 5 3 358 353 350 348 345 343 341 341 341 341 341 341 342 347 352 355 358 0 0 357 355 353 354 354 356 359 2 3 2 2 1 358 356 355 354 353 351 348 344 342 345 349 354 1 8 13 14 13 16 22 28 31 31 26 21 17 15 21 24 19 3 352 350 355 0 5 5
336 338 342 346 352 356 357 356 357 360 2 4 5 8 9 11 11 11 11 11 11 8 6 5 5 6 10 12 7 360 355 353 351 348 343 340 338 338 339 341 341 341 343 349 354 355 357 357 356 354 355 356 358 0 2 2 1 2 1 359 355 354 354 353 352 351 349 346 345 346 347 353 2 9 14 16 18 21 25 30 31 28 25 21 16 9 8 13 15 10 2 359 0 0 359 354
337 339 342 345 349 355 357 357 358 2 4 4 4 5 8 10 11 12 11 11 11 9 6 5 7 9 10 7 3 360 359 358 355 352 346 341 338 337 339 341 344 343 343 345 351 354 355 356 355 355 356 358 358 358 358 357 358 359 359 357 355 354 353 353 352 352 350 348 349 351 351 354 1 9 14 18 23 28 30 32 30 24 19 15 10 359 353 359 11 17 15 6 360 356 354 354
338 340 342 343 347 352 356 357 1 6 6 3 3 4 6 8 11 12 12 11 10 9 7 5 6 8 6 3 0 0 0 0 359 356 352 347 342 339 341 344 346 348 347 345 347 352 355 356 356 357 357 356 356 355 354 354 355 356 356 356 355 355 354 353 353 352 351 351 353 355 356 358 3 10 16 21 29 35 35 32 26 20 13 7 360 349 344 349 6 20 22 16 5 359 358 359
338 341 343 343 344 348 352 358 5 8 6 3 3 3 5 7 9 11 12 11 9 9 8 5 4 4 3 1 0 360 359 360 360 359 357 354 349 345 345 347 350 351 351 350 349 351 353 354 355 357 356 354 354 353 353 353 354 354 355 355 355 354 354 353 353 354 353 353 355 357 360 2 7 13 19 26 34 39 37 29 21 14 7 357 346 342 343 351 3 17 25 25 18 9 8 15
340 342 345 344 344 344 349 0 6 5 4 4 4 3 4 5 7 10 11 11 9 7 7 5 3 1 1 0 359 358 357 357 358 359 360 359 356 353 351 351 353 354 354 354 353 352 351 351 353 354 354 353 353 353 352 352 352 353 354 354 354 354 354 354 354 355 355 356 358 360 3 7 12 16 23 31 36 37 32 24 15 7 359 345 336 338 349 358 5 16 28 35 34 25 23 33
340 344 348 347 346 347 356 8 6 359 360 2 3 3 3 3 5 7 10 11 9 6 5 4 3 0 359 359 357 355 354 355 356 358 0 1 1 359 357 356 357 357 357 356 355 353 351 351 351 352 352 353 353 353 352 350 350 351 352 353 353 353 354 354 355 356 357 359 2 4 8 13 16 21 30 37 35 28 22 16 9 0 350 338 332 338 354 5 14 22 31 42 43 37 28 31
339 346 353 353 353 358 7 12 6 356 352 355 358 360 1 2 3 5 7 8 8 5 3 3 3 1 358 357 356 354 353 353 354 357 1 2 3 2 2 2 1 360 359 357 356 354 352 351 350 351 352 353 353 353 352 350 349 350 350 350 351 352 354 355 355 355 358 2 7 11 15 18 22 32 45 45 33 19 11 7 2 354 343 335 333 341 356 13 22 26 26 33 38 38 31 23
339 347 357 359 1 5 10 9 3 358 355 353 353 355 357 359 1 3 4 5 5 5 3 3 3 1 358 356 356 355 353 351 350 354 359 2 4 6 7 7 4 2 0 359 357 355 352 351 350 350 351 352 352 352 352 351 351 350 349 349 348 350 353 354 354 355 359 6 14 20 23 27 36 48 49 38 23 10 1 358 353 347 341 338 340 347 358 13 19 17 16 19 29 34 32 18
342 349 0 4 5 6 7 4 1 359 358 356 354 354 356 358 360 1 1 2 3 3 4 4 3 1 359 357 357 357 354 350 347 348 353 360 6 10 12 10 7 3 1 359 358 355 352 350 349 350 351 351 352 352 352 352 352 351 349 348 348 350 352 352 354 356 3 13 23 30 36 43 51 50 33 20 13 4 356 350 344 340 338 343 351 358 1 8 12 11 10 12 20 29 29 17
347 353 3 4 4 3 3 1 359 358 357 356 355 355 356 358 359 359 359 360 1 2 4 4 3 1 359 358 359 359 356 353 350 347 349 358 9 14 14 12 9 5 2 358 356 354 352 350 349 349 350 351 352 352 353 353 352 351 349 349 349 350 350 351 354 0 10 23 36 47 54 55 51 38 20 8 3 359 353 345 338 336 338 345 359 10 13 14 15 15 14 17 18 23 24 16
352 357 3 3 1 0 359 359 358 357 356 355 356 356 358 359 0 359 357 357 359 1 3 4 3 1 359 359 0 359 357 356 355 354 354 0 10 15 14 12 9 5 0 356 354 353 351 350 349 349 350 351 352 352 353 353 353 351 350 349 350 349 350 351 357 7 22 40 54 62 62 52 39 27 14 360 353 350 345 339 336 337 342 349 6 24 32 32 29 27 25 23 19 16 16 16
359 1 2 360 358 357 356 356 356 356 356 356 357 358 359 1 1 358 354 354 356 359 2 2 1 0 0 1 1 0 360 1 3 4 4 6 11 14 14 10 6 1 357 355 354 352 351 350 350 350 350 351 351 352 352 353 353 352 351 350 350 349 350 354 3 20 42 57 63 61 51 38 27 18 9 357 347 342 338 335 336 340 348 358 14 31 37 32 24 19 15 12 9 4 7 15
7 5 1 358 356 354 352 352 354 356 357 358 360 1 2 2 1 356 351 351 354 357 359 359 358 359 2 4 4 3 6 9 12 13 13 12 12 12 9 4 359 356 354 354 353 353 352 351 350 351 351 351 351 352 352 353 354 353 353 352 351 351 352 359 15 39 54 59 54 44 34 25 17 10 3 353 343 338 336 337 340 345 356 9 18 23 23 18 14 9 5 3 359 354 359 15
16 11 3 357 353 350 347 348 352 356 359 1 2 3 3 2 359 353 349 350 352 355 356 355 356 0 6 9 9 12 16 20 22 22 19 15 11 5 0 357 355 354 354 353 353 352 352 351 351 351 351 352 352 352 353 353 353 354 354 354 354 353 357 8 30 43 45 38 30 24 19 14 9 4 358 349 341 337 338 342 347 352 3 15 18 17 14 10 7 3 360 356 350 348 357 17
21 16 7 0 354 350 345 344 347 352 357 360 1 2 2 0 356 350 348 349 351 353 353 354 357 5 13 17 20 24 27 28 27 25 19 11 3 357 354 353 353 353 353 354 353 353 352 352 351 350 351 352 353 353 353 353 354 354 355 355 355 356 5 21 31 30 23 18 15 12 9 6 3 358 353 346 342 341 343 348 354 360 8 18 22 20 16 11 3 358 354 346 342 347 4 17
20 16 10 7 3 360 355 350 347 349 353 355 357 359 359 359 355 351 348 348 349 351 353 357 4 14 22 27 28 27 25 23 20 16 9 1 356 353 352 352 353 353 353 354 353 353 353 352 351 350 351 353 354 353 353 354 354 355 356 356 356 2 15 24 20 13 9 7 6 5 4 2 359 355 349 344 345 347 350 354 2 7 13 21 29 32 29 19 1 350 342 335 336 354 10 13
16 13 10 9 9 8 5 359 355 353 354 354 354 356 358 357 356 353 351 348 348 350 355 4 15 23 27 26 22 18 15 12 9 4 358 354 352 352 352 353 353 353 353 353 353 353 353 353 351 350 351 353 354 353 353 354 355 355 355 356 2 12 19 16 9 4 2 2 1 1 1 359 356 352 347 344 346 350 354 0 7 13 19 27 33 31 24 12 358 348 337 332 341 1 9 9
8 7 7 8 9 8 5 2 0 359 357 356 356 357 358 357 356 355 354 352 350 352 360 11 19 20 18 15 12 9 7 4 0 356 353 352 352 353 353 354 354 353 353 353 353 353 353 353 351 350 351 352 353 354 354 354 354 354 356 0 10 16 13 6 2 359 358 358 358 359 359 357 354 351 347 346 348 351 356 5 12 17 25 29 26 19 10 359 353 349 343 341 354 4 6 8
359 0 3 5 6 5 4 3 4 3 360 358 358 359 359 359 358 356 355 356 356 358 3 10 12 11 9 8 7 5 2 358 355 353 353 354 354 354 353 353 354 353 353 353 354 354 354 354 353 351 350 351 353 354 354 354 354 356 360 7 11 9 4 1 359 357 356 356 357 358 358 356 353 350 347 348 352 355 358 6 16 25 28 26 18 8 355 348 349 350 351 357 4 7 9 14
349 353 358 1 3 4 4 4 5 4 2 359 359 360 0 0 359 356 357 359 1 3 5 6 6 5 5 4 5 3 0 356 354 354 355 356 355 353 352 353 354 354 354 355 354 354 354 354 354 352 351 352 354 355 355 354 356 359 4 6 5 2 0 359 358 357 356 356 356 357 357 355 353 349 347 349 357 2 3 8 23 35 33 23 13 357 343 340 346 353 2 13 15 16 20 28
343 347 352 356 359 3 5 5 4 4 2 0 359 359 359 358 357 357 0 3 5 6 6 5 4 3 3 3 3 3 1 358 356 357 358 356 353 353 353 353 354 355 356 356 356 355 355 354 354 353 352 353 354 355 355 355 358 2 3 1 0 0 360 359 357 357 356 356 356 356 356 355 352 348 346 350 359 8 11 17 32 39 32 17 3 347 340 341 352 4 18 29 32 35 42 50
339 342 347 351 354 358 2 5 4 3 1 0 359 357 356 355 355 359 3 7 8 8 8 7 5 3 2 2 2 3 2 1 360 359 357 354 353 353 354 354 355 356 357 357 357 356 356 355 354 353 353 354 355 355 354 356 359 0 360 359 360 0 360 358 357 357 356 356 356 356 355 355 352 348 347 351 360 10 20 29 35 32 18 2 350 346 347 359 12 26 44 53 53 49 47 45
337 339 342 346 348 351 356 1 3 2 1 1 360 357 354 353 355 1 5 7 8 9 10 10 8 4 2 2 2 2 4 4 2 359 356 354 354 355 355 355 356 357 358 358 357 357 356 356 355 354 354 354 355 354 355 358 359 358 358 359 360 360 359 358 357 357 357 357 356 355 355 355 352 348 349 355 1 13 28 35 31 17 1 349 346 351 8 27 47 70 83 83 64 34 23 20
335 337 340 341 343 345 349 354 359 2 3 3 1 358 355 354 357 2 5 6 7 9 10 11 11 8 4 2 2 2 3 4 2 359 356 356 356 356 357 357 357 358 359 359 358 357 357 357 356 355 355 354 354 355 357 358 357 357 358 359 359 359 359 358 357 357 357 357 356 356 356 356 352 350 353 0 6 16 28 30 18 2 351 347 354 19 51 69 81 90 92 82 39 2 4 8
335 337 339 339 339 341 343 346 352 359 4 5 3 0 358 357 359 2 4 5 6 8 10 12 12 9 6 3 2 1 2 2 1 360 358 358 358 358 358 358 358 358 359 359 359 358 358 358 357 356 355 354 354 356 357 356 356 356 358 359 359 359 358 358 357 357 357 357 357 356 357 356 353 351 355 3 10 18 22 18 6 355 352 1 32 62 75 80 80 75 62 30 359 344 348 358
334 337 340 340 338 339 340 340 345 352 0 5 5 3 0 360 0 2 4 5 6 7 10 10 9 8 6 3 2 1 1 1 0 1 0 360 0 0 1 0 359 359 359 0 360 359 359 359 358 357 355 354 355 356 356 356 356 356 357 358 358 358 358 358 357 357 357 357 357 357 357 357 357 356 356 2 12 17 16 9 360 357 7 36 57 64 62 53 46 40 26 8 357 351 348 351
