data/real/Dogrib_v624/conserv_mass/windninja_240_30_100m_vel.asc
NCOLS 357 
NROWS 223 
XLLCORNER 457900 
YLLCORNER 5716800 
CELLSIZE 100 
NODATA_value -3.4e+38 
[rows 42 to 62 of 223, columns 46 to 91 of 357]
21.7000007629395 20.3899993896484 17.2299995422363 13.6000003814697 12.8999996185303 16.1599998474121 19.8400001525879 20.6599998474121 20.75 21.5699996948242 22.0799999237061 22.5499992370605 23.7000007629395 25.2199993133545 26.4699993133545 26.25 24.7199993133545 23.8199996948242 23.9500007629395 24.7000007629395 26.0499992370605 27.9400005340576 30.1599998474121 32.2900009155273 34.0800018310547 35.5299987792969 37.5200004577637 40.7799987792969 43.560001373291 41.3899993896484 33.5299987792969 26.0200004577637 23.1100006103516 25.3400001525879 29.2800006866455 29 26.2299995422363 26.0400009155273 27.0499992370605 28.6900005340576 30.7099990844727 32.3300018310547 29.7199993133545 28.6599998474121 33.5900001525879 29.5599994659424
22.0400009155273 21.1800003051758 18.5300006866455 14.5 12.7600002288818 15.2399997711182 19.3999996185303 20.9599990844727 20.9799995422363 21.5599994659424 22.0900001525879 22.3799991607666 23.3400001525879 24.6399993896484 25.3299999237061 25.2600002288818 24.6299991607666 23.9400005340576 23.8899993896484 24.4200000762939 25.0300006866455 26.2700004577637 28.6599998474121 31.1599998474121 33.4799995422363 35.5299987792969 38.1699981689453 42.2999992370605 44.6699981689453 41.0800018310547 33.8199996948242 26.9599990844727 21.6599998474121 22.0499992370605 27.7199993133545 27.6399993896484 24.6499996185303 25.0900001525879 27 28.5900001525879 31.1700000762939 31.7800006866455 29.3400001525879 30.6299991607666 35.8899993896484 32
22.3099994659424 21.6599998474121 19.75 15.9799995422363 13.3500003814697 14.710000038147 18.7600002288818 21.0499992370605 21.3199996948242 21.7000007629395 22.2000007629395 22.5599994659424 23.2399997711182 24.2700004577637 25.0499992370605 24.9699993133545 24.3700008392334 23.8999996185303 24.0300006866455 24.4799995422363 24.7099990844727 25.3700008392334 27.3400001525879 30.2199993133545 33.0999984741211 35.7599983215332 39.060001373291 43.7599983215332 44.8899993896484 39.0999984741211 33.0400009155273 29.6399993896484 24.1399993896484 20.5900001525879 24.3400001525879 25.8799991607666 23.2999992370605 22.3099994659424 24.3799991607666 28.1299991607666 32.4099998474121 29.7600002288818 24.7299995422363 28.1800003051758 34.7999992370605 32.2999992370605
22.75 21.9400005340576 20.3899993896484 17.1100006103516 14.25 14.8400001525879 18.3899993896484 21.0400009155273 21.7000007629395 21.8600006103516 22.1399993896484 22.8999996185303 23.5200004577637 23.9699993133545 24.8600006103516 25.2000007629395 24.5499992370605 23.8700008392334 24.0499992370605 24.5499992370605 24.7199993133545 25.1800003051758 26.8299999237061 29.7399997711182 32.8899993896484 36.2099990844727 40.439998626709 45.3400001525879 44.7000007629395 35.9000015258789 29.2700004577637 29.5499992370605 27.75 22.8500003814697 22.8500003814697 24.5400009155273 23.3600006103516 22.4099998474121 24.5300006866455 31.5300006866455 34.0499992370605 26.9200000762939 22 26.1800003051758 30.6900005340576 29.0799999237061
23.4099998474121 22.4699993133545 20.9200000762939 17.6499996185303 14.6700000762939 14.9700002670288 18.2000007629395 20.9899997711182 21.7900009155273 21.6800003051758 21.6700000762939 22.4699993133545 23.2399997711182 23.6000003814697 24.3299999237061 24.9400005340576 24.7800006866455 24.2000007629395 24.1800003051758 24.6700000762939 24.8600006103516 25.25 26.7700004577637 29.5499992370605 32.6699981689453 36.5999984741211 42.2900009155273 47.0299987792969 44.0099983215332 33.2000007629395 25.0200004577637 25.3500003814697 27.2900009155273 24.8400001525879 23.7600002288818 25.1100006103516 25.3899993896484 24.5200004577637 27.25 34.0200004577637 35.189998626709 27.9899997711182 23.9500007629395 26.1900005340576 27.6000003814697 25.0200004577637
24.0200004577637 23.1800003051758 21.7399997711182 18.4099998474121 15.0299997329712 14.8999996185303 18 21.0300006866455 21.6499996185303 21.2299995422363 21.0900001525879 21.6800003051758 22.5400009155273 23.2299995422363 24 24.5900001525879 24.75 24.5900001525879 24.4799995422363 24.8400001525879 25.1399993896484 25.5699996948242 26.9500007629395 29.3700008392334 32.3699989318848 36.8300018310547 44.1199989318848 48.4199981689453 42.6100006103516 31.1200008392334 23.3400001525879 21.8299999237061 24.2999992370605 25.2900009155273 24.7900009155273 26.0699996948242 27.3700008392334 26.6900005340576 28.3199996948242 33.9199981689453 35.9500007629395 31.3600006103516 27.6299991607666 27.4799995422363 26.75 24.0300006866455
24.5900001525879 23.9099998474121 22.6399993896484 19.4099998474121 15.6800003051758 14.9499998092651 17.8199996948242 21.1200008392334 21.7700004577637 21.1200008392334 20.8199996948242 21.2600002288818 22.0699996948242 22.9500007629395 23.9599990844727 24.5699996948242 24.7000007629395 24.8099994659424 24.8199996948242 24.9400005340576 25.3199996948242 26.0300006866455 27.5100002288818 29.6100006103516 32.1699981689453 37.2700004577637 46.0299987792969 48.8499984741211 40.7299995422363 30.8400001525879 24.2600002288818 21.4099998474121 23.4400005340576 25.8899993896484 26.3899993896484 27.5 29.1399993896484 28.7700004577637 28.3099994659424 31.6299991607666 33.8699989318848 31.6800003051758 30.3999996185303 29.9599990844727 27.9400005340576 25.5799999237061
25.1800003051758 24.5699996948242 23.4699993133545 20.2999992370605 16.2600002288818 15.0500001907349 17.4899997711182 20.7700004577637 21.8600006103516 21.3199996948242 20.7199993133545 20.9200000762939 21.6200008392334 22.6200008392334 23.9400005340576 24.7299995422363 24.8099994659424 25 25.2099990844727 25.1200008392334 25.2600002288818 26.2000007629395 28.0100002288818 30.1499996185303 32.2599983215332 37.8899993896484 48.2200012207031 49.0900001525879 37.0800018310547 28.3799991607666 24.6299991607666 22.1200008392334 23.2299995422363 26.0400009155273 28.0799999237061 29.9200000762939 30.8899993896484 29.4200000762939 28.1200008392334 30.6800003051758 33.2299995422363 32.6800003051758 32.5699996948242 33.439998626709 30.4400005340576 28.3400001525879
25.8400001525879 25.2700004577637 24.3500003814697 21.2700004577637 16.8400001525879 15.0900001525879 17.0699996948242 20.2199993133545 21.7000007629395 21.4899997711182 20.7800006866455 20.5400009155273 20.9300003051758 21.9799995422363 23.5499992370605 24.7099990844727 24.9699993133545 25.1299991607666 25.4899997711182 25.4099998474121 25.2700004577637 26.1100006103516 28.0200004577637 30.3099994659424 32.4099998474121 38.2099990844727 49.6100006103516 50.1699981689453 34.8400001525879 23.7299995422363 21.8500003814697 22.0699996948242 22.9099998474121 25.7199993133545 29.5300006866455 31.6599998474121 31.5400009155273 30.0699996948242 29.5300006866455 31.6200008392334 34.5499992370605 35.810001373291 38.0800018310547 39.2099990844727 34.6800003051758 31.0799999237061
26.4200000762939 26.0100002288818 25.3500003814697 22.5499992370605 17.6900005340576 14.9799995422363 16.3199996948242 19.7299995422363 21.7299995422363 21.7099990844727 21.0599994659424 20.4500007629395 20.2700004577637 21.0699996948242 22.6800003051758 24.2700004577637 25.0499992370605 25.2399997711182 25.5200004577637 25.6299991607666 25.4699993133545 26.1399993896484 27.9300003051758 30.1299991607666 32.4900016784668 37.8300018310547 48.7299995422363 51.2200012207031 38.0099983215332 24.1200008392334 20.1200008392334 20.8700008392334 22.6700000762939 26.7199993133545 30.8199996948242 31.6299991607666 31.6100006103516 32.2999992370605 31.4500007629395 31.4699993133545 32.9300003051758 36.2799987792969 42.1500015258789 45.2999992370605 40.7700004577637 33.4500007629395
26.5599994659424 26.3600006103516 26.1399993896484 24.2999992370605 19.4599990844727 15.1400003433228 14.9099998474121 18.1499996185303 21.2999992370605 22.1700000762939 21.6100006103516 20.7700004577637 20.1200008392334 20.3899993896484 21.7099990844727 23.4599990844727 24.8600006103516 25.3199996948242 25.4200000762939 25.6800003051758 25.75 26.4099998474121 28.1299991607666 30.1200008392334 32.3400001525879 37.0099983215332 46.4700012207031 50.4799995422363 41.4700012207031 29.9099998474121 23 20.6200008392334 22.4899997711182 28.1599998474121 31.0799999237061 29.8999996185303 29.2900009155273 32.1500015258789 34.0400009155273 32.5 28.7399997711182 29.6700000762939 39.0800018310547 48.9700012207031 48.1699981689453 36.2999992370605
26.4699993133545 26.2299995422363 26.2999992370605 25.8500003814697 22.4500007629395 17.0699996948242 14.2799997329712 15.4700002670288 19.1299991607666 22.0799999237061 22.4300003051758 21.4099998474121 20.4599990844727 20.1900005340576 20.9799995422363 22.6000003814697 24.3600006103516 25.1800003051758 25.2600002288818 25.5300006866455 25.8099994659424 26.6900005340576 28.5900001525879 30.3999996185303 32.1500015258789 36.2099990844727 44.5499992370605 48.2900009155273 41.3499984741211 32.5400009155273 25.9799995422363 22.2199993133545 23.8799991607666 28.6900005340576 30.1299991607666 28.9200000762939 26.6800003051758 28.1700000762939 34.310001373291 36.8300018310547 30.2700004577637 24.3899993896484 30.6299991607666 47.439998626709 53.8400001525879 40.9900016784668
26.9099998474121 26.2700004577637 26.1000003814697 26.4500007629395 25.2099990844727 21.0200004577637 16.3799991607666 14.2600002288818 15.9899997711182 20.3899993896484 22.8700008392334 22.3700008392334 21.1000003814697 20.3199996948242 20.5499992370605 21.8999996185303 23.7800006866455 24.8799991607666 25.0300006866455 25.1299991607666 25.4200000762939 26.6200008392334 28.8600006103516 30.5499992370605 32.0800018310547 35.75 42.5 45.2700004577637 40.2799987792969 33.5900001525879 27.5599994659424 24.4500007629395 26.4599990844727 28.8899993896484 29.2000007629395 29.5799999237061 27.5100002288818 25.1900005340576 29.8199996948242 37.9199981689453 36.3699989318848 26.2099990844727 24.4400005340576 39.7599983215332 55.1800003051758 48.2999992370605
27.9500007629395 26.8099994659424 26.1800003051758 26.4500007629395 26.6000003814697 24.7800006866455 20.6200008392334 15.9799995422363 14.3100004196167 17.3899993896484 21.9200000762939 23.3799991607666 22.1700000762939 20.7399997711182 20.2900009155273 21.25 23.1900005340576 24.6200008392334 24.9400005340576 24.7800006866455 24.9500007629395 26.3999996185303 28.7099990844727 30.2900009155273 31.7999992370605 35.0400009155273 40.1300010681152 42.1399993896484 38.9799995422363 34.7000007629395 30.1499996185303 27.6399993896484 29.3400001525879 30.3999996185303 30.0200004577637 31.5499992370605 32.0099983215332 28.1700000762939 26.6499996185303 33.9700012207031 39.439998626709 33.3199996948242 26.1000003814697 34.3699989318848 52.9700012207031 54.7099990844727
29.1900005340576 27.7000007629395 26.6399993896484 26.4699993133545 26.8400001525879 26.7900009155273 24.5900001525879 19.7700004577637 15.3100004196167 14.9300003051758 19.2000007629395 23.5 23.7700004577637 21.8099994659424 20.4099998474121 20.7199993133545 22.6299991607666 24.4500007629395 24.9899997711182 24.6399993896484 24.75 26.3400001525879 28.4200000762939 29.8099994659424 31.1700000762939 33.5800018310547 37.2400016784668 38.810001373291 36.439998626709 33.4199981689453 31.0499992370605 29.7600002288818 30.7700004577637 31.5499992370605 31.5799999237061 33.2299995422363 35.6699981689453 34.0400009155273 29.7099990844727 31.7999992370605 38.7999992370605 39.9500007629395 36.3199996948242 39.0099983215332 51.3400001525879 58.2799987792969
30.3700008392334 28.6000003814697 27.1399993896484 26.4799995422363 26.5799999237061 27.2199993133545 26.8500003814697 23.7700004577637 18.7700004577637 14.9300003051758 16.1700000762939 21.9500007629395 25.0400009155273 23.5799999237061 21.3700008392334 20.7399997711182 22.1900005340576 24.3500003814697 25.1900005340576 24.7900009155273 24.9200000762939 26.3700008392334 28.1900005340576 29.4799995422363 30.3199996948242 31.6299991607666 34.1599998474121 35.2999992370605 33.3899993896484 31.6599998474121 30.7099990844727 30.0499992370605 29.7800006866455 29.6399993896484 30.1100006103516 31.9300003051758 34.6800003051758 35.9300003051758 34.2000007629395 34.0699996948242 37.5099983215332 41.1500015258789 42.810001373291 44.310001373291 49.5499992370605 58.5
31.4500007629395 29.4400005340576 27.5599994659424 26.4500007629395 26.3799991607666 27.0799999237061 27.4599990844727 26.2399997711182 22.7999992370605 17.5100002288818 15.0600004196167 19.3099994659424 24.7900009155273 25.0900001525879 22.8700008392334 21.4200000762939 22.0200004577637 24.2099990844727 25.3899993896484 25.1599998474121 25.3799991607666 26.5 27.9500007629395 29.3899993896484 29.7600002288818 29.8600006103516 31.5400009155273 32.5800018310547 31.6200008392334 30.4500007629395 30.2900009155273 30.5499992370605 29.9899997711182 28.6299991607666 28.2800006866455 29.6499996185303 31.7399997711182 33.3800010681152 33.2400016784668 32.9700012207031 33.3199996948242 33.9799995422363 35.7000007629395 38.5400009155273 42.5 50.3600006103516
32.5200004577637 30.75 28.3799991607666 26.6599998474121 26.3899993896484 27.0100002288818 27.3400001525879 26.9400005340576 25.1800003051758 20.6000003814697 16.1100006103516 17.6900005340576 23.4099998474121 25.3299999237061 24.0499992370605 22.5799999237061 22.3799991607666 24.1900005340576 25.6100006103516 25.6399993896484 25.8700008392334 26.5900001525879 27.5499992370605 29.1299991607666 29.8999996185303 29.2700004577637 29.0599994659424 29.8500003814697 30.5599994659424 30.3299999237061 30.5499992370605 31.7800006866455 32.2099990844727 31.1200008392334 29.7600002288818 29.1900005340576 29.7800006866455 30.1399993896484 29.0799999237061 27.8299999237061 27.8700008392334 27.1499996185303 26.2800006866455 28.1499996185303 32.7700004577637 38.75
33.0800018310547 32.0200004577637 29.6900005340576 27.4500007629395 26.7999992370605 27.2099990844727 27.4099998474121 27.1399993896484 25.9200000762939 22.3500003814697 18.0400009155273 18.1499996185303 22.7199993133545 24.8099994659424 24.3899993896484 23.8400001525879 23.3899993896484 24.5200004577637 25.9899997711182 26.2399997711182 26.2600002288818 26.5799999237061 27.2199993133545 28.75 30.2000007629395 30.1900005340576 27.8299999237061 25.1299991607666 26.4899997711182 29.2000007629395 30.3700008392334 31.3099994659424 32.3199996948242 32.2200012207031 30.6200008392334 29.4099998474121 29.0599994659424 28.4400005340576 27.0599994659424 26.6800003051758 27.8999996185303 27.8400001525879 25.7199993133545 24.9899997711182 27.3899993896484 32.3800010681152
33.1500015258789 32.5 30.6900005340576 28.5699996948242 27.6499996185303 27.7900009155273 27.9300003051758 27.8099994659424 26.2900009155273 22.6599998474121 19.25 19.5200004577637 23.3099994659424 24.6700000762939 24.2000007629395 24.6000003814697 24.6700000762939 25.3299999237061 26.5400009155273 26.6599998474121 26.4099998474121 27.0100002288818 27.8500003814697 28.8899993896484 30.2900009155273 31.8400001525879 29.9200000762939 22.6499996185303 19.1900005340576 22.9899997711182 26.4500007629395 27.6399993896484 28.4099998474121 28.9500007629395 27.8700008392334 27.3099994659424 27.8600006103516 27.3700008392334 27.2299995422363 27.8400001525879 29.3899993896484 29.9899997711182 28.1800003051758 26.2700004577637 26.9099998474121 30.1100006103516
33.3600006103516 32.6300010681152 31.0499992370605 29.2399997711182 28.3500003814697 28.3999996185303 28.75 28.9599990844727 27.1100006103516 22.5300006866455 19.3199996948242 20.3600006103516 24.1100006103516 25.1200008392334 24.2099990844727 24.6399993896484 25.4599990844727 26.4899997711182 27.2999992370605 26.5699996948242 26.3799991607666 27.9599990844727 29.3700008392334 30.1100006103516 31 33.560001373291 34.3300018310547 27.0400009155273 18.0599994659424 17.2199993133545 21.3099994659424 23.9300003051758 25.0100002288818 25.6200008392334 24.7399997711182 23.8299999237061 24.5599994659424 25.3999996185303 27.0300006866455 28.4899997711182 29.9699993133545 31.3199996948242 30.9300003051758 29.1299991607666 28.0200004577637 28.5
