data/real/Dogrib_v624/conserv_mass/windninja_360_30_100m_ang.asc
NCOLS 357 
NROWS 223 
XLLCORNER 457900 
YLLCORNER 5716800 
CELLSIZE 100 
NODATA_value -3.4e+38 
[rows 102 to 152 of 223, columns 0 to 95 of 357]
357 357 359 359 360 360 359 360 0 0 1 1 1 2 3 3 3 3 3 4 5 6 6 4 3 3 3 3 3 3 3 2 2 2 2 2 2 2 2 0 359 358 357 357 356 356 356 355 355 354 353 353 353 353 352 351 350 348 347 346 346 345 345 345 345 347 349 350 352 354 356 357 358 359 2 6 9 9 7 5 2 358 356 357 356 354 352 351 349 348 346 344 344 348 357 358
357 358 359 359 360 0 0 0 0 1 2 2 2 3 5 5 5 5 5 5 5 5 5 5 4 3 3 3 3 3 3 3 2 2 2 3 3 4 3 1 359 358 357 357 356 355 355 355 354 353 352 352 352 352 352 352 351 350 349 348 347 346 345 344 342 341 343 346 348 349 351 353 355 356 358 3 8 11 11 10 8 4 1 359 358 355 352 351 349 348 346 344 342 345 349 348
358 359 359 359 0 1 1 1 1 1 3 4 4 5 6 6 7 7 6 5 5 5 5 5 4 4 4 4 4 4 3 3 3 3 3 4 5 5 3 1 0 359 358 357 356 354 354 353 352 351 351 350 351 352 352 351 351 350 350 349 349 348 347 346 344 342 341 342 343 344 346 349 352 354 357 0 5 10 12 11 11 9 7 5 2 359 356 353 351 349 348 345 342 339 338 336
358 359 360 0 1 2 2 2 2 3 4 6 7 8 7 7 7 7 6 6 5 5 5 5 4 4 4 5 5 5 4 4 4 4 4 5 5 4 3 2 1 1 359 358 357 355 353 352 351 350 350 349 349 350 351 351 350 350 350 349 349 349 348 348 347 346 344 343 342 341 343 346 348 352 355 358 1 6 10 11 11 13 14 13 8 2 358 355 353 350 348 347 345 340 332 326
357 358 0 1 2 2 3 3 4 5 7 9 10 9 8 7 7 7 7 6 6 6 6 5 6 6 6 6 6 6 6 5 5 5 5 5 3 1 360 1 1 1 359 359 358 357 354 353 352 352 351 350 349 349 350 349 348 348 349 349 349 348 348 348 347 347 347 346 345 344 344 345 346 349 352 355 358 3 8 11 13 16 19 17 12 6 1 357 354 351 349 348 348 346 341 334
356 358 0 1 2 3 4 7 9 9 9 10 10 9 8 8 7 7 7 7 7 7 7 7 8 8 8 8 7 6 6 7 7 7 5 2 359 357 356 358 0 360 358 358 358 358 357 356 354 353 353 352 351 351 351 350 347 346 347 348 348 348 347 347 347 347 347 347 347 346 346 347 347 349 351 353 356 1 7 11 14 15 14 14 14 12 7 1 357 354 352 352 353 354 355 355
355 358 1 2 4 5 8 11 12 12 11 11 10 9 9 9 9 9 9 8 9 9 9 10 10 9 8 7 6 6 7 7 7 4 2 358 356 356 355 356 358 359 358 357 357 358 359 359 357 355 353 353 353 352 352 353 353 349 346 345 345 345 345 346 346 346 346 347 347 347 347 348 349 350 351 353 355 359 4 7 8 7 7 10 15 17 13 8 3 359 358 358 360 2 6 11
354 358 3 6 8 10 12 12 13 13 13 11 11 11 11 12 12 11 10 10 11 11 10 10 9 8 6 5 6 7 7 5 3 1 359 356 355 356 356 356 357 358 358 358 357 357 358 359 359 358 355 353 353 352 352 354 357 357 352 347 343 341 341 343 344 345 345 346 346 347 347 348 349 350 351 353 354 356 358 1 3 3 4 7 13 18 17 13 8 5 4 4 5 7 10 16
357 1 8 11 12 13 12 12 13 14 13 13 12 13 14 15 14 12 12 11 11 11 10 9 7 6 5 5 6 7 5 3 1 358 357 355 355 355 355 356 357 358 358 358 357 356 356 356 358 359 358 355 353 353 353 353 356 359 359 355 349 344 341 340 341 342 343 345 346 346 347 347 348 350 351 352 352 352 353 356 358 360 1 3 8 15 18 17 12 9 8 9 9 9 10 14
5 7 11 13 13 13 13 13 14 14 15 15 16 17 16 15 13 13 12 11 10 10 9 7 5 4 5 5 5 5 4 2 0 358 356 355 354 353 354 355 356 358 358 358 357 356 355 354 355 357 358 358 355 354 354 353 354 358 1 360 356 351 347 344 341 340 340 342 344 345 346 346 347 348 350 351 351 350 350 351 353 355 356 357 1 8 15 19 17 13 11 11 11 10 9 9
12 13 14 15 15 15 15 16 16 16 17 18 19 18 15 12 12 13 12 11 10 9 7 4 3 4 5 4 3 2 3 3 1 359 356 353 352 351 352 353 355 358 359 358 357 357 355 354 353 354 356 358 358 356 355 354 354 355 359 360 358 356 354 351 346 342 340 340 340 342 344 345 346 347 348 349 350 350 348 348 348 350 351 352 353 358 8 16 19 18 14 11 11 10 8 6
18 19 21 21 20 19 19 19 18 17 17 18 17 15 12 11 11 11 12 12 10 7 5 4 3 3 3 3 1 0 2 5 3 359 354 351 350 351 353 354 357 0 1 359 358 356 354 353 352 352 353 356 358 358 356 355 355 355 357 358 359 359 357 354 351 349 346 342 340 339 341 343 345 345 346 347 348 349 348 347 345 345 347 347 348 350 357 7 16 19 17 12 9 8 7 5
27 28 28 26 23 20 19 17 16 16 16 16 14 12 12 11 10 10 12 12 8 6 5 5 4 2 1 2 2 360 1 5 3 357 351 350 351 352 354 358 2 4 3 0 357 353 351 351 351 351 351 352 354 357 357 356 356 356 356 357 360 1 358 355 353 353 351 349 346 342 339 341 343 344 345 346 346 347 347 346 345 343 342 342 342 344 348 355 6 14 17 15 10 7 6 4
34 32 26 22 20 17 14 13 14 15 16 14 11 11 10 10 10 10 10 8 6 5 7 7 5 2 1 2 2 359 358 359 359 355 352 352 353 353 357 5 8 6 4 1 356 351 349 349 349 350 350 350 351 353 356 357 357 356 355 357 360 1 1 359 356 354 352 350 348 346 343 341 340 341 343 344 345 345 346 346 345 344 341 338 337 337 340 345 351 2 12 15 13 8 6 4
34 29 22 20 18 15 13 14 16 16 15 12 10 10 9 10 11 10 7 5 5 7 8 7 4 3 3 2 1 359 354 351 351 353 354 355 354 355 3 11 10 6 4 1 355 351 349 348 348 349 349 350 350 351 353 356 357 355 354 355 358 0 2 4 3 360 354 348 345 345 345 343 341 339 340 341 343 344 345 345 345 344 342 338 336 333 333 335 340 348 360 9 11 10 7 5
29 26 21 19 17 16 16 18 18 17 14 12 10 9 10 11 11 9 5 4 6 8 8 6 6 7 5 2 2 359 351 344 343 348 354 355 354 358 7 11 10 6 2 360 357 354 351 349 349 348 349 349 350 351 352 354 355 355 354 354 356 359 2 5 7 6 2 353 346 344 345 344 343 341 339 339 339 341 343 344 344 343 342 340 337 334 331 329 330 336 344 354 3 7 7 5
27 25 22 19 18 19 21 21 19 16 14 12 11 10 10 10 9 7 5 5 7 8 7 6 9 10 7 2 360 358 352 343 341 345 352 354 354 360 6 8 7 3 359 359 359 359 356 352 350 348 348 349 350 351 352 353 353 354 355 354 355 357 0 3 5 7 6 2 355 350 348 346 345 345 343 341 338 338 340 341 342 343 342 341 338 335 333 331 328 328 331 338 348 358 3 4
27 25 22 21 21 23 23 21 18 16 14 12 10 10 10 9 7 7 7 8 7 6 6 9 14 14 8 357 353 354 351 347 346 348 351 353 355 359 2 3 3 360 357 358 1 2 1 357 352 349 348 348 349 351 353 352 351 351 353 355 355 356 358 0 2 4 5 5 3 359 355 351 349 348 347 345 342 340 338 339 340 342 341 340 338 336 333 332 331 327 324 326 333 343 353 359
28 26 25 26 26 25 24 21 18 15 14 12 10 10 10 8 7 9 10 10 7 4 8 14 17 13 1 351 349 349 349 350 351 351 352 354 356 360 2 1 359 357 356 357 0 2 3 1 357 353 350 348 348 351 352 352 351 350 352 354 355 355 356 358 359 0 3 5 6 5 2 358 355 352 350 349 347 344 340 339 339 340 340 340 338 336 333 331 330 329 326 324 325 331 341 350
31 31 31 30 29 26 23 20 17 15 14 13 11 10 9 9 9 10 12 10 7 7 13 17 13 1 353 351 350 348 349 352 354 354 354 356 359 3 3 1 358 356 356 357 358 359 1 2 1 357 353 349 349 350 350 351 351 351 352 353 354 354 355 356 357 358 0 4 6 7 6 4 1 358 355 353 351 348 344 340 339 339 339 338 337 336 333 330 327 326 328 327 326 328 332 338
35 34 32 30 28 25 21 18 17 16 15 14 12 10 10 11 10 10 10 9 9 13 17 12 357 349 351 354 353 350 351 354 355 355 356 359 3 4 2 359 357 358 359 358 357 357 358 1 3 1 357 353 350 348 348 349 351 352 352 352 353 354 354 355 356 356 358 2 5 7 8 7 6 4 1 359 356 352 347 341 338 336 336 336 335 334 332 330 326 323 323 325 327 329 329 329
37 35 31 29 26 23 20 17 17 16 14 13 12 11 11 12 11 8 7 8 13 17 13 357 347 346 351 355 355 353 353 355 355 356 358 2 5 5 1 357 356 358 0 0 358 356 356 357 0 2 1 357 352 348 346 348 350 352 352 352 353 354 354 354 355 356 356 360 4 6 7 8 8 8 7 6 4 360 352 344 335 331 330 332 332 331 330 329 327 324 321 320 323 326 328 328
37 34 30 27 24 21 19 17 16 14 13 13 13 13 12 13 12 8 5 9 15 14 359 345 345 348 352 355 356 355 354 354 356 358 360 2 4 6 4 358 355 356 359 1 0 358 355 355 357 1 3 1 356 350 347 346 349 351 351 351 352 353 354 354 355 356 356 359 2 4 6 8 9 10 10 10 10 8 3 353 340 328 323 324 326 327 327 327 327 326 324 321 321 322 324 327
37 34 28 25 22 19 17 16 15 15 15 15 15 14 13 14 14 11 8 9 11 2 344 341 346 352 354 356 356 354 353 354 356 359 1 2 5 7 5 360 356 356 357 359 0 359 357 355 354 357 1 2 360 355 349 346 346 348 350 351 352 353 354 355 355 356 357 358 1 3 4 6 9 11 11 12 12 12 10 6 356 340 323 315 315 319 322 324 324 325 325 324 323 321 322 325
37 33 26 22 18 17 16 17 18 19 19 17 15 14 14 15 17 15 13 11 1 344 340 344 350 353 355 355 356 355 354 355 357 359 1 4 8 7 2 358 358 359 358 357 358 358 357 356 354 355 357 1 2 0 354 347 344 345 347 350 351 353 354 355 355 355 357 358 360 1 3 5 7 9 11 12 12 13 13 12 9 1 342 319 310 309 314 318 321 323 324 325 325 324 323 324
34 29 22 18 17 18 19 20 22 22 22 19 16 14 15 16 17 17 14 5 347 339 342 349 353 354 354 354 355 356 357 358 359 360 3 8 11 6 358 356 359 1 0 358 356 356 356 355 354 354 355 358 1 2 360 353 345 343 345 348 351 353 354 354 354 355 357 358 359 0 2 4 6 7 9 10 12 13 13 13 12 11 5 347 320 307 305 309 315 319 321 323 324 325 325 325
28 24 20 19 19 20 21 22 24 24 24 22 17 12 11 13 14 11 3 351 346 346 349 353 355 354 353 353 354 357 359 0 1 3 7 12 11 3 356 355 358 2 2 360 357 355 354 354 353 353 353 355 358 0 1 359 351 344 344 347 350 352 354 354 354 354 356 357 358 359 1 3 4 5 6 7 9 11 13 12 12 13 13 10 351 322 310 307 308 312 317 320 323 325 326 326
23 21 20 21 21 20 20 21 23 26 28 26 20 11 5 5 5 360 353 349 350 353 355 356 355 354 354 354 355 358 0 3 5 8 11 11 7 1 357 355 357 1 3 1 358 355 353 353 352 353 353 354 355 357 359 1 357 349 345 346 349 351 353 354 354 354 355 357 358 358 360 1 2 3 3 3 5 8 11 13 13 13 15 16 12 352 326 314 307 306 310 316 320 323 325 326
18 19 20 19 19 18 16 16 18 21 23 22 19 11 2 357 355 351 351 353 356 357 357 356 355 355 356 357 358 360 2 5 7 11 12 9 3 360 359 357 355 357 0 1 359 356 352 351 352 353 354 354 355 356 358 0 0 355 348 346 348 350 352 354 355 355 355 356 357 357 358 359 1 2 2 1 1 3 8 12 14 14 15 17 18 12 350 325 312 306 307 311 317 321 324 326
12 15 17 17 15 13 10 8 8 9 11 15 15 11 5 358 351 351 355 359 360 358 357 356 356 357 358 360 2 4 5 5 7 9 10 6 0 360 2 359 354 353 356 359 359 356 353 353 354 353 353 354 356 357 358 359 1 360 353 348 347 348 350 352 354 355 355 355 356 356 357 358 359 0 1 0 360 0 3 8 12 13 13 15 18 18 9 345 323 313 310 311 315 319 323 326
6 10 14 14 12 9 5 2 359 358 2 8 12 10 6 0 357 358 2 4 2 359 357 356 356 358 0 4 6 6 4 4 5 7 7 3 359 2 4 359 352 350 351 353 355 355 356 358 358 356 353 355 358 360 359 359 360 2 359 351 347 347 349 351 353 354 355 355 355 356 356 356 357 358 359 360 360 359 359 3 7 10 10 11 14 18 17 5 341 324 317 315 315 318 321 325
6 8 11 12 11 9 5 360 355 352 355 1 6 7 4 1 3 7 11 9 5 360 356 356 357 360 3 7 8 5 2 2 4 7 4 359 360 5 3 355 349 346 347 349 351 354 359 2 2 0 358 357 359 1 1 360 360 1 1 356 351 348 348 349 351 353 354 354 354 355 355 355 356 357 358 359 359 359 358 359 3 6 7 8 10 16 21 17 360 339 326 320 318 317 320 323
14 11 10 13 14 13 11 6 359 352 350 355 360 2 1 2 6 13 17 15 9 1 356 355 358 1 5 7 6 3 1 2 5 6 1 357 1 6 0 351 345 342 342 344 348 354 1 4 5 5 3 1 0 1 1 1 1 1 2 360 355 350 349 349 350 352 353 354 354 354 354 354 354 355 356 357 358 359 359 358 359 2 4 6 7 12 19 22 12 351 337 328 323 320 320 322
23 16 11 14 18 20 20 16 6 352 344 346 352 356 359 2 7 12 17 17 13 5 358 356 357 1 5 5 3 2 2 4 7 5 358 356 2 4 356 347 342 339 337 339 345 353 360 3 5 6 6 4 2 2 2 2 2 2 2 2 358 353 351 350 350 351 352 352 353 353 353 353 353 353 354 355 356 357 359 360 359 360 1 3 5 8 15 21 19 3 348 338 329 325 322 322
27 20 12 14 18 23 25 21 12 357 343 340 345 354 2 4 4 7 12 16 16 10 2 358 358 1 4 3 1 1 4 7 7 2 355 357 3 1 353 346 342 341 340 339 343 351 357 360 2 4 6 5 4 3 2 2 3 3 3 2 360 356 354 352 351 350 351 352 352 353 353 353 352 352 352 353 354 356 359 1 1 359 358 0 4 7 11 18 21 14 0 348 337 331 326 323
30 23 12 12 16 21 21 16 10 5 355 346 346 356 6 5 359 357 3 11 16 13 5 0 360 2 4 3 359 359 4 8 6 358 355 358 2 358 350 344 342 344 346 346 347 351 355 357 359 1 4 5 5 4 3 2 3 3 3 3 2 360 358 355 352 350 351 351 352 352 352 352 352 351 351 351 352 354 356 359 360 359 357 358 3 6 9 14 21 21 12 358 345 336 330 325
32 24 12 11 12 13 11 8 6 7 7 2 359 2 6 7 1 353 356 4 12 13 8 4 4 5 4 1 357 358 3 7 3 355 355 359 0 354 347 343 344 346 349 351 352 353 355 356 357 359 1 3 3 3 3 2 2 2 3 4 5 5 2 356 352 350 350 351 351 351 352 351 351 351 350 350 350 351 353 355 357 358 357 358 2 5 6 10 20 25 20 6 352 341 332 327
33 25 12 9 7 4 3 4 4 7 9 8 5 6 8 9 5 356 352 358 6 12 12 9 9 8 4 358 355 358 3 5 358 353 355 360 358 349 343 343 346 350 352 354 356 356 355 355 357 358 360 0 1 1 2 3 2 3 4 7 10 11 5 356 351 350 349 350 350 350 351 351 351 350 350 349 348 349 350 352 353 355 357 359 2 3 4 7 17 26 25 14 360 345 334 329
33 26 14 9 4 0 2 6 6 6 7 7 7 8 9 10 10 3 353 352 1 11 14 13 11 7 0 355 355 359 3 1 355 353 356 359 355 346 341 343 349 354 356 359 359 356 353 354 356 358 359 359 359 360 1 3 4 5 7 11 14 11 2 356 352 350 349 349 349 349 349 349 350 350 349 349 348 348 348 349 350 352 356 360 1 1 2 5 12 22 26 23 8 349 337 333
34 27 17 16 12 7 11 16 10 4 5 6 5 3 3 7 11 9 357 351 357 9 15 13 8 3 356 353 355 359 1 358 355 356 358 358 352 344 341 345 352 358 1 2 358 353 352 354 357 358 359 359 359 360 1 3 6 8 10 11 8 2 360 358 354 351 350 350 349 348 348 348 349 349 349 348 348 347 346 346 347 350 354 358 358 358 1 4 7 16 26 27 16 355 343 339
34 28 21 23 25 19 13 13 13 7 4 3 360 353 352 359 9 12 5 354 354 3 8 8 3 358 354 352 354 358 358 357 358 0 2 360 352 345 344 349 356 1 3 1 354 351 352 356 358 360 360 0 1 1 2 4 9 12 11 6 1 359 360 0 358 354 352 351 349 347 347 347 348 349 349 348 347 346 345 345 345 348 352 354 355 356 358 2 6 12 20 24 20 7 352 345
33 29 24 25 25 21 11 9 13 12 6 2 357 350 346 349 360 9 9 1 354 354 358 1 0 357 354 353 355 357 357 358 1 5 7 5 357 350 350 354 359 3 2 356 350 350 354 358 1 2 2 3 3 3 5 8 12 10 4 359 358 358 360 1 1 358 355 353 348 345 345 346 347 348 349 349 348 346 345 344 344 346 349 350 352 353 356 0 5 9 13 19 21 18 6 353
33 31 25 21 20 20 16 9 12 14 11 4 359 353 346 342 348 1 6 2 350 346 350 357 0 359 357 357 358 359 359 360 3 8 10 10 4 359 357 0 2 2 357 351 350 353 358 2 4 5 5 5 4 5 9 10 7 3 360 357 356 357 359 1 3 2 360 355 348 344 344 346 347 348 349 349 349 347 345 344 344 345 347 348 348 351 354 358 3 6 9 15 24 26 19 5
33 30 24 18 16 18 16 11 9 12 13 10 5 359 351 342 339 348 359 356 345 341 345 354 358 360 0 1 2 2 1 2 4 8 12 13 12 9 6 5 3 358 352 349 352 358 2 5 7 7 7 6 7 8 9 5 0 358 358 358 356 356 358 1 3 5 3 357 348 345 345 346 347 348 349 350 350 348 347 345 343 343 344 345 346 349 353 356 360 4 7 13 23 30 27 14
32 29 22 16 11 8 7 6 5 7 11 11 9 5 359 350 340 340 348 348 343 341 343 346 351 357 2 4 4 4 3 3 5 9 12 15 18 18 14 7 360 354 351 351 356 2 6 9 10 9 8 8 9 8 5 1 358 355 355 356 356 356 357 360 3 4 3 358 352 348 348 348 348 349 349 350 350 349 348 346 343 341 341 343 344 346 350 354 357 1 5 10 18 27 27 17
30 26 19 10 4 1 1 3 3 4 6 8 9 7 2 355 351 347 346 344 345 348 346 341 341 349 358 4 4 4 4 4 5 9 12 14 20 22 18 6 357 354 354 358 3 7 9 9 10 10 10 9 8 5 2 360 357 354 353 353 355 356 357 359 1 2 1 358 356 352 350 350 350 350 350 350 350 350 349 347 344 342 340 339 342 344 347 350 354 358 2 6 12 19 21 18
27 24 16 7 1 0 2 5 6 4 1 1 2 0 356 354 354 354 349 346 350 357 356 349 341 340 348 358 3 3 3 4 6 8 10 11 17 21 18 9 1 359 2 7 10 11 8 7 9 12 11 8 5 3 1 359 356 353 351 351 352 354 356 357 358 359 358 358 357 355 353 353 352 352 351 351 351 350 349 347 346 343 340 337 338 341 344 346 350 354 359 2 6 10 15 19
25 24 18 10 7 11 13 13 11 4 355 350 349 349 350 352 355 356 353 351 355 2 4 0 352 343 341 347 356 360 0 2 4 5 7 10 14 17 18 15 10 9 12 15 14 8 5 7 11 12 9 5 3 3 2 358 354 352 351 350 350 352 354 355 356 356 356 356 357 358 358 357 355 354 353 351 351 350 350 348 347 344 341 338 336 338 341 343 347 351 355 358 0 4 10 18
32 31 24 14 12 15 15 10 5 359 350 342 339 341 346 351 356 358 357 357 358 2 7 7 2 355 349 347 349 353 355 356 359 4 9 12 10 11 16 20 20 19 18 14 8 4 5 9 12 10 4 1 1 3 3 358 351 349 350 351 351 351 353 353 353 354 354 354 355 360 2 1 358 356 354 352 351 350 349 349 348 345 342 339 338 338 339 341 344 348 350 353 356 360 6 15
41 39 27 13 8 10 10 6 0 353 343 336 336 339 346 354 360 1 0 359 359 1 6 9 8 3 359 356 354 353 353 353 356 3 8 7 4 4 13 23 26 24 18 11 7 7 10 12 11 6 0 358 360 3 3 358 349 347 349 352 353 352 351 351 352 352 353 353 356 3 6 4 0 357 355 353 351 350 350 349 348 346 343 341 340 340 339 340 343 345 347 350 352 356 3 11
43 39 28 13 4 1 2 1 356 346 337 335 337 342 349 358 3 2 360 0 2 1 2 6 9 8 4 2 360 358 356 355 356 360 2 1 359 1 11 23 28 27 22 16 13 14 15 12 8 3 357 355 359 2 2 355 347 346 349 353 355 353 351 351 351 350 350 353 360 5 7 4 1 358 356 354 352 351 350 350 348 347 345 342 341 340 340 340 341 344 346 347 349 354 1 9
