data/real/Dogrib_v624/conserv_mass/windninja_315_30_100m_ang.asc
NCOLS 357 
NROWS 223 
XLLCORNER 457900 
YLLCORNER 5716800 
CELLSIZE 100 
NODATA_value -3.4e+38 
[rows 0 to 41 of 223, columns 94 to 187 of 357]
322 321 320 320 321 322 322 320 317 314 311 310 309 308 307 309 314 320 323 324 323 321 319 318 317 315 306 295 292 295 299 304 311 316 315 312 309 307 307 308 308 308 309 309 310 314 319 321 314 308 311 312 309 308 311 315 320 324 327 328 328 327 326 324 323 325 325 323 323 325 327 325 323 322 317 301 284 285 289 280 274 282 291 297 302 308 313 316 313 305 298 294 293 293
321 321 320 320 321 321 321 320 318 315 313 312 311 311 311 310 312 317 321 323 323 322 319 317 315 314 309 301 298 300 302 305 309 314 317 316 313 311 311 311 310 309 309 309 310 313 316 318 314 311 311 312 313 314 317 319 322 325 327 328 328 327 326 324 323 324 325 324 324 325 325 324 322 321 316 304 294 294 296 294 289 292 299 306 313 317 319 321 318 307 297 294 293 292
321 321 321 320 321 321 321 320 318 317 317 315 314 315 315 312 310 313 318 321 323 322 319 316 315 317 316 311 307 306 307 307 308 312 317 319 318 316 315 314 312 311 310 309 308 309 312 314 314 314 314 315 318 319 319 320 322 322 325 327 327 325 324 322 321 322 324 324 323 323 323 322 322 321 316 308 302 300 305 309 305 303 308 315 321 325 328 332 329 309 296 295 296 298
320 320 320 320 320 321 322 321 319 318 318 316 314 315 315 313 311 312 315 318 321 322 320 317 318 321 321 318 313 311 311 311 311 314 317 318 318 317 316 315 313 311 309 305 302 303 309 313 314 315 316 317 318 318 316 315 316 316 319 324 324 322 320 320 319 319 320 322 323 322 321 321 324 326 318 309 304 302 308 312 308 307 311 317 323 326 331 342 340 314 301 302 305 310
318 318 319 319 319 321 322 321 318 319 320 318 315 314 315 314 312 313 315 317 319 321 319 316 317 320 321 319 316 313 313 313 315 317 319 319 319 319 318 316 314 311 308 304 301 301 305 309 312 314 315 315 316 315 312 311 312 310 310 314 317 317 317 316 317 316 316 320 323 322 320 322 328 329 320 314 310 307 311 315 313 309 311 317 322 324 334 348 342 319 310 309 312 316
315 317 318 318 319 321 322 320 318 319 321 320 317 315 316 315 314 313 314 316 319 320 317 313 314 318 321 319 316 314 313 314 317 321 323 323 324 324 322 319 315 312 310 309 308 306 306 308 311 313 313 312 312 311 311 312 313 310 306 307 312 314 315 314 314 312 310 313 318 319 320 325 330 328 323 320 316 312 315 319 317 313 312 317 322 327 339 345 331 318 313 313 314 317
312 317 318 318 319 322 323 321 319 319 321 320 317 316 316 316 315 313 314 316 319 320 314 310 312 317 321 319 316 314 313 313 316 321 323 325 327 328 327 323 319 316 314 313 312 310 308 307 308 311 311 310 311 312 313 315 318 317 316 314 314 316 317 317 316 312 306 305 311 316 320 326 327 324 322 322 320 316 317 319 318 314 314 319 323 330 339 334 321 314 312 313 314 317
313 319 319 320 321 323 324 321 319 319 320 318 314 313 314 315 314 313 313 316 321 323 314 309 311 317 321 319 316 314 313 311 313 318 322 324 326 329 330 327 322 318 316 314 312 310 308 305 305 308 311 312 314 316 317 320 322 323 323 322 320 320 321 321 320 319 314 310 313 319 323 323 320 317 317 318 317 314 314 316 315 312 312 319 327 329 328 324 317 312 311 312 313 315
316 322 322 323 324 325 325 322 319 318 318 316 312 311 311 313 314 314 315 318 325 326 316 310 312 318 321 319 316 314 314 312 311 314 320 324 324 326 329 328 323 319 316 314 312 311 309 306 303 305 311 315 317 318 320 323 325 324 324 324 321 321 323 324 324 325 322 318 319 325 326 320 314 312 313 313 310 307 306 310 311 310 310 321 335 328 322 321 318 313 310 311 311 312
318 324 325 325 326 327 326 322 319 318 318 316 314 314 315 316 317 317 318 321 327 327 317 311 313 319 321 317 314 314 313 312 310 312 318 323 323 324 327 327 323 320 318 315 313 312 310 308 304 304 309 314 316 318 320 323 324 323 323 322 320 319 322 326 326 325 323 318 320 329 327 317 312 310 310 310 306 302 302 306 309 308 313 329 338 328 322 320 318 315 312 311 311 310
322 324 325 326 327 327 325 322 319 319 318 316 316 317 318 318 318 318 318 321 326 325 315 310 311 316 317 314 313 313 312 312 310 310 316 322 322 322 324 324 322 321 319 317 315 314 312 310 306 302 304 310 315 317 318 318 318 319 320 321 319 316 319 324 325 323 321 317 320 330 326 314 309 308 308 308 305 303 303 306 309 311 318 333 334 326 322 320 317 314 312 313 313 310
331 327 327 329 330 328 325 322 319 318 317 316 315 317 317 317 316 316 317 320 324 323 314 308 308 312 312 311 312 313 313 312 311 310 314 320 320 317 317 320 321 320 319 318 317 315 313 312 308 302 300 306 313 317 319 319 319 319 319 320 320 317 316 321 323 323 321 319 323 330 325 315 311 309 308 307 306 304 305 307 310 313 320 330 328 320 318 317 314 310 309 311 313 313
336 332 331 333 333 330 325 321 319 319 318 316 315 317 317 316 315 315 317 319 323 322 315 309 309 312 312 311 313 315 315 314 313 312 315 320 321 315 313 316 319 319 318 318 317 315 314 312 310 305 301 305 313 319 321 322 322 322 321 321 321 318 317 319 322 322 321 321 325 329 326 321 318 315 310 308 308 308 309 311 313 316 321 326 321 314 312 312 310 307 306 309 312 316
327 327 330 335 334 329 323 319 318 317 317 317 317 318 318 316 315 316 317 319 322 322 317 312 313 316 316 315 317 319 319 318 317 316 317 322 324 317 312 315 319 319 317 317 316 314 313 312 311 307 303 304 311 318 320 321 321 322 321 321 320 319 317 319 321 320 318 318 323 325 324 321 321 319 314 310 311 314 316 318 318 320 322 321 315 311 309 308 306 304 304 308 312 315
305 306 313 322 325 320 315 313 314 314 315 316 316 317 318 316 315 317 318 318 322 323 319 316 316 318 319 319 320 322 323 321 320 318 318 322 326 319 313 315 320 321 319 317 315 314 313 311 310 307 303 302 307 315 318 319 320 320 320 320 319 317 316 317 317 313 310 313 318 320 319 317 317 317 312 308 310 316 320 321 320 320 320 318 312 309 308 306 304 303 303 307 311 313
284 281 281 288 298 304 306 309 312 314 315 315 315 317 319 317 316 318 318 319 322 323 320 317 315 316 318 318 319 322 323 323 321 319 319 322 326 321 313 314 321 324 321 317 315 314 312 310 308 305 304 302 305 311 316 318 319 320 320 319 318 317 317 317 314 308 307 310 313 314 314 314 314 313 308 304 307 314 320 321 319 317 317 316 312 310 309 307 305 304 305 308 311 313
274 274 273 277 287 299 308 312 313 315 316 317 318 319 320 318 317 318 318 318 321 322 319 316 314 313 314 315 316 318 321 322 320 319 319 322 325 321 313 313 320 323 320 316 314 313 311 309 306 304 303 304 305 309 314 317 318 320 319 318 317 317 318 321 319 312 309 309 310 311 312 312 314 314 309 303 304 312 320 321 318 315 314 314 312 311 311 310 308 307 309 312 313 313
283 285 289 293 296 302 311 317 317 317 319 321 321 321 320 317 317 318 318 318 320 320 317 314 312 310 310 312 313 314 317 318 318 318 319 320 321 318 312 311 316 320 317 313 312 311 310 309 305 301 301 305 306 307 312 316 318 319 317 313 312 312 314 320 322 317 312 310 309 310 311 314 315 315 311 305 303 310 320 321 315 311 310 310 310 311 312 312 310 309 312 315 314 313
296 298 300 304 303 305 314 321 321 321 323 324 323 322 320 317 317 317 317 318 319 319 316 314 311 310 310 311 313 314 315 316 317 318 319 320 317 315 312 311 313 315 313 311 310 311 310 308 304 299 299 303 305 305 309 313 315 314 310 304 302 304 308 315 321 319 317 315 311 311 313 316 317 316 312 306 304 310 319 316 308 305 305 307 308 308 309 308 307 307 308 312 311 308
300 302 301 307 310 312 318 325 325 323 325 327 324 322 320 318 318 318 318 318 319 318 316 314 313 312 312 313 315 315 314 315 317 318 318 318 316 314 314 315 316 316 312 311 311 312 312 309 304 300 300 303 305 304 304 306 305 303 300 297 299 303 306 312 319 320 318 315 313 312 315 319 319 318 314 308 306 311 318 312 304 303 305 306 306 306 306 304 302 301 302 305 306 304
306 314 316 320 325 326 327 330 329 326 327 327 324 322 320 319 319 319 319 319 319 318 317 315 314 313 314 316 317 315 315 315 318 318 315 314 314 314 316 319 321 319 315 313 313 314 314 312 306 303 303 305 307 306 302 298 296 297 300 303 304 306 308 312 320 321 316 312 309 309 315 321 322 320 315 311 310 317 323 318 312 309 308 307 307 306 305 304 303 302 304 307 310 312
319 325 326 327 333 334 332 333 333 330 327 325 322 321 319 319 319 319 319 319 319 318 317 315 313 314 316 318 318 316 315 317 321 321 315 313 314 313 315 320 322 321 316 312 311 313 315 316 311 306 307 309 309 309 305 298 296 298 304 309 310 309 311 316 323 325 316 310 306 307 314 322 324 322 317 314 317 325 327 324 321 317 314 310 307 306 307 308 309 309 311 313 316 320
322 325 320 313 313 319 323 327 331 329 323 321 320 320 319 319 319 319 319 319 319 319 319 317 316 317 319 320 318 315 315 318 324 323 315 313 314 314 315 318 321 321 317 312 309 310 313 315 312 307 307 310 310 312 310 301 299 301 306 312 312 310 312 318 326 325 317 311 306 307 312 319 323 321 318 317 322 327 326 324 322 321 319 314 309 308 310 312 313 314 315 317 319 320
310 297 286 282 289 300 306 309 316 319 319 319 320 319 318 318 318 319 320 320 320 320 321 319 318 320 321 319 316 314 314 319 325 323 315 312 313 314 315 318 321 321 318 313 308 307 310 311 309 304 303 308 312 319 320 311 306 305 309 312 311 309 311 318 323 321 316 311 308 308 312 315 316 315 314 318 323 325 323 321 320 319 318 316 312 310 313 316 316 317 317 318 318 318
293 285 289 297 305 310 314 316 319 321 322 322 322 321 320 320 320 320 320 321 320 321 321 319 318 319 320 318 316 315 316 320 325 323 315 310 310 312 314 318 322 322 320 316 309 305 307 310 309 304 302 307 317 328 330 320 313 310 311 312 310 308 310 317 319 316 314 312 310 311 314 315 310 307 310 316 321 323 322 321 320 319 317 315 312 310 313 317 318 317 316 316 315 314
305 306 309 314 319 323 328 330 328 324 322 321 319 317 318 319 320 320 321 320 320 319 318 317 316 318 318 317 316 316 318 322 326 323 316 312 310 311 314 318 322 323 322 318 312 306 304 308 310 309 308 313 325 334 333 325 318 315 314 312 311 310 315 320 317 314 313 313 313 315 317 319 312 306 309 315 320 322 323 323 323 322 319 316 312 307 309 315 318 317 315 314 314 315
319 320 322 326 329 331 333 330 319 307 302 303 305 309 313 316 318 319 320 319 319 317 316 315 317 318 318 317 317 317 319 323 327 323 318 314 311 310 314 319 322 324 323 320 315 308 304 306 312 315 315 319 330 337 334 326 321 319 317 314 313 315 320 324 317 313 313 313 314 316 318 321 315 307 308 316 320 322 323 325 325 325 322 319 315 308 305 312 318 317 316 316 316 317
325 326 326 328 328 326 323 307 289 285 289 295 302 309 314 317 318 319 320 320 319 317 316 316 318 319 318 317 317 317 319 325 329 325 319 316 312 310 312 318 323 325 324 321 317 312 307 307 314 318 319 323 332 337 333 325 320 318 316 312 312 315 320 322 315 310 311 313 315 318 321 322 317 309 308 316 321 322 324 326 327 326 323 320 319 312 305 308 317 319 318 318 318 319
322 317 310 302 294 289 287 287 288 291 295 300 307 314 317 320 321 321 321 321 320 318 317 317 319 319 318 317 317 318 320 326 329 325 320 316 314 311 312 318 323 325 324 321 318 314 310 308 313 319 322 326 333 337 331 322 317 315 311 308 306 310 316 318 313 308 308 314 317 321 324 324 320 312 309 315 321 323 325 327 327 326 322 320 319 315 307 305 314 319 319 320 319 318
305 295 283 277 282 294 306 304 297 298 301 304 311 317 320 322 323 322 322 322 320 318 316 317 318 319 318 318 318 319 322 327 328 324 319 316 314 312 312 318 323 325 325 321 318 315 312 309 311 318 323 327 332 334 330 323 319 316 313 309 306 309 314 316 312 308 309 316 321 323 325 323 320 315 313 315 320 323 325 328 328 325 322 321 320 317 309 304 309 317 319 318 317 316
297 293 286 290 301 315 323 315 305 305 307 310 315 321 323 326 326 325 325 324 321 317 316 317 318 319 319 319 319 320 323 326 326 322 318 315 313 312 312 317 322 325 324 321 317 315 313 310 310 316 322 326 328 327 325 324 322 320 318 316 313 312 313 315 313 311 313 318 322 322 321 320 319 318 318 319 319 321 324 327 329 327 324 322 320 317 312 305 304 311 315 315 315 315
297 300 300 304 312 323 327 322 319 321 323 322 322 325 328 330 330 328 327 324 320 317 316 317 318 319 319 317 317 319 322 324 324 321 317 315 312 311 313 316 320 322 321 318 316 315 314 310 309 313 319 320 319 319 319 321 321 320 320 317 315 314 312 312 313 314 316 319 321 319 318 320 321 320 322 322 319 319 324 328 330 329 326 324 321 318 314 308 302 306 313 316 316 316
297 304 307 312 319 324 325 326 327 329 334 334 331 330 332 334 333 330 327 322 317 315 315 315 316 317 316 315 315 318 321 324 324 321 318 316 313 311 313 316 318 317 314 314 314 313 313 310 306 307 311 313 315 316 316 319 320 320 318 316 314 312 309 308 310 313 315 318 320 320 321 323 323 322 323 324 318 316 322 328 331 330 328 325 323 320 317 312 307 307 313 316 316 317
300 307 315 322 327 326 326 328 329 330 333 335 331 329 334 337 335 330 324 318 314 313 313 313 314 315 316 316 317 319 321 323 324 321 318 316 313 311 312 316 319 314 310 311 312 311 310 309 306 306 308 311 314 316 316 319 323 322 317 314 312 310 306 302 303 310 316 321 322 322 323 324 324 323 324 325 318 312 317 328 332 331 329 327 324 321 318 315 312 310 312 314 316 318
301 305 317 329 332 328 326 328 324 314 316 320 317 320 328 332 329 323 317 314 313 314 313 314 316 317 318 318 319 319 320 322 322 320 316 315 313 312 313 319 323 315 309 310 312 312 311 313 317 318 315 313 315 316 316 318 324 323 317 313 311 309 304 299 300 310 321 325 324 323 324 324 323 323 325 327 320 311 313 326 332 331 330 328 325 322 319 316 314 312 312 312 315 319
303 301 310 325 327 322 317 310 296 287 293 301 300 295 295 304 311 313 312 313 314 315 315 316 318 319 320 320 319 319 320 320 320 319 316 314 313 313 315 321 324 317 310 310 313 314 315 320 327 327 321 317 316 316 316 318 322 322 319 316 312 309 306 301 301 309 320 324 323 321 322 324 324 324 326 328 322 312 311 320 329 332 331 329 326 323 320 316 314 313 311 309 312 320
310 301 300 310 309 300 286 273 275 282 291 292 281 274 278 289 301 309 312 314 316 317 317 318 321 322 321 321 320 320 320 320 321 321 317 314 314 315 316 321 323 318 312 310 313 316 318 323 330 330 325 320 317 317 317 319 322 324 325 322 318 315 312 307 303 306 315 317 315 315 318 320 321 321 324 326 321 313 307 312 324 330 331 329 327 324 320 317 315 315 314 311 313 322
314 305 298 298 297 284 270 273 289 300 304 297 284 290 297 298 300 309 314 316 318 319 319 320 323 323 323 322 321 321 322 321 322 322 319 315 315 317 319 322 323 320 315 312 313 317 320 323 328 330 326 321 318 317 319 321 323 326 329 327 322 319 316 311 306 305 310 311 310 310 313 314 314 315 318 322 320 315 307 307 319 328 330 329 327 323 321 319 318 319 317 313 314 322
315 310 299 297 302 294 288 294 301 304 304 300 298 303 312 305 301 309 316 320 321 321 321 322 323 324 324 322 322 322 322 321 322 323 320 317 317 318 321 323 323 321 318 314 313 316 319 323 327 329 327 322 319 318 319 322 324 327 331 329 322 317 316 314 310 308 309 312 312 312 314 315 316 316 316 318 320 319 311 307 315 327 330 328 326 323 322 321 319 319 316 311 311 318
318 315 304 303 314 318 308 303 303 302 304 307 304 307 315 308 304 310 319 323 324 324 323 323 324 324 323 322 321 322 321 321 321 322 321 319 319 319 322 324 323 321 318 315 313 313 317 321 326 331 328 323 321 320 320 321 324 328 333 332 322 316 314 314 313 310 309 312 316 318 320 322 324 323 320 319 322 323 314 307 313 326 329 327 324 322 322 319 317 316 312 307 306 312
324 315 308 306 316 326 315 305 303 307 310 313 313 316 322 320 317 318 324 327 327 327 325 324 324 323 321 320 319 319 319 319 320 321 321 320 319 320 322 324 324 323 321 319 315 313 315 320 326 331 330 325 323 322 320 320 323 328 333 333 322 315 313 314 314 312 308 312 319 322 323 324 325 324 323 321 323 324 315 307 310 322 327 325 321 320 320 316 314 312 306 303 305 309
325 312 305 302 307 317 314 306 305 310 316 322 327 329 330 331 329 329 331 331 331 330 326 323 321 319 317 316 316 317 318 319 320 321 321 319 318 319 322 324 325 325 325 323 321 317 315 318 325 330 329 326 325 324 321 319 322 327 332 332 322 313 312 315 317 313 307 309 319 323 322 322 322 321 319 318 319 320 313 305 306 315 321 320 318 317 316 314 312 309 304 301 303 306
