data/real/Dogrib_v624/conserv_mass/windninja_90_30_100m_ang.asc
NCOLS 357 
NROWS 223 
XLLCORNER 457900 
YLLCORNER 5716800 
CELLSIZE 100 
NODATA_value -3.4e+38 
[rows 106 to 158 of 223, columns 192 to 287 of 357]
106 102 95 92 91 88 82 74 69 73 82 91 95 96 98 101 102 104 106 104 97 95 97 96 92 86 85 85 84 85 90 97 97 92 88 91 96 91 85 82 82 79 76 74 74 74 73 72 71 77 86 90 90 88 90 93 94 90 88 89 92 95 95 92 90 88 85 83 88 94 97 99 103 107 102 93 88 87 89 91 92 92 91 89 89 92 97 100 100 98 96 94 93 93 92 90
103 100 95 93 93 90 83 73 69 74 80 86 90 93 96 99 100 101 104 107 104 99 96 93 87 86 89 89 87 85 85 90 95 93 89 89 93 92 86 82 81 79 76 77 78 75 71 66 68 78 85 90 94 93 90 89 91 91 90 90 92 94 94 92 89 87 85 85 91 94 94 94 100 106 104 95 89 87 89 91 92 91 89 90 93 97 99 99 96 94 92 91 92 95 96 94
101 99 95 93 93 92 83 73 73 77 79 82 88 91 93 96 99 100 102 107 108 101 94 88 85 89 91 91 90 88 87 87 88 89 88 88 91 93 88 84 82 79 78 81 80 75 68 64 69 78 84 89 96 97 90 85 87 93 93 91 92 93 93 91 89 87 84 87 92 93 92 94 99 104 104 97 91 88 88 90 90 90 91 93 96 98 97 94 90 88 88 90 93 95 96 95
100 97 95 93 91 88 80 74 76 79 80 82 87 90 92 95 98 97 98 103 107 101 91 85 87 90 89 89 90 90 89 88 87 88 88 88 89 91 90 87 84 81 82 83 79 73 69 68 73 80 83 85 89 91 87 84 86 93 95 94 92 92 92 91 90 88 84 88 91 92 93 95 98 101 101 97 92 89 88 88 90 92 94 96 96 95 91 87 86 86 89 92 93 93 93 92
99 96 95 94 90 83 76 77 81 81 81 83 86 90 92 92 92 93 94 98 102 98 89 86 88 88 86 86 88 90 91 90 90 91 92 91 89 89 89 87 85 84 83 80 76 75 76 78 81 83 82 81 81 83 84 85 87 92 96 97 94 92 90 91 91 87 85 89 92 93 95 96 95 96 97 96 92 90 89 89 91 94 96 95 92 88 84 84 86 90 93 93 90 90 90 90
101 98 95 92 88 80 77 82 85 86 85 85 84 86 89 88 88 90 92 92 93 91 87 87 88 86 84 84 86 89 92 93 93 92 92 93 91 90 88 87 85 84 80 76 75 78 83 89 90 86 81 79 78 81 85 87 90 93 97 98 94 90 88 89 88 84 85 90 93 95 95 93 92 92 95 95 93 91 90 91 92 94 93 90 85 81 82 86 91 93 92 89 88 89 89 90
102 101 94 89 84 78 80 87 91 94 92 87 81 79 81 85 87 89 90 88 85 81 81 84 86 87 86 85 86 89 92 95 96 94 91 90 91 91 89 87 85 81 75 74 76 80 86 92 93 87 82 80 81 84 89 93 95 96 97 96 91 86 86 86 83 81 86 92 94 94 93 90 89 91 95 97 95 93 93 92 91 90 86 81 78 81 86 91 93 93 89 87 88 89 90 91
100 102 95 88 81 76 83 93 99 100 96 89 81 75 75 80 86 88 87 84 76 71 75 80 84 88 89 88 89 91 93 94 96 96 94 91 89 89 89 89 85 78 74 76 80 84 87 88 86 84 83 84 86 90 95 97 97 96 95 91 87 85 84 82 78 79 87 92 93 92 90 89 88 91 97 101 99 97 94 91 88 83 78 76 80 86 91 92 92 90 87 87 88 89 91 90
98 101 96 89 79 75 88 99 104 102 96 90 84 76 74 77 82 84 83 77 67 64 72 79 82 85 88 91 92 93 92 93 94 96 97 94 90 88 88 89 85 79 79 82 85 87 86 81 78 80 85 89 92 95 97 97 94 93 91 88 86 85 83 79 76 80 86 90 90 89 89 88 88 91 97 102 102 98 94 89 83 77 74 79 86 91 93 92 90 87 86 87 88 91 91 89
99 100 97 90 81 82 94 102 105 102 95 91 87 80 77 78 79 78 76 67 58 62 72 78 80 83 87 92 93 92 91 92 94 96 97 96 92 89 88 87 83 82 85 89 90 87 82 77 77 81 87 94 98 97 96 93 91 90 87 85 87 86 84 80 78 81 85 86 87 87 87 87 89 93 97 101 100 98 93 87 79 73 77 85 91 93 93 91 88 86 86 88 90 91 90 89
102 102 98 92 89 95 99 100 100 100 95 92 88 83 81 80 78 75 69 58 54 64 74 78 79 82 86 90 90 89 90 94 96 97 98 98 96 92 86 81 79 82 87 92 92 87 82 79 81 86 93 98 99 96 91 89 88 85 82 84 88 88 86 83 82 83 83 83 83 84 85 87 90 94 96 98 97 95 93 86 78 76 82 89 92 93 92 89 87 87 88 89 91 91 89 90
103 104 99 97 101 104 101 96 94 96 95 91 88 87 84 81 78 73 64 53 56 69 77 79 80 81 84 87 89 91 94 96 98 98 96 97 97 93 84 74 73 79 85 90 92 90 86 84 88 95 98 98 95 92 88 85 82 79 81 86 90 91 89 87 86 84 82 80 80 80 83 87 91 93 95 96 96 94 92 86 80 81 85 89 92 92 90 89 88 88 89 90 91 89 88 91
102 104 102 103 107 107 101 94 90 92 95 91 88 90 88 82 77 68 56 51 61 75 82 84 82 81 81 84 90 96 98 97 97 96 95 93 93 90 80 71 73 79 83 86 89 90 89 90 96 101 100 95 91 89 85 79 76 77 82 88 91 93 92 90 87 85 82 79 77 78 82 86 90 92 94 95 96 94 91 86 84 86 87 89 90 90 89 89 89 89 89 90 89 88 88 91
97 102 106 107 108 107 102 95 89 89 95 94 89 89 91 86 77 63 49 53 67 79 86 90 90 87 83 84 88 94 96 94 93 94 95 93 88 83 75 72 77 82 83 82 83 85 89 95 100 102 100 94 90 86 80 75 75 80 85 89 92 94 94 90 86 84 83 80 77 77 80 84 88 91 93 95 96 95 91 86 87 90 91 90 89 88 88 88 88 89 89 89 88 87 89 90
91 98 105 107 107 106 103 97 91 91 96 95 89 88 91 88 78 59 49 60 74 83 91 98 99 95 89 86 85 85 87 89 90 93 96 93 86 79 72 74 81 84 83 80 79 82 90 98 101 102 99 95 89 81 74 74 79 84 88 91 94 94 92 88 85 83 83 81 79 78 79 83 87 91 93 95 96 94 91 89 90 94 96 93 89 86 85 86 87 88 89 88 87 88 89 90
91 95 101 104 104 104 103 98 96 95 95 93 91 91 93 89 76 59 57 70 81 90 98 102 101 96 94 90 84 79 79 84 89 91 92 89 84 76 68 72 79 81 81 81 81 83 91 100 103 102 97 92 85 75 72 76 83 87 92 94 95 92 89 86 84 82 82 81 81 80 80 83 87 91 93 94 94 93 92 93 96 99 99 96 89 84 82 83 85 86 87 87 87 88 89 89
96 96 97 98 98 97 96 97 98 96 92 91 94 98 97 89 75 66 73 83 89 96 100 99 95 94 96 94 87 80 77 81 86 87 85 84 83 74 65 70 75 76 78 82 84 88 95 102 104 101 95 88 79 71 72 77 83 90 95 96 94 90 88 85 82 81 81 82 83 82 82 83 86 90 92 93 92 92 94 100 103 101 99 96 92 86 82 81 82 84 85 86 86 87 88 89
98 96 92 91 91 88 88 92 95 94 91 92 98 104 103 94 83 83 90 94 96 96 95 91 90 95 98 95 89 82 79 79 81 80 81 84 83 71 63 68 72 75 78 83 89 95 99 101 100 98 94 86 74 70 75 79 83 90 95 96 92 89 86 83 79 79 82 85 86 85 84 84 85 88 91 91 90 91 96 104 106 102 97 95 95 92 86 82 81 82 83 84 85 86 87 89
95 92 88 87 88 87 87 89 91 91 90 93 98 105 109 104 99 98 98 98 99 97 91 84 89 97 99 96 89 84 80 78 77 77 79 82 79 65 59 66 73 78 82 89 97 101 98 94 92 93 90 81 72 73 78 81 84 89 94 96 92 87 83 79 75 76 81 86 88 88 86 85 85 87 88 89 90 93 98 103 105 102 98 95 96 97 93 88 84 82 81 82 84 85 86 88
89 87 87 88 91 93 94 93 91 91 91 92 94 100 107 112 112 107 102 100 100 97 89 83 91 98 99 96 89 85 82 79 77 78 79 77 70 55 55 69 79 84 89 95 100 100 94 87 85 85 83 73 68 73 79 85 90 92 93 93 89 83 79 76 75 78 80 83 85 87 87 86 85 86 87 88 91 94 98 100 101 100 99 96 97 99 100 96 90 85 82 80 81 83 85 86
86 86 89 92 94 97 99 98 96 94 92 89 86 89 99 112 118 115 108 103 99 95 89 89 95 96 96 93 87 85 87 85 81 79 80 76 65 48 57 78 85 89 94 96 96 95 94 87 82 79 76 67 64 73 84 93 95 93 89 84 81 79 75 73 76 81 83 83 83 85 85 85 85 86 88 90 92 94 96 97 97 97 97 97 98 100 103 103 98 91 85 82 80 81 82 83
83 88 92 95 97 100 101 101 99 96 92 87 81 81 90 107 119 122 116 105 98 93 92 96 97 95 91 87 84 87 91 91 84 78 78 76 65 48 63 82 89 94 98 95 90 90 94 92 84 77 72 65 65 80 92 97 95 89 83 77 73 72 70 70 76 83 87 87 86 84 82 83 86 89 91 92 93 94 94 94 94 95 96 97 99 101 103 105 104 98 91 86 82 80 79 80
77 87 92 95 98 101 100 99 98 97 93 89 84 81 85 96 113 123 120 108 98 93 96 101 99 94 87 81 84 91 93 91 84 79 77 73 63 51 66 81 91 101 103 96 87 85 89 92 87 80 74 70 78 91 94 94 90 85 79 73 67 66 66 69 77 85 90 90 88 84 82 83 88 93 95 95 95 94 92 92 92 94 96 98 99 99 100 102 105 104 98 92 86 81 79 78
74 80 87 93 96 98 98 97 98 97 96 95 94 88 84 86 98 113 117 111 101 96 99 103 100 93 84 81 90 95 93 87 82 81 78 71 59 53 70 83 94 102 104 97 89 83 80 84 85 82 80 81 92 96 92 88 85 83 77 70 66 65 67 71 78 86 92 92 88 85 84 85 91 96 97 96 94 93 92 92 93 94 96 97 96 96 97 100 103 107 105 97 89 83 80 78
76 75 78 85 92 95 95 95 96 96 96 99 100 97 90 84 84 94 106 111 107 102 103 103 99 92 85 87 96 97 91 83 81 82 79 69 56 60 78 90 96 99 101 99 92 84 79 77 78 79 80 84 94 95 90 83 79 79 75 69 68 71 75 77 80 85 91 94 91 89 88 89 91 94 96 95 93 92 92 93 93 94 94 94 94 95 96 98 101 105 107 102 94 87 83 81
84 77 75 77 83 90 93 94 93 93 94 98 100 100 95 87 80 82 96 108 110 107 106 103 98 93 92 96 98 95 88 81 83 84 79 66 56 67 83 95 98 96 96 98 93 87 82 78 75 76 76 78 89 93 88 79 74 74 74 72 73 78 84 87 86 85 88 94 97 97 96 93 89 88 91 93 92 91 91 92 93 93 93 92 93 95 96 96 98 101 105 106 99 92 87 84
90 85 79 75 75 80 88 90 90 90 92 95 97 97 94 89 83 84 93 103 109 108 105 102 100 98 101 103 99 92 85 83 86 84 77 64 59 73 88 96 97 94 93 95 93 89 85 80 77 76 74 75 84 88 84 77 73 74 75 77 79 82 86 92 94 89 88 93 102 106 103 95 86 82 83 89 91 90 90 92 93 94 94 94 94 93 93 94 95 97 101 105 104 97 92 88
92 90 86 80 75 74 78 83 85 87 90 92 93 93 91 90 91 93 94 96 100 101 100 101 103 105 107 106 99 92 86 87 88 84 76 65 65 81 93 96 94 90 89 90 90 87 83 79 78 77 76 78 82 84 82 80 80 80 80 81 83 84 87 91 96 97 95 97 103 107 103 93 84 79 79 84 89 90 90 92 93 95 96 96 94 92 91 91 92 94 97 102 105 101 95 89
96 93 91 88 82 75 73 74 78 83 87 90 90 90 90 91 96 98 96 93 92 93 95 98 104 107 108 106 102 96 92 91 89 84 76 68 74 90 96 95 90 86 84 83 84 82 79 77 77 78 81 83 83 84 86 89 90 89 87 86 86 88 91 94 97 101 102 100 100 101 97 89 83 80 78 80 85 90 92 92 94 96 97 97 95 93 90 88 88 89 93 97 103 102 94 88
99 96 94 91 88 83 76 72 72 77 82 85 87 87 88 92 96 98 96 92 88 90 94 98 100 102 103 105 106 103 99 96 90 84 78 75 85 95 97 93 88 82 78 74 75 76 75 76 77 80 87 90 89 88 92 96 94 92 92 92 93 96 100 99 99 101 101 99 96 94 90 87 85 82 78 77 81 89 93 93 94 95 95 95 95 95 93 89 86 86 88 93 97 98 92 87
102 99 97 94 91 89 84 78 75 75 77 79 81 82 85 89 93 96 94 90 88 92 96 97 96 96 98 102 106 107 105 99 91 84 81 82 91 95 94 91 86 79 72 69 70 71 74 76 79 85 90 93 95 95 95 98 97 95 95 98 100 102 103 102 100 99 97 94 92 92 90 89 88 85 80 78 80 86 91 93 93 92 91 92 93 95 95 93 89 85 85 88 92 93 90 89
105 103 100 98 95 92 89 87 85 82 80 79 77 78 81 83 85 87 88 87 88 93 97 95 93 96 100 100 102 104 105 103 95 87 82 84 91 92 91 88 84 78 72 70 70 72 77 81 85 87 88 91 96 100 98 97 101 102 101 102 103 102 100 100 100 97 93 91 91 92 91 90 89 86 83 81 81 84 88 90 89 88 88 89 90 92 94 96 94 89 86 85 87 90 91 91
107 105 103 100 98 95 92 91 90 89 88 86 82 80 81 81 78 75 76 80 85 90 93 93 95 100 103 102 99 97 98 100 97 89 82 81 86 89 88 86 83 79 77 76 76 80 85 88 88 86 85 88 94 99 99 97 101 107 107 105 103 99 97 99 100 96 91 91 92 92 92 90 88 87 86 85 83 84 85 86 85 86 87 87 87 88 90 93 95 93 89 86 85 88 91 90
108 106 104 102 100 98 96 95 93 92 92 90 88 86 86 85 80 74 73 76 80 83 84 88 95 101 104 103 99 94 91 91 91 86 80 78 82 86 87 84 82 83 85 85 86 90 92 90 86 83 84 88 92 95 97 96 99 107 110 106 101 98 97 99 99 93 91 94 94 91 89 88 87 88 88 87 86 85 84 84 84 85 87 86 85 85 85 87 90 92 91 88 86 87 89 88
108 106 105 104 102 100 99 98 96 94 92 90 89 90 90 88 86 83 80 79 81 81 79 81 86 93 100 102 99 94 89 86 84 81 80 82 84 85 83 79 78 85 93 96 95 93 91 88 86 86 87 87 89 92 95 96 98 104 110 108 101 98 99 99 96 93 95 97 93 88 85 86 88 89 90 89 89 86 83 84 85 87 88 87 85 84 83 83 84 86 88 88 87 87 89 88
107 106 106 105 103 102 100 99 98 97 93 91 91 93 92 89 87 88 88 86 86 84 82 81 80 82 90 97 96 92 88 84 79 79 84 87 87 85 82 78 80 85 92 98 97 92 89 89 92 93 91 87 85 88 93 95 95 99 107 109 103 99 100 99 96 97 98 96 91 86 81 85 89 91 90 90 89 86 83 85 88 88 88 88 87 86 85 83 81 81 82 84 85 86 87 90
105 107 107 105 103 102 101 100 99 97 95 93 94 95 93 90 90 91 92 91 88 86 86 84 80 79 81 87 91 90 86 81 78 81 85 87 87 86 85 88 90 87 86 90 95 95 94 94 96 96 93 87 83 85 89 93 93 94 101 109 108 103 100 98 99 101 99 93 89 83 80 88 91 91 90 89 87 84 83 86 87 88 87 88 89 89 88 86 83 81 81 81 81 81 82 87
103 106 108 105 103 101 101 100 99 97 96 95 95 95 94 93 93 93 94 93 90 88 87 86 83 80 77 79 85 86 82 78 77 81 83 84 85 86 90 96 98 93 87 87 93 98 99 96 95 94 93 90 86 84 85 89 91 91 94 105 113 108 100 97 99 101 99 92 87 83 85 91 91 91 90 88 85 83 84 86 86 86 86 87 88 88 88 89 87 85 82 80 78 75 76 82
103 103 103 102 102 101 100 99 98 98 97 96 95 95 94 94 94 94 94 93 92 91 89 88 87 83 77 75 78 81 79 76 77 79 81 82 84 88 91 96 99 98 95 94 96 98 98 95 93 92 91 92 90 86 83 87 91 89 88 96 111 111 102 98 99 100 98 92 88 86 89 91 92 94 92 87 83 82 84 86 86 84 84 84 84 85 85 87 89 88 85 80 75 71 73 79
101 98 96 97 100 102 102 100 99 98 97 96 96 95 95 95 95 94 94 93 93 93 91 91 90 87 81 76 73 74 75 74 75 77 79 82 84 88 92 95 99 101 100 101 101 98 96 95 92 90 89 90 90 88 86 88 92 91 87 89 100 110 106 101 101 99 96 92 89 88 90 94 97 96 91 87 84 83 84 86 86 85 83 81 80 80 81 83 86 87 84 78 73 71 75 79
97 94 94 95 97 100 102 102 101 99 97 96 96 95 95 95 95 94 94 94 93 93 93 92 91 90 86 79 73 70 70 71 72 74 77 82 86 89 92 96 101 104 104 102 102 100 97 94 91 87 85 87 90 91 91 92 93 94 89 84 88 101 105 103 101 99 98 95 91 89 93 99 99 94 88 88 88 86 85 86 87 86 84 81 78 77 79 80 81 81 79 75 72 74 78 81
95 96 97 96 94 94 97 100 102 101 98 96 95 95 95 94 94 95 95 95 94 94 93 93 92 91 88 83 76 70 65 65 71 74 76 81 87 90 93 97 102 106 107 104 101 100 97 92 89 84 82 86 91 94 97 96 94 95 93 84 82 88 97 98 97 100 105 102 94 91 98 100 96 90 90 92 93 90 86 85 86 85 83 82 79 78 78 77 76 75 72 71 73 77 81 83
96 98 99 97 93 90 91 94 98 100 100 97 96 95 95 94 94 95 95 95 95 94 94 94 93 91 89 85 80 73 65 65 71 76 78 80 83 87 91 96 102 106 108 106 101 98 96 91 86 81 82 88 93 96 98 98 96 94 95 89 82 81 85 91 94 99 108 110 101 97 101 99 94 93 94 94 95 93 88 85 84 83 81 80 81 80 78 75 73 71 69 71 77 82 85 85
96 96 96 95 93 91 90 89 91 94 96 97 96 96 96 96 95 95 95 95 95 95 94 94 93 91 88 86 83 78 72 73 77 81 83 83 82 82 85 90 98 105 107 106 100 97 96 92 85 82 85 89 93 96 96 96 97 96 95 94 86 79 79 87 93 95 102 111 111 105 101 98 97 96 96 96 97 94 88 84 83 82 79 78 79 80 77 74 71 69 70 76 82 86 87 87
93 94 93 92 91 92 91 89 87 88 90 92 94 96 98 99 98 96 95 96 96 95 95 94 92 91 89 86 84 82 82 84 86 87 89 89 86 84 84 85 90 98 104 103 99 95 94 92 90 90 91 90 91 94 93 91 92 96 98 99 92 83 80 84 89 90 92 104 115 112 104 100 98 98 99 100 97 92 87 84 81 81 80 77 75 75 74 71 68 68 73 81 87 90 90 89
90 91 91 91 89 88 90 90 87 87 88 89 90 93 99 101 99 97 97 97 97 97 96 94 92 91 89 88 86 85 87 91 92 92 93 92 91 90 88 84 84 89 98 99 96 92 90 91 96 99 97 93 91 92 91 87 86 90 98 103 100 91 83 81 83 85 87 94 109 115 111 105 102 103 104 100 94 87 84 83 82 80 79 76 73 71 69 67 66 69 76 84 90 94 94 93
89 88 88 89 88 86 87 88 88 88 89 89 89 92 95 96 95 96 98 100 101 100 98 95 93 91 90 89 88 88 89 92 94 95 95 95 95 94 90 87 85 85 88 91 90 88 88 91 96 100 102 99 93 91 91 89 85 85 90 99 103 98 89 81 78 81 85 87 98 113 118 114 110 107 103 97 89 83 84 84 82 79 76 74 72 69 66 64 65 71 78 85 90 96 98 97
87 85 84 87 89 88 86 86 88 88 89 91 93 92 89 87 90 94 98 101 103 103 100 97 94 92 91 90 90 89 89 92 95 97 97 97 98 95 91 91 90 86 81 79 81 84 87 91 94 99 104 104 97 91 92 95 92 87 85 89 96 99 93 83 77 79 82 83 89 103 119 122 115 108 100 93 86 84 86 85 81 76 73 70 68 66 64 64 68 73 79 84 89 94 98 99
85 82 82 86 91 92 90 87 87 88 90 92 94 91 86 85 90 94 96 97 99 102 102 99 96 94 92 91 90 90 89 91 94 97 98 99 99 97 95 93 92 86 78 73 75 80 86 91 96 100 103 106 102 93 91 96 98 93 86 83 86 93 94 86 81 81 81 81 83 90 108 119 118 110 100 92 87 90 90 85 79 73 68 64 61 62 65 71 76 78 81 85 88 91 95 99
84 82 81 84 89 95 94 89 87 88 89 92 92 89 87 89 91 92 92 93 95 99 101 100 98 95 93 91 90 90 90 91 93 96 100 101 100 99 98 94 89 84 76 70 72 78 83 90 99 104 104 106 105 97 92 94 100 97 91 84 82 86 90 88 86 85 82 79 79 83 93 107 114 114 105 96 94 96 93 85 78 70 62 57 57 61 69 78 84 85 86 86 86 88 92 98
84 84 83 83 86 93 96 93 88 87 89 91 91 89 89 91 92 90 90 91 94 97 99 98 97 95 93 92 91 91 91 92 93 96 100 102 100 99 99 95 88 81 72 67 70 78 84 91 98 105 106 106 107 103 95 93 98 98 93 89 85 85 86 89 90 87 82 77 78 81 85 94 104 110 110 105 101 99 94 86 78 67 57 53 57 64 72 80 88 93 92 89 87 87 91 97
85 87 89 88 86 88 94 96 90 87 88 91 91 90 89 91 92 91 91 92 93 93 94 95 95 94 93 92 92 92 92 92 94 97 99 99 98 97 98 96 89 79 69 64 69 78 87 94 98 102 105 108 112 110 101 94 94 97 95 92 89 85 86 91 91 85 79 77 80 81 81 86 94 102 107 108 104 100 97 89 79 66 54 53 61 68 74 80 88 95 96 93 89 88 91 96
86 89 93 95 92 89 90 94 93 89 88 89 91 91 88 88 91 93 93 92 91 90 90 92 93 93 93 93 93 92 92 93 96 98 97 94 95 98 98 95 88 79 70 66 71 77 84 93 97 99 101 106 113 113 107 98 93 95 95 94 92 87 86 91 90 82 79 82 85 83 81 83 89 93 96 99 99 98 99 94 84 69 57 59 65 69 74 81 89 95 97 95 91 90 91 96
