data/real/Dogrib_v624/conserv_mass/windninja_90_30_100m_ang.asc
NCOLS 357 
NROWS 223 
XLLCORNER 457900 
YLLCORNER 5716800 
CELLSIZE 100 
NODATA_value -3.4e+38 
[rows 0 to 52 of 223, columns 0 to 95 of 357]
94.000000000000000 98 103 107 107 102 88 75 71 75 82 92 107 119 125 126 123 114 100 83 74 72 68 65 67 74 93 121 142 146 134 129 128 124 117 109 103 103 105 106 110 115 117 115 108 102 100 102 103 104 109 113 103 64 41 36 36 39 48 59 68 78 88 97 100 96 90 83 81 78 64 52 51 56 64 74 90 108 113 104 94 91 103 125 140 146 143 135 131 133 136 135 134 131 127 124
91 93 97 101 102 99 90 81 80 83 88 95 101 109 116 119 118 111 99 85 78 75 73 73 78 88 103 117 138 143 131 125 123 120 116 110 103 100 100 101 102 105 109 113 113 109 103 101 99 99 100 101 89 53 40 42 44 51 62 70 76 82 86 89 90 89 84 79 75 67 56 54 57 61 66 72 81 94 106 104 99 104 117 128 138 142 141 137 133 134 135 132 128 127 125 123
88 87 87 88 90 92 93 93 93 93 94 95 95 96 99 103 104 101 95 90 86 85 87 93 98 103 106 110 123 133 123 116 113 111 111 111 105 97 93 91 90 92 98 106 114 115 110 104 98 94 89 81 58 32 43 55 65 76 83 86 86 85 83 79 77 77 75 72 67 56 52 62 69 70 70 71 74 79 90 104 113 119 124 130 135 136 137 135 130 127 127 123 120 121 123 122
88 86 82 81 82 85 91 97 97 96 94 93 91 91 91 91 92 93 95 96 97 99 101 102 104 104 102 103 112 121 113 108 106 104 104 107 108 101 93 88 86 87 91 97 104 109 111 108 104 98 89 77 54 34 55 71 82 88 90 89 86 84 80 74 71 71 68 66 65 60 61 68 72 75 75 74 74 76 85 102 117 123 122 123 126 126 126 121 112 106 108 114 118 121 122 121
88 86 83 81 80 82 87 93 96 95 93 91 91 90 89 89 90 94 99 102 104 104 103 102 100 99 97 97 103 109 106 103 101 101 100 102 106 106 99 92 87 86 85 87 91 98 104 107 105 101 93 82 62 48 74 89 94 94 90 86 83 81 78 72 67 64 63 67 73 75 76 75 74 74 77 78 77 79 87 96 111 117 112 110 110 106 101 97 95 96 102 113 120 121 120 119
88 87 84 83 82 82 84 88 92 93 92 91 91 91 91 92 94 97 101 103 104 102 99 97 96 95 94 93 98 103 102 101 100 99 98 99 102 105 104 99 93 88 84 82 83 87 95 102 103 99 93 85 67 66 90 98 98 93 87 82 80 78 75 70 65 62 66 75 87 95 96 90 80 76 77 79 81 83 86 90 99 105 102 99 95 91 88 90 94 98 107 115 119 118 118 119
89 88 86 84 83 82 83 85 88 91 92 92 92 92 93 94 97 100 103 104 102 99 96 95 94 92 90 90 95 102 100 99 100 99 98 98 98 101 104 103 99 93 88 84 82 84 89 95 97 93 86 74 61 80 99 101 96 88 82 79 77 75 72 67 64 65 72 83 95 105 110 106 95 84 79 80 83 83 82 84 90 97 94 89 86 86 87 91 95 102 110 114 111 111 117 119
89 89 87 85 84 83 82 83 85 89 92 93 93 93 94 95 99 103 107 108 105 100 95 92 90 89 88 88 93 101 100 98 99 99 98 97 97 98 101 103 102 98 93 89 86 85 86 87 89 85 74 59 61 85 97 95 89 83 79 77 75 74 74 71 66 68 74 85 97 109 117 116 108 96 85 82 82 82 80 80 84 89 87 83 81 86 92 95 100 106 110 108 100 105 116 121
90 90 88 87 85 83 82 82 84 87 90 93 93 93 94 96 100 105 109 110 109 104 97 91 87 86 85 85 90 100 101 98 98 98 97 96 96 96 97 99 101 100 96 93 91 88 85 82 80 72 58 55 68 82 87 85 83 80 78 77 76 77 81 82 77 71 73 82 95 108 118 121 117 108 94 85 81 81 79 78 79 84 85 82 81 86 94 100 104 106 105 98 96 104 115 122
91 91 90 88 85 83 82 82 84 86 88 91 93 94 94 97 101 103 104 106 109 109 103 96 89 84 82 83 88 99 103 99 97 96 96 94 94 95 96 96 98 99 97 95 92 89 84 80 72 55 45 55 68 74 76 78 80 79 78 77 78 81 85 91 94 86 75 78 88 103 115 122 122 115 103 91 83 80 78 76 77 82 87 87 90 95 97 101 105 103 98 92 97 105 112 120
91 91 90 87 83 82 84 84 85 86 87 89 91 93 94 96 98 98 96 98 107 114 113 106 97 88 82 81 86 97 103 99 96 95 95 94 93 93 94 95 96 97 96 94 92 88 84 78 66 44 40 53 61 65 68 70 73 75 76 77 79 81 85 90 98 102 87 78 83 94 109 120 124 119 107 96 88 84 79 76 78 85 95 103 110 111 107 102 101 100 96 95 99 102 106 112
90 90 89 85 82 83 85 85 85 86 86 87 88 90 92 93 93 91 89 93 104 117 123 118 109 96 85 81 83 93 101 97 95 94 94 94 93 93 93 93 94 96 95 93 91 88 84 77 60 40 41 55 60 62 65 66 68 71 73 75 77 80 83 87 93 103 101 84 81 88 103 116 123 122 109 96 90 89 85 80 85 93 102 111 118 121 117 107 101 98 99 100 98 93 91 98
90 89 87 83 83 85 86 85 85 85 85 85 86 87 89 88 86 86 87 93 102 117 129 128 118 106 92 83 82 88 97 96 94 94 94 93 93 93 92 91 92 95 95 92 90 88 83 74 56 39 46 61 67 69 69 69 69 70 71 73 75 77 79 82 86 94 102 91 81 85 97 109 118 121 112 97 89 90 91 90 95 99 103 108 112 116 118 114 107 102 101 100 96 88 82 84
90 89 84 82 84 86 86 85 84 84 84 84 84 85 85 85 85 87 91 95 100 113 128 132 125 115 102 88 83 82 90 93 92 93 94 94 93 92 91 89 89 92 95 93 90 87 82 73 54 40 52 67 75 77 77 76 74 73 73 73 74 74 74 75 78 84 92 92 85 86 93 102 110 117 114 101 92 91 93 97 100 100 98 96 97 103 110 114 113 108 102 98 96 93 86 81
89 87 82 82 85 87 86 85 84 83 83 83 83 83 84 85 86 90 94 96 98 105 120 129 129 122 112 97 86 79 80 87 89 92 95 95 94 92 90 89 87 88 92 94 92 88 82 72 52 44 60 73 78 80 81 81 79 77 76 75 74 73 71 70 72 76 82 88 88 88 91 97 104 111 113 106 99 97 98 98 97 94 90 88 89 94 100 107 110 108 101 98 98 99 95 86
87 84 80 83 87 87 86 85 84 83 83 83 83 83 83 85 87 90 94 97 96 98 108 121 128 127 119 105 89 79 75 82 87 90 94 96 95 92 90 88 87 86 88 92 93 90 84 73 53 53 70 78 81 83 85 85 82 79 78 78 77 75 73 71 72 74 79 84 87 88 90 93 99 106 111 110 108 108 105 96 87 81 80 82 85 89 91 94 98 100 99 99 98 97 96 91
86 81 77 84 88 88 87 86 85 84 84 83 83 83 84 85 86 88 91 94 93 92 100 114 125 128 122 109 94 82 75 79 86 89 91 95 95 93 90 89 88 85 84 86 90 92 87 75 58 62 73 78 83 87 91 92 89 84 82 81 79 78 77 77 78 80 82 85 87 87 88 90 94 101 109 113 115 114 108 94 80 72 68 70 76 82 85 86 87 94 100 97 89 87 89 89
82 77 77 84 88 89 90 89 87 85 84 83 82 82 84 85 86 87 88 89 89 89 96 110 122 126 120 111 99 86 79 81 87 89 90 93 94 93 92 91 90 87 84 83 85 88 88 78 63 63 70 77 83 89 94 98 99 94 89 86 84 82 83 84 86 86 87 88 89 89 89 89 91 96 106 113 114 111 104 93 81 71 63 59 64 73 79 82 87 94 97 86 75 77 82 84
78 75 80 86 88 90 91 90 88 86 84 82 82 82 83 84 86 86 86 87 88 91 95 104 116 122 117 109 101 91 85 86 89 90 90 91 93 94 94 93 92 89 87 84 83 84 84 79 62 62 72 79 83 87 90 95 101 101 97 92 89 88 89 91 91 91 91 91 93 94 93 90 88 93 102 107 105 99 96 91 83 74 63 57 60 66 75 82 90 92 86 72 68 76 82 82
78 79 84 88 89 90 90 90 88 86 84 82 82 82 83 83 84 85 86 87 89 93 94 96 104 113 113 107 101 95 92 91 91 91 90 90 92 95 97 96 94 91 89 87 86 84 82 74 58 69 81 86 87 87 88 91 95 99 98 96 93 92 92 92 92 92 93 94 96 97 95 91 89 91 95 97 96 90 86 83 78 71 62 60 60 63 73 86 90 84 74 67 70 80 84 83
89 87 87 88 89 88 88 89 89 87 85 83 82 82 82 82 82 83 85 86 89 91 91 89 92 101 107 106 102 98 97 96 93 91 91 90 92 96 99 98 96 94 91 90 88 86 82 71 61 81 91 94 94 92 91 91 92 93 93 93 92 91 91 91 92 94 95 96 98 98 96 93 92 91 88 86 90 86 77 69 66 63 60 62 60 62 72 85 86 75 69 69 74 83 90 95
96 94 89 87 87 87 87 88 89 89 87 84 82 81 81 81 81 82 84 86 86 86 85 83 86 93 101 106 105 101 99 98 96 93 92 92 92 96 100 102 100 96 94 92 90 87 83 73 72 90 96 98 98 97 95 94 92 90 89 87 87 87 89 91 93 95 96 98 99 97 95 94 93 90 84 79 80 81 72 52 49 56 60 63 62 64 72 80 80 73 71 76 86 96 105 112
98 99 93 86 85 86 87 88 89 90 88 85 83 81 80 81 81 81 83 84 84 83 80 81 84 89 97 104 105 101 98 97 97 96 94 93 93 95 100 104 104 100 97 94 92 88 84 77 83 95 98 99 99 99 97 94 91 89 88 86 85 87 90 92 94 96 98 99 99 96 94 94 92 89 83 77 73 71 58 32 41 53 59 64 64 67 71 76 80 76 79 90 103 109 111 112
98 102 98 88 85 86 88 88 89 89 88 85 83 81 80 81 81 81 82 83 83 81 80 82 85 88 93 97 99 97 95 95 96 96 95 94 95 97 100 104 108 105 100 96 94 90 86 83 92 98 99 98 98 97 95 91 88 89 90 89 90 92 94 95 96 97 98 99 98 95 94 92 89 87 84 79 72 61 37 23 42 55 60 65 66 66 69 73 80 82 90 100 106 108 101 93
98 104 105 93 87 86 88 89 88 87 86 84 83 81 81 81 81 81 82 82 82 82 82 83 86 88 89 87 87 90 92 93 93 94 95 96 98 100 102 105 109 110 104 98 95 93 91 92 97 99 98 97 95 93 90 88 89 91 93 95 98 99 98 97 97 98 98 97 95 94 93 90 86 86 85 79 70 53 23 23 46 60 67 71 73 71 70 73 77 85 94 100 98 92 85 83
97 105 113 100 90 87 88 89 88 86 84 84 83 83 82 81 81 81 82 81 81 82 83 84 85 85 83 79 80 85 89 90 91 92 95 98 101 103 105 106 108 111 109 102 97 96 97 99 99 98 96 94 92 90 90 92 93 95 97 101 102 102 100 99 98 98 97 95 92 91 92 89 85 86 85 79 66 43 19 28 50 64 72 77 81 84 83 78 76 78 85 90 87 84 81 84
96 103 118 107 95 88 87 87 86 83 83 84 85 85 83 82 81 81 81 81 80 81 84 85 83 81 78 77 80 84 86 87 88 91 94 98 102 105 107 107 107 109 110 107 100 98 99 102 99 97 94 93 93 95 96 97 97 97 98 100 101 101 100 99 98 97 96 93 89 87 87 86 84 86 85 78 60 34 22 37 58 68 74 80 86 95 99 90 78 71 70 76 82 84 88 92
94 100 118 112 101 92 88 85 81 79 82 85 86 86 85 83 81 81 81 81 81 81 83 84 83 80 79 81 83 84 84 84 86 88 92 96 101 106 109 109 107 106 107 108 105 100 100 103 99 96 95 96 98 100 101 100 99 99 99 99 99 99 99 98 97 96 94 91 88 85 83 80 78 84 84 74 51 30 30 50 67 75 82 88 96 103 105 99 84 71 65 67 76 86 93 97
92 97 113 113 104 97 90 83 75 77 82 85 86 86 86 84 83 81 81 81 82 82 83 84 84 83 83 85 86 87 87 87 87 88 89 92 98 105 109 109 106 104 103 105 105 102 102 107 102 98 99 100 100 101 101 101 101 101 100 99 98 98 98 98 96 95 93 90 86 83 79 73 68 80 80 67 38 31 44 63 75 82 89 99 107 106 103 95 87 78 70 68 72 82 90 91
91 94 104 108 104 98 90 81 76 81 83 83 85 86 86 86 84 83 81 81 83 84 84 84 86 87 87 88 89 91 92 92 91 90 90 90 93 99 105 106 104 101 100 100 101 102 105 111 109 102 100 100 100 100 101 102 103 102 101 100 99 98 98 97 95 94 92 88 84 80 75 65 61 78 76 54 31 38 57 73 84 91 98 107 111 107 95 85 82 80 76 72 72 76 81 80
89 89 93 99 98 93 86 80 83 90 89 86 86 87 87 87 86 84 83 82 83 85 85 85 86 88 89 90 93 95 97 98 97 94 91 90 90 92 96 99 98 96 96 97 98 101 105 112 113 105 100 100 100 100 101 103 104 103 102 100 99 98 98 96 95 93 91 86 81 76 69 57 59 74 68 42 35 50 66 79 90 99 106 108 108 103 91 79 71 73 74 75 72 71 73 70
86 84 83 87 88 84 80 80 87 94 95 93 91 90 89 89 88 86 85 84 84 85 87 87 86 88 90 92 94 97 99 101 101 97 93 91 90 89 88 89 91 92 93 95 97 100 104 111 115 107 101 100 100 100 101 102 104 104 103 102 101 99 97 95 95 94 90 84 77 70 62 51 58 67 57 46 53 67 78 87 95 103 107 106 102 98 89 71 65 71 74 74 71 69 69 66
85 83 77 77 80 79 78 83 89 94 96 97 96 94 92 91 89 88 87 87 86 86 87 87 87 88 91 93 94 95 97 100 103 102 97 93 90 85 82 81 85 89 91 93 95 98 102 109 115 108 102 101 101 100 100 101 103 104 104 103 102 99 97 96 95 93 89 82 74 65 55 48 55 58 55 59 73 85 92 96 101 106 107 102 95 89 74 60 65 73 77 74 68 65 65 69
86 82 75 73 77 78 81 86 91 93 94 96 98 97 94 92 91 90 90 89 88 88 87 86 87 88 91 92 92 92 94 98 102 106 103 96 89 82 77 78 81 87 90 92 94 96 101 108 116 110 103 102 101 100 99 100 102 104 104 103 101 100 99 98 95 92 86 79 70 61 51 47 53 59 65 73 81 91 99 103 107 109 106 98 87 73 48 50 70 77 79 76 69 63 65 73
86 82 75 76 80 82 86 89 91 93 94 95 97 96 94 92 91 91 92 91 90 89 87 86 87 88 90 91 90 90 92 95 99 104 105 97 87 80 77 78 80 84 88 92 94 97 100 107 115 112 104 102 101 100 99 99 101 103 103 102 101 101 101 98 94 89 82 74 65 57 51 50 58 69 79 86 90 95 102 109 111 109 104 95 81 61 39 49 75 81 81 79 76 70 71 78
85 82 79 82 86 88 90 91 92 93 95 95 94 93 92 90 90 92 93 94 92 90 88 87 87 89 90 90 89 90 92 93 94 97 99 94 86 80 78 79 81 85 89 93 96 98 101 106 114 113 105 102 101 100 99 98 99 102 102 101 100 100 100 97 92 84 75 66 59 55 55 59 68 78 87 96 100 102 107 112 112 107 100 91 76 52 42 55 78 85 85 85 85 85 84 83
86 85 86 90 93 94 95 94 93 93 93 93 91 90 89 88 89 92 95 96 94 92 90 89 90 91 90 89 89 90 91 90 87 86 87 87 84 81 79 81 84 89 93 95 97 99 101 105 112 113 106 102 101 101 99 98 98 100 100 100 100 99 98 95 88 77 66 59 57 59 63 70 77 83 90 99 108 112 113 112 109 103 94 82 59 40 48 63 78 86 90 92 95 97 92 84
89 90 93 96 98 100 99 96 93 91 90 89 88 88 87 87 89 93 97 99 97 94 93 93 94 93 90 88 89 90 87 84 80 78 78 80 81 81 82 85 90 93 95 97 98 98 100 103 110 112 106 102 101 101 100 99 98 98 98 99 98 97 96 91 80 66 60 59 62 67 73 78 84 88 93 102 114 118 115 109 104 98 87 71 42 31 55 70 79 87 94 98 102 103 95 81
91 92 95 99 101 102 101 97 93 89 88 87 86 86 87 88 91 95 97 99 98 96 96 97 96 93 89 87 87 86 83 80 77 75 75 77 81 84 88 91 94 95 96 97 98 98 99 102 109 113 106 102 101 100 100 99 98 97 97 97 96 95 92 83 67 58 60 64 69 75 79 84 89 93 98 105 114 118 113 104 97 91 80 63 36 36 65 76 83 89 94 101 104 102 93 79
90 91 93 96 100 100 99 96 93 91 89 88 88 88 88 89 93 95 97 99 99 97 97 97 94 89 86 84 83 82 80 79 77 76 76 80 85 90 93 96 96 96 96 97 97 98 99 101 108 113 107 102 100 100 99 99 98 97 96 95 95 93 85 70 59 60 67 72 76 80 84 88 93 97 102 106 110 113 108 98 90 83 72 53 35 49 72 83 88 92 96 105 105 97 84 82
89 88 88 90 93 94 94 94 95 95 94 93 92 91 90 91 93 94 97 100 101 99 96 93 88 83 81 81 81 80 80 79 78 78 81 86 91 94 97 97 97 96 97 97 97 98 98 100 105 112 109 102 99 99 99 98 98 97 96 95 94 88 74 63 64 73 78 81 82 85 88 91 95 99 102 103 103 103 101 94 85 76 62 40 38 58 75 86 94 98 104 108 105 90 81 86
88 86 85 84 84 86 89 93 96 98 97 96 96 94 92 92 92 93 95 99 101 98 94 89 82 77 77 79 80 82 81 80 81 83 87 92 95 97 97 97 96 96 97 97 98 97 97 99 104 111 110 102 99 99 99 98 97 97 96 94 89 79 70 71 79 85 87 87 88 89 90 92 95 98 100 100 98 98 95 88 80 71 51 30 42 64 78 90 100 107 109 108 101 85 86 89
88 86 83 80 79 82 87 91 93 95 96 96 97 95 93 92 91 91 93 96 98 96 91 84 77 76 77 79 81 83 83 83 85 89 93 95 96 96 96 95 95 96 97 97 97 97 97 98 102 109 111 104 99 98 98 97 97 97 95 90 82 75 77 84 89 91 92 92 91 91 92 94 96 97 98 96 95 94 91 83 76 65 37 29 51 73 87 99 107 110 105 100 86 79 88 88
87 85 82 79 79 82 86 88 88 89 93 95 95 94 92 91 90 91 92 93 93 91 86 80 77 77 79 81 82 83 85 87 90 93 95 95 94 94 95 96 95 96 96 97 97 97 97 97 100 107 112 106 99 97 97 97 97 95 91 84 80 82 87 90 93 94 95 94 93 93 93 95 96 97 97 94 91 88 85 80 72 55 30 38 64 84 100 106 108 105 96 84 64 68 83 84
88 86 84 81 80 82 85 86 85 87 90 93 94 93 92 91 91 92 92 90 87 85 82 80 79 80 81 82 82 83 86 90 93 94 93 92 92 94 96 97 96 95 96 96 96 96 96 97 98 104 111 107 99 97 97 97 95 91 87 85 86 90 91 92 94 95 96 95 95 94 94 95 96 97 96 94 88 81 76 72 63 45 37 57 79 96 106 107 103 96 86 71 58 63 77 78
91 91 89 86 84 83 83 84 85 86 89 91 93 94 94 93 93 92 89 84 80 79 79 79 81 82 83 84 83 84 86 90 92 91 90 91 94 96 97 97 96 95 94 95 95 95 95 96 98 102 109 106 100 97 97 96 93 89 88 90 91 91 92 93 95 95 96 96 96 96 95 95 96 97 95 92 86 77 69 57 45 45 56 78 96 104 104 98 91 87 79 68 59 63 72 74
94 95 94 93 91 87 84 83 84 86 88 90 92 95 97 97 94 91 86 80 77 75 75 77 80 84 85 85 85 85 85 87 88 89 90 93 95 96 96 96 96 94 93 93 93 94 94 96 97 101 106 105 100 97 97 95 92 91 92 92 92 91 92 94 95 95 96 96 96 96 95 95 96 96 94 90 85 77 64 44 38 55 78 99 107 103 95 80 76 77 74 68 64 66 71 73
93 96 99 99 98 95 89 85 84 86 87 87 89 93 97 97 94 88 84 80 77 75 73 74 78 83 85 86 86 86 85 84 85 88 91 93 94 95 95 95 94 93 92 92 92 93 94 95 96 99 105 105 100 97 96 93 93 94 93 92 92 92 93 94 95 95 96 96 97 96 96 95 95 95 92 86 80 70 52 40 47 74 95 106 106 95 78 66 65 69 71 74 77 77 76 76
91 94 99 103 103 101 97 91 87 85 84 84 87 91 94 95 92 87 84 82 80 77 75 75 77 81 84 86 86 86 85 84 85 89 92 92 93 93 93 93 93 92 91 91 91 92 93 94 94 97 103 105 100 96 94 94 95 95 94 92 92 93 93 94 95 96 96 96 96 96 96 95 95 94 90 83 73 55 38 44 69 92 100 100 91 78 67 62 64 69 75 83 92 99 92 83
90 92 97 103 106 104 101 97 92 86 83 82 84 88 91 92 90 88 85 82 81 78 76 76 78 80 83 86 87 87 86 86 87 88 90 91 90 90 90 91 91 91 91 90 90 91 92 92 93 95 101 104 100 95 94 95 97 96 94 93 93 93 94 94 95 96 96 96 96 96 96 95 94 92 89 81 68 39 34 60 85 96 95 84 68 62 62 63 67 75 83 91 101 114 109 93
90 91 94 99 104 104 102 100 97 92 86 82 82 85 88 89 89 87 85 83 81 79 77 79 81 82 83 85 86 87 88 88 89 88 89 89 89 88 88 88 89 91 90 89 90 90 90 90 91 93 99 103 99 96 95 96 96 96 95 95 94 93 94 95 95 96 96 96 96 96 96 95 92 89 86 79 61 32 42 77 90 90 79 61 54 55 59 62 69 79 89 97 104 117 118 102
91 91 92 95 99 103 102 101 101 98 92 86 83 84 86 87 87 85 84 83 82 79 80 83 85 84 83 84 86 87 87 89 89 89 88 88 87 86 85 85 87 89 89 88 89 89 88 89 89 91 97 103 102 98 96 95 95 96 97 96 95 94 94 95 95 95 96 97 97 97 97 95 91 86 81 71 49 32 60 85 88 78 58 50 52 59 62 63 69 79 90 99 105 112 119 108
91 92 92 93 95 100 101 100 101 101 98 92 87 85 86 87 86 83 81 81 81 81 84 87 88 86 84 84 85 86 87 88 89 89 89 87 86 84 83 84 85 86 87 88 88 88 88 88 87 88 93 102 105 101 95 93 94 96 97 98 96 95 95 95 96 96 96 97 97 97 97 96 92 85 75 61 40 37 72 83 77 60 49 49 58 69 75 72 71 77 87 96 101 105 114 111
