data/real/Dogrib_v624/conserv_mass/windninja_360_30_100m_ang.asc
NCOLS 357 
NROWS 223 
XLLCORNER 457900 
YLLCORNER 5716800 
CELLSIZE 100 
NODATA_value -3.4e+38 
[rows 102 to 152 of 223, columns 96 to 191 of 357]
352 346 347 349 351 351 345 341 4 38 52 71 85 90 89 89 93 99 106 111 114 113 106 94 80 64 49 37 27 18 12 10 10 11 11 10 9 9 10 10 10 10 8 6 5 3 1 2 3 3 2 359 358 359 359 357 354 354 353 350 350 353 358 2 5 9 10 6 2 359 358 356 356 356 355 355 356 359 4 7 5 1 1 2 358 352 349 348 349 349 348 351 358 5 8 9
342 338 338 344 352 356 1 16 32 62 80 91 101 105 105 104 104 104 105 107 112 117 109 87 63 44 28 20 15 9 3 1 2 4 5 6 6 6 6 8 9 8 6 3 2 1 360 359 0 1 1 359 356 356 357 357 354 350 349 350 353 357 1 3 4 8 14 11 2 357 355 355 355 355 355 355 356 358 4 9 7 3 1 360 356 353 350 347 346 346 349 356 5 8 8 7
333 330 332 344 4 26 44 57 79 96 100 102 104 105 107 109 110 106 98 91 90 90 74 48 33 19 10 7 5 1 355 354 355 357 360 1 2 3 4 6 6 5 3 1 0 0 359 358 357 358 360 360 356 353 354 355 353 349 348 352 356 360 3 3 2 6 13 14 5 356 354 354 354 354 354 355 356 357 3 10 10 5 1 358 355 354 352 347 344 346 354 1 5 4 2 0
324 327 330 344 70 89 90 93 105 114 115 110 104 98 93 93 98 97 77 56 51 39 17 10 7 1 358 357 356 354 351 350 350 352 355 357 359 1 3 3 3 2 1 360 360 0 359 357 355 356 358 358 355 351 350 351 352 351 352 354 357 0 2 2 1 4 11 15 11 0 355 354 353 353 352 353 354 356 1 10 13 8 1 356 354 355 354 351 347 348 353 358 360 360 357 352
333 345 18 123 134 124 112 107 108 113 116 110 100 85 66 57 56 54 34 25 30 30 16 0 351 348 351 352 350 350 350 350 350 349 350 353 356 359 0 360 359 360 359 358 358 359 359 357 355 354 355 355 354 351 349 349 352 353 355 356 358 360 0 0 1 3 8 14 14 7 357 354 354 352 351 351 352 355 360 9 15 11 1 356 354 355 356 356 352 349 349 351 353 353 351 347
358 14 48 85 112 122 119 112 101 98 103 103 89 59 34 29 31 31 16 7 21 35 28 356 337 337 342 345 346 346 348 350 349 347 347 349 353 356 358 357 357 358 358 357 356 356 357 357 356 354 353 353 352 351 350 350 352 354 355 357 359 359 359 360 2 4 6 11 15 13 3 355 353 353 351 350 350 353 357 5 13 13 4 356 354 356 359 0 356 351 347 345 345 345 344 343
17 28 46 65 79 92 101 100 88 77 69 64 49 25 2 1 14 23 17 2 13 28 28 358 339 334 337 339 340 341 343 346 347 346 346 348 351 355 355 355 355 355 355 354 353 353 354 356 357 356 354 352 351 351 352 353 353 354 356 358 358 359 359 360 1 3 5 9 15 17 9 358 353 353 351 349 349 351 354 360 9 13 9 358 355 358 2 3 358 353 349 345 342 339 338 341
23 30 35 40 46 54 64 72 70 54 38 27 21 9 344 340 356 16 20 4 2 17 21 10 356 344 338 335 335 336 339 342 345 345 345 348 352 353 353 354 353 352 351 352 352 352 351 353 355 356 355 352 351 353 355 355 355 355 356 358 358 358 358 360 1 3 4 8 13 17 14 3 355 352 350 348 347 349 352 356 3 11 12 4 358 359 1 1 359 355 351 347 344 339 337 342
19 24 26 27 28 30 37 44 42 27 13 9 8 1 348 338 343 6 19 13 357 4 16 16 10 4 344 332 332 334 337 340 342 342 345 350 353 352 351 351 351 350 350 351 352 351 350 351 353 354 354 353 354 356 357 358 357 356 356 358 357 357 358 359 1 3 4 7 10 15 16 9 358 351 349 347 346 346 350 354 359 7 12 10 2 358 357 356 357 356 352 349 346 343 342 346
13 17 19 22 23 20 22 28 30 20 6 358 353 351 351 350 346 355 14 17 4 357 10 15 13 12 360 337 333 336 339 340 340 343 349 353 352 349 349 349 348 348 350 352 352 351 350 350 350 350 352 353 356 357 358 359 358 357 357 358 358 357 357 359 2 4 5 5 8 12 16 13 2 352 349 348 346 345 347 352 357 2 11 14 7 358 351 349 351 353 352 349 347 348 349 351
7 9 11 15 19 19 14 19 25 23 9 356 347 345 351 360 358 355 6 16 11 1 5 11 9 7 3 350 340 339 341 341 343 348 355 354 348 346 347 347 347 348 350 351 352 352 351 350 348 348 350 353 356 357 358 358 359 359 359 358 358 358 357 359 2 5 5 4 6 10 13 13 6 355 350 350 348 346 348 351 354 358 7 14 11 360 350 345 345 348 350 349 348 351 355 355
3 3 4 8 13 16 15 14 20 22 11 357 349 348 355 2 0 360 6 13 13 7 6 10 5 357 358 356 346 341 342 344 348 355 356 350 345 345 346 347 348 350 351 351 352 352 352 351 349 348 349 352 355 356 357 358 358 359 359 359 359 358 358 359 3 5 4 4 4 6 8 9 6 359 353 351 350 350 351 352 352 355 2 10 12 4 354 347 343 343 346 348 349 352 356 357
2 1 2 3 6 11 13 12 14 16 13 1 354 356 2 359 354 356 5 14 17 12 8 10 4 354 352 351 347 344 344 347 354 357 352 345 345 346 347 349 351 352 352 352 352 353 353 352 350 349 349 350 352 355 357 358 358 359 359 359 358 358 358 0 2 3 3 2 2 2 2 4 7 5 358 352 351 353 353 351 350 353 358 5 10 8 360 351 346 342 342 345 347 349 353 356
3 3 3 2 2 4 6 6 5 8 10 7 4 4 5 0 352 349 357 13 21 15 8 9 6 357 349 344 345 348 348 351 356 354 347 342 345 348 349 350 352 353 353 354 354 354 354 353 352 351 350 349 350 353 355 357 359 360 359 358 357 357 358 360 360 0 1 1 359 358 359 3 9 11 3 355 352 352 351 349 349 352 356 0 7 11 7 357 352 348 345 345 346 347 348 351
4 5 4 3 2 0 358 356 356 360 6 10 13 14 10 6 360 350 348 5 19 20 10 8 8 1 346 339 345 351 351 353 354 350 344 343 346 349 350 351 351 353 354 355 356 357 357 356 354 353 351 350 349 351 353 356 359 360 359 358 357 356 357 357 357 358 0 0 358 356 358 4 10 13 7 358 354 351 348 347 348 350 353 357 4 11 12 4 356 353 350 350 351 351 350 349
4 3 3 4 2 358 353 347 347 353 2 11 18 21 19 14 8 0 352 358 16 21 15 9 7 1 348 342 347 353 353 352 350 346 346 348 350 351 351 351 352 353 354 355 357 358 358 358 356 355 353 352 352 351 352 355 358 359 359 358 357 356 355 355 355 358 360 359 357 357 0 5 9 12 9 1 355 352 349 346 346 348 350 354 360 8 14 11 1 354 352 351 352 353 353 351
3 2 2 4 3 357 348 342 345 355 3 10 19 24 24 20 11 4 3 6 11 15 13 6 1 359 357 353 353 355 353 350 348 348 350 354 355 353 352 353 353 354 354 354 355 356 358 358 358 357 356 356 355 354 353 354 356 358 359 359 358 357 355 354 355 356 358 357 357 359 3 7 9 11 9 3 357 354 350 346 344 346 349 352 356 3 12 15 8 358 354 353 353 354 353 350
1 1 2 4 3 356 345 342 351 1 7 14 23 28 26 18 7 1 2 4 4 4 3 0 359 0 6 9 3 356 352 350 351 353 355 357 357 355 354 355 356 356 355 354 353 353 355 357 358 358 358 358 358 357 356 356 356 357 358 359 359 357 356 355 354 355 355 357 358 1 6 9 9 10 9 3 358 355 351 346 343 344 348 350 353 359 7 14 13 6 360 358 357 354 352 352
354 357 359 360 358 354 348 350 359 7 16 28 32 29 20 7 360 358 358 358 357 356 356 358 360 4 15 20 14 359 353 353 354 356 357 357 357 357 357 357 357 357 356 355 353 352 352 354 357 359 360 360 359 358 358 358 358 357 358 358 358 358 357 355 354 353 354 357 0 4 8 9 9 10 8 2 357 354 350 346 344 344 346 349 352 356 1 9 15 13 7 2 359 354 353 356
345 351 354 353 351 350 353 2 10 19 29 31 25 18 6 355 353 355 355 354 354 352 352 358 5 10 19 25 19 5 358 358 358 358 358 358 358 359 360 359 358 358 357 357 356 355 353 353 355 357 359 360 360 359 359 359 359 358 358 357 358 358 357 356 354 353 353 357 3 8 8 6 7 8 8 3 356 352 350 348 345 344 345 347 350 353 357 4 14 18 13 5 359 355 356 358
334 342 347 346 344 348 1 17 24 26 22 16 12 8 358 349 349 354 355 355 353 351 353 360 7 13 19 24 20 11 4 3 2 2 2 2 2 1 0 1 0 359 357 357 358 358 357 355 354 355 357 358 359 360 360 359 359 359 358 358 357 357 357 356 355 354 354 358 5 8 6 3 3 5 7 5 358 353 351 349 347 344 344 345 347 350 354 1 10 18 17 9 2 358 357 355
329 335 338 339 341 351 13 28 29 21 12 7 5 3 354 347 349 353 355 355 351 350 357 1 6 14 17 20 21 16 9 6 4 4 4 5 5 4 2 1 1 0 359 358 358 359 359 357 356 356 356 357 358 360 0 360 359 358 358 358 358 357 357 356 355 355 355 359 3 4 4 2 1 1 5 7 3 356 353 351 348 345 343 343 345 348 352 358 5 12 16 14 6 0 357 353
331 333 333 335 342 360 20 25 20 13 7 2 360 358 354 350 348 348 350 351 351 357 3 1 2 7 11 17 23 20 12 7 6 6 6 6 7 7 5 2 1 2 1 360 359 359 358 358 358 358 358 358 358 359 360 359 359 358 358 358 358 357 356 356 355 355 356 358 359 0 1 2 360 359 3 9 10 3 355 351 349 345 342 341 344 347 350 355 359 5 12 16 12 3 358 356
330 332 334 338 348 2 10 10 8 6 4 0 356 353 354 355 350 343 343 347 357 10 8 358 354 357 4 17 26 25 16 10 9 10 9 7 7 9 8 4 2 2 2 1 0 359 358 358 358 359 359 359 358 359 359 359 359 358 358 358 358 357 356 355 355 355 355 355 356 357 359 360 360 360 3 10 15 11 359 351 349 346 342 341 342 345 348 351 355 360 6 13 15 10 3 0
327 330 334 342 351 357 358 359 0 1 1 359 355 351 352 357 358 351 344 349 3 12 9 357 346 350 1 16 29 29 20 13 13 14 12 10 9 9 9 6 3 2 2 2 1 0 359 359 359 359 359 359 359 359 359 359 359 359 358 358 357 357 356 355 354 355 355 354 355 356 357 358 360 2 4 10 16 15 5 353 349 347 345 343 342 343 346 348 352 356 0 6 14 16 12 6
326 329 334 340 346 350 353 353 354 356 357 355 353 351 350 356 4 3 352 351 1 7 8 359 349 350 0 14 30 33 23 15 17 17 16 13 11 9 8 7 5 3 2 2 1 360 360 360 359 359 359 359 360 360 359 359 359 359 358 357 356 356 356 355 355 355 355 355 355 355 355 357 0 3 7 12 15 15 7 355 350 349 348 345 342 342 344 346 349 352 356 2 11 18 18 12
327 329 333 336 340 344 347 349 350 350 351 351 352 354 351 354 6 8 360 354 359 6 7 2 355 354 2 16 30 34 26 19 21 22 19 16 13 10 8 7 5 4 2 2 0 360 360 359 359 359 359 359 359 359 359 359 359 358 357 356 355 355 356 356 356 356 356 356 355 355 356 358 0 4 10 13 13 11 6 358 353 351 350 347 344 342 343 344 346 348 353 359 5 12 17 17
328 330 331 333 335 337 339 342 344 344 346 351 358 1 356 355 0 3 1 1 4 7 5 4 1 357 3 16 29 36 33 28 29 29 25 19 13 9 7 6 5 3 2 1 0 359 359 359 359 359 358 358 357 358 359 358 358 357 357 356 356 356 356 356 357 357 356 356 356 356 357 359 1 4 8 9 9 8 6 2 357 353 350 348 346 343 342 343 344 346 350 355 359 4 12 15
328 330 332 333 334 333 333 335 337 339 344 354 2 3 359 358 358 357 360 5 7 4 3 6 7 2 2 12 31 43 46 45 43 36 27 17 10 6 4 3 2 1 0 360 359 359 358 359 360 359 358 356 356 357 357 357 357 357 357 356 356 356 356 356 357 357 357 357 357 358 359 359 1 2 3 3 4 6 9 8 1 354 350 349 346 344 342 342 343 345 347 350 355 360 5 9
328 331 334 335 335 335 334 334 335 339 346 353 357 359 0 1 1 359 358 1 1 359 0 8 14 12 8 15 38 52 56 57 47 29 15 7 4 2 1 359 359 358 358 358 358 358 357 358 359 359 357 356 356 356 356 356 356 356 356 356 356 357 357 357 357 357 357 357 357 359 360 359 359 359 358 358 359 5 13 14 6 356 352 350 348 346 343 342 341 342 345 347 350 356 360 1
328 330 333 335 336 335 335 336 338 342 346 349 353 357 0 4 6 3 356 352 354 355 360 11 20 21 21 27 44 52 52 50 34 9 0 359 360 359 358 357 357 357 356 356 356 356 356 356 356 357 357 357 357 356 356 356 356 355 355 356 356 357 358 358 358 358 357 356 356 357 358 359 358 356 356 356 358 4 12 15 11 3 355 351 350 348 346 343 341 341 342 345 348 351 355 357
326 328 330 333 334 334 333 334 339 341 344 347 350 353 1 7 9 7 357 347 349 355 2 15 26 32 36 40 44 43 41 37 23 1 355 356 358 357 356 356 357 357 356 355 355 355 354 354 354 355 357 358 358 357 356 356 356 356 355 356 357 357 358 358 359 358 356 355 355 355 356 357 356 355 355 357 0 4 9 13 14 11 3 355 351 350 347 344 341 340 341 342 345 347 350 354
325 327 329 330 332 333 333 332 334 337 341 344 346 349 360 8 10 10 3 350 350 357 7 20 35 44 46 44 39 32 27 24 18 5 357 357 356 356 356 357 358 357 355 354 354 354 354 353 353 354 356 358 358 357 355 355 356 356 357 357 357 357 357 358 358 357 356 355 354 354 354 354 354 355 357 0 3 4 5 8 13 15 12 3 355 350 348 344 341 339 339 340 341 343 346 351
324 326 328 329 330 332 334 333 332 333 337 339 342 347 356 6 9 11 8 359 353 0 14 30 44 48 45 37 27 17 10 12 16 14 6 360 357 356 357 358 357 355 353 353 353 354 354 354 353 353 355 357 358 356 355 355 356 356 358 358 358 357 357 356 356 356 356 355 354 354 353 353 354 357 360 2 2 1 2 5 10 14 17 13 2 353 348 345 343 340 338 338 339 340 343 347
324 326 328 328 329 330 333 335 334 333 334 336 340 346 354 2 6 9 12 8 1 7 27 41 45 40 30 19 9 2 1 8 20 25 20 7 358 356 356 356 355 353 352 352 352 354 355 354 353 353 354 355 356 356 357 357 357 357 358 359 358 357 356 355 355 355 356 356 355 354 353 354 356 359 1 1 359 358 360 4 8 12 17 18 11 357 349 347 344 342 340 338 338 339 340 343
324 326 327 328 329 329 331 335 337 337 337 338 340 345 353 359 1 6 12 15 13 21 37 40 31 19 9 3 359 359 3 16 30 35 31 17 0 355 354 353 352 351 351 351 352 353 354 354 354 354 353 353 354 357 359 359 358 357 358 358 358 357 356 355 355 355 356 356 356 355 354 355 358 1 1 358 356 355 359 4 8 11 14 18 16 4 352 348 345 344 343 340 338 338 339 341
326 326 327 328 329 329 328 331 336 339 340 340 341 345 351 356 359 4 12 21 25 27 27 21 11 3 358 358 1 12 30 40 43 40 35 25 3 353 353 352 350 349 350 351 351 351 352 353 354 354 354 353 355 357 359 359 357 357 357 358 358 358 357 357 356 355 355 356 357 356 356 358 360 1 359 356 354 355 359 4 8 11 12 14 16 12 359 350 347 346 345 342 340 339 339 340
328 327 327 328 330 330 330 330 332 337 339 340 342 346 350 353 358 6 19 28 28 21 14 8 3 360 1 13 37 53 56 48 39 33 31 25 8 355 352 350 348 348 349 351 351 351 351 352 354 355 354 354 356 357 357 357 356 356 357 358 358 358 358 358 357 356 355 355 356 357 357 358 359 359 357 354 354 357 1 5 8 10 9 9 14 15 8 355 350 348 346 345 342 340 339 340
332 329 327 328 330 332 333 333 333 335 337 339 342 346 348 351 359 14 33 42 35 18 8 3 5 14 31 50 60 56 44 30 21 20 22 22 12 357 350 346 345 346 349 351 351 351 351 352 353 354 355 355 356 356 356 356 356 357 358 359 360 359 358 358 357 356 354 353 355 358 358 358 357 356 355 355 357 1 4 6 9 10 9 8 10 14 13 4 353 349 347 346 344 342 341 341
336 332 330 329 330 332 335 337 338 338 339 341 343 345 347 353 8 26 36 41 38 25 13 11 22 34 36 35 34 31 27 19 9 9 15 18 12 357 348 345 344 347 350 351 352 352 352 352 353 354 355 355 355 355 355 356 358 360 1 1 0 359 358 357 357 356 354 352 352 355 357 358 356 355 354 356 1 5 6 7 9 11 12 10 8 10 14 11 358 350 347 346 345 346 345 344
340 337 334 331 330 332 335 338 340 341 341 343 344 345 349 359 13 19 19 22 24 26 26 25 21 17 12 11 16 19 20 19 8 359 6 13 11 358 349 346 347 349 350 351 352 352 352 352 352 353 354 354 354 354 355 357 359 1 1 0 360 359 358 357 357 357 356 353 350 349 353 357 356 354 355 359 3 5 6 7 8 9 10 10 8 6 10 12 5 353 347 346 347 348 349 347
345 340 335 332 331 332 335 339 341 342 343 344 345 348 354 1 7 8 7 9 15 20 24 25 20 6 357 356 2 10 14 16 11 359 359 9 11 2 351 348 350 352 351 350 350 351 352 352 352 353 354 354 355 355 357 359 360 360 359 358 358 359 359 359 358 357 357 356 352 347 349 354 355 355 357 0 3 4 5 6 6 6 7 8 8 7 7 10 9 358 349 347 349 350 350 350
351 340 334 332 332 333 336 339 341 343 344 345 347 350 355 359 0 1 1 2 6 12 18 21 22 15 1 351 349 356 3 6 6 4 3 8 12 7 356 351 352 353 351 348 349 351 352 352 353 353 354 354 355 356 357 358 359 358 358 357 358 360 0 0 359 358 357 357 355 351 350 352 354 356 358 0 1 2 4 5 4 3 4 6 9 9 8 9 9 3 354 351 351 351 350 349
353 339 333 332 332 333 336 338 340 342 344 345 348 351 355 357 357 358 359 359 0 3 8 14 18 19 14 4 354 349 349 352 360 5 6 11 15 12 2 356 354 351 348 348 350 351 351 352 353 353 353 354 354 354 355 356 357 357 357 358 359 0 1 360 359 358 358 357 356 355 353 353 355 357 358 359 360 1 2 3 3 3 4 5 8 10 9 7 8 7 0 355 353 351 349 348
358 344 337 333 333 334 335 337 339 341 343 345 348 351 354 356 356 356 357 357 358 358 359 3 10 13 12 7 358 349 346 347 354 4 8 13 19 19 10 1 356 350 347 349 351 352 351 352 352 352 352 353 354 353 352 353 354 355 356 357 359 0 0 359 359 358 358 357 357 356 354 354 356 358 358 359 359 0 1 2 3 3 3 4 6 8 7 6 8 10 6 359 353 350 350 351
8 355 344 337 335 336 336 336 338 340 342 345 348 351 353 355 355 356 356 356 356 356 355 355 358 3 6 2 355 351 350 353 2 11 13 14 22 26 21 6 356 351 351 352 352 352 353 352 352 352 352 353 353 353 353 352 352 353 354 356 357 358 358 358 358 358 359 359 359 358 355 353 355 358 359 359 359 359 0 1 2 2 2 2 3 4 4 5 9 14 11 1 352 350 353 355
17 9 355 344 340 338 337 337 338 340 342 344 346 350 352 354 355 356 355 355 354 353 352 351 353 356 356 354 353 357 4 11 17 18 16 16 25 33 29 11 355 352 353 355 354 353 353 353 353 352 352 352 353 354 354 354 353 353 354 354 354 355 356 357 357 358 359 359 359 359 357 353 353 357 359 359 358 358 358 360 1 0 360 360 360 0 3 7 12 16 13 2 354 353 355 356
22 19 9 355 346 341 339 338 340 342 344 346 346 348 350 352 354 356 356 354 352 351 350 351 353 353 350 349 356 13 27 34 31 24 21 23 28 32 28 15 359 353 354 355 354 352 352 353 353 353 352 352 353 354 355 354 354 355 355 354 353 353 354 356 357 357 358 358 358 359 359 357 354 356 358 358 357 357 357 357 358 359 359 358 358 360 6 11 14 14 11 4 360 359 358 357
22 23 20 10 355 346 342 340 341 343 346 347 347 347 349 351 353 356 357 355 351 350 350 349 349 348 347 354 14 34 47 50 39 24 20 21 22 24 22 15 4 357 354 354 353 351 351 352 353 352 353 353 354 354 354 355 355 356 355 355 354 353 353 354 356 357 358 358 358 358 359 358 356 355 355 355 356 357 356 356 357 359 359 358 359 4 11 13 13 11 8 6 4 3 0 358
18 24 25 20 7 353 347 343 342 344 346 348 348 348 349 351 354 357 358 356 353 351 349 345 343 344 350 12 37 47 48 41 27 11 5 7 10 14 17 15 9 3 357 353 350 349 350 351 352 353 354 355 355 354 354 355 355 356 355 355 355 355 354 354 356 357 358 358 359 360 358 356 354 353 353 354 356 358 357 357 357 359 359 360 3 9 12 9 6 6 8 6 3 1 0 360
15 20 24 23 17 4 354 347 344 345 346 348 349 349 349 352 356 357 357 356 355 353 346 341 341 347 5 33 43 42 34 26 12 356 350 353 359 9 18 21 15 8 1 354 350 350 350 350 352 353 355 355 355 354 354 355 355 355 355 356 356 356 355 355 357 357 358 359 0 360 358 355 352 350 352 355 358 359 359 358 357 359 1 3 6 7 6 2 360 3 8 8 3 360 360 0
