data/real/Dogrib_v624/conserv_mass/windninja_270_30_100m_vel.asc
NCOLS 357 
NROWS 223 
XLLCORNER 457900 
YLLCORNER 5716800 
CELLSIZE 100 
NODATA_value -3.4e+38 
[rows 189 to 209 of 223, columns 138 to 183 of 357]
32.1300010681152 28.8199996948242 28.3799991607666 26.0799999237061 25.4799995422363 25.7999992370605 26.5900001525879 26.5699996948242 25.9099998474121 25.9699993133545 25.4200000762939 24.5400009155273 24.9599990844727 25.9099998474121 26.6100006103516 26.5300006866455 26.3299999237061 26.8700008392334 27.3500003814697 27.3199996948242 27.2999992370605 27.3099994659424 27.0499992370605 27.0100002288818 27.7000007629395 28.4099998474121 28.2099990844727 27.6700000762939 27.6800003051758 27.8400001525879 27.7199993133545 27.75 28.0599994659424 28.4300003051758 28.6700000762939 28.6100006103516 28.4200000762939 28.5499992370605 29.1200008392334 29.3700008392334 28.8899993896484 28.3999996185303 28.3199996948242 28.3500003814697 28.3600006103516 28.8299999237061
39.8699989318848 31.4899997711182 29.1399993896484 27.1299991607666 26.0599994659424 25.3199996948242 25.3700008392334 25.6000003814697 25.0300006866455 25.3999996185303 25.7700004577637 24.3099994659424 23.4699993133545 24.0699996948242 24.6399993896484 25.3099994659424 26.5200004577637 27.7600002288818 28.0400009155273 27.3999996185303 26.9599990844727 27.1599998474121 27.3600006103516 27.2999992370605 28.0200004577637 28.8799991607666 28.0599994659424 27.2600002288818 27.7399997711182 27.7600002288818 27.2600002288818 27.3600006103516 28.0400009155273 28.6000003814697 28.6700000762939 28.5799999237061 28.7199993133545 28.9300003051758 29.0799999237061 29.0300006866455 28.7000007629395 28.3199996948242 28.2299995422363 28.3199996948242 28.4099998474121 29.0300006866455
51.9900016784668 34.3400001525879 29.9200000762939 28.5599994659424 26.8500003814697 25.3700008392334 24.0799999237061 23.6900005340576 23.5100002288818 24.6800003051758 26.4400005340576 24.5499992370605 21.7600002288818 21.8500003814697 23.4300003051758 25.2800006866455 27.0100002288818 28 28.0499992370605 27.2299995422363 26.7000007629395 27.1299991607666 27.5699996948242 27.3500003814697 27.8700008392334 28.9500007629395 28.4200000762939 27.7000007629395 28.0100002288818 27.4400005340576 26.5599994659424 27.0200004577637 28.2999992370605 28.9200000762939 28.5200004577637 28.4500007629395 29.0400009155273 29.2700004577637 29.1800003051758 29.0599994659424 28.6299991607666 28.0699996948242 27.8299999237061 27.9300003051758 28.3199996948242 29.2299995422363
63.439998626709 41.2400016784668 30.0599994659424 29.1100006103516 27.9500007629395 25.9099998474121 23.2099990844727 21.8299999237061 21.9699993133545 23.5400009155273 25.6599998474121 24.7700004577637 21.2299995422363 20.8199996948242 23.6100006103516 25.7000007629395 26.6800003051758 27.5 27.7000007629395 27.0100002288818 26.6399993896484 27.1599998474121 27.4699993133545 26.9699993133545 27.1100006103516 28.3799991607666 29.0900001525879 28.9400005340576 28.2700004577637 26.8600006103516 25.9400005340576 26.9400005340576 28.9099998474121 29.3199996948242 28.1000003814697 28.1499996185303 29.3299999237061 29.6700000762939 29.5599994659424 29.3799991607666 28.8799991607666 28.0400009155273 26.9599990844727 26.8600006103516 28.1100006103516 29.5300006866455
67.7799987792969 52.060001373291 30.3700008392334 27.8899993896484 29.3899993896484 26.8500003814697 22.2099990844727 20.3199996948242 20.6399993896484 21.8899993896484 23.7999992370605 24.1200008392334 22.2000007629395 21.8199996948242 23.8799991607666 24.9699993133545 25.6200008392334 26.8700008392334 27.3600006103516 26.9300003051758 26.7800006866455 27.1200008392334 27.1100006103516 26.5100002288818 26.3999996185303 27.7700004577637 29.4500007629395 29.6200008392334 28.1599998474121 26.1499996185303 25.6599998474121 27.2600002288818 29.3299999237061 29.3999996185303 27.5699996948242 27.7900009155273 29.4500007629395 29.9599990844727 30.0200004577637 30.0200004577637 29.8199996948242 28.1000003814697 25.4300003051758 25.8299999237061 28.5 30.0499992370605
70.8499984741211 58.9599990844727 32.310001373291 27.0900001525879 30.0499992370605 26.4500007629395 20.2199993133545 18.5200004577637 19.2299995422363 20.2299995422363 21.9799995422363 22.9699993133545 22.7000007629395 22.7999992370605 23.3999996185303 23.7800006866455 24.7900009155273 26.2999992370605 27.0300006866455 26.9599990844727 26.8899993896484 26.7700004577637 26.5599994659424 26.3099994659424 26.2000007629395 27.2999992370605 29.2800006866455 29.7399997711182 27.9099998474121 25.75 25.8999996185303 27.8099994659424 29.1299991607666 28.8799991607666 27.6499996185303 27.9899997711182 29.3400001525879 29.8099994659424 29.9300003051758 30.4899997711182 30.6499996185303 27.5300006866455 24.1700000762939 26.1599998474121 29.7399997711182 30.5799999237061
73.3600006103516 58.5099983215332 34.3699989318848 29.0200004577637 29.9200000762939 25.2900009155273 18.4799995422363 16.8899993896484 17.9400005340576 19.0100002288818 20.6399993896484 21.6499996185303 22.0499992370605 22.7199993133545 22.9500007629395 23.1700000762939 24.2600002288818 25.7600002288818 26.7399997711182 26.9599990844727 26.5599994659424 26.0499992370605 26.25 26.6299991607666 26.5900001525879 26.9099998474121 28.5 29.3400001525879 27.6100006103516 25.8400001525879 26.5799999237061 28.3099994659424 28.6299991607666 28.1299991607666 28.1200008392334 28.6800003051758 29.2900009155273 29.4599990844727 29.5499992370605 30.5599994659424 30.1599998474121 26.1900005340576 24.4799995422363 27.6200008392334 30.4300003051758 30.6700000762939
74.3199996948242 60.4700012207031 39.189998626709 31.6700000762939 29.9300003051758 25.1800003051758 18.5400009155273 16.3299999237061 16.9500007629395 17.9400005340576 19.5900001525879 20.5400009155273 21.0799999237061 21.9500007629395 22.4899997711182 22.7999992370605 23.7700004577637 25.3700008392334 26.3999996185303 26.4699993133545 25.8700008392334 25.5900001525879 26.4099998474121 27.2000007629395 27.1499996185303 26.8400001525879 27.5200004577637 28.3299999237061 27.4500007629395 26.3999996185303 27.2000007629395 28.5300006866455 28.5 28.0100002288818 28.3999996185303 29.0900001525879 29.3400001525879 29.2299995422363 29.4300003051758 30.0900001525879 28.5599994659424 25.5100002288818 25.8999996185303 28.8099994659424 30.4599990844727 30.6499996185303
74.1699981689453 62.0900001525879 40.0900001525879 33.4799995422363 30.0699996948242 25.3299999237061 20.5499992370605 16.9899997711182 15.6899995803833 16.3600006103516 18.2600002288818 19.4899997711182 20.3199996948242 21.2000007629395 21.8700008392334 22.2999992370605 23.3700008392334 25 25.7000007629395 25.5599994659424 25.5100002288818 25.9699993133545 26.8099994659424 27.2700004577637 27.1599998474121 26.8899993896484 26.9500007629395 27.3700008392334 27.4799995422363 27.1800003051758 27.5400009155273 28.3899993896484 28.6499996185303 28.4099998474121 28.5599994659424 29.1200008392334 29.1700000762939 29.0699996948242 29.2600002288818 29.0699996948242 27.5799999237061 26.0100002288818 27.0100002288818 29.2600002288818 30.4300003051758 30.7099990844727
72.8600006103516 64.2200012207031 42.9300003051758 33.8199996948242 28.8899993896484 27.7000007629395 25.3600006103516 17.9400005340576 13.9899997711182 14.5100002288818 16.7800006866455 18.4200000762939 19.6100006103516 20.5900001525879 21.1900005340576 21.8799991607666 23.2199993133545 24.2700004577637 24.6000003814697 25.0300006866455 25.8500003814697 26.6800003051758 26.9699993133545 26.7600002288818 26.6399993896484 26.8400001525879 26.8700008392334 27.0599994659424 27.6399993896484 27.7000007629395 27.7399997711182 28.25 28.7900009155273 28.8199996948242 28.75 29.0200004577637 28.8199996948242 28.6200008392334 28.6000003814697 28.2299995422363 27.7800006866455 27.0900001525879 27.6900005340576 29.3799991607666 30.4300003051758 30.7399997711182
70.3600006103516 66.4000015258789 46.4599990844727 32.439998626709 28.7299995422363 32.9199981689453 30.5 17.5499992370605 11.9799995422363 12.7399997711182 14.8800001144409 17.1200008392334 19.1299991607666 20.2399997711182 20.6800003051758 21.6100006103516 23.0699996948242 23.6200008392334 23.7700004577637 25.0200004577637 26.3600006103516 26.8099994659424 26.5400009155273 26.1499996185303 26.3700008392334 26.9300003051758 26.9799995422363 27.1000003814697 27.6399993896484 27.8400001525879 28.0400009155273 28.4899997711182 28.9300003051758 28.9400005340576 28.7800006866455 28.75 28.3500003814697 27.9599990844727 27.9899997711182 28.2099990844727 28.0699996948242 27.8700008392334 28.4300003051758 29.4899997711182 30.25 30.6000003814697
67.5899963378906 67.2099990844727 46.6500015258789 31.2199993133545 31.7600002288818 39.1599998474121 32.0999984741211 14.8699998855591 10.6499996185303 11.2799997329712 12.8699998855591 16.1200008392334 18.7800006866455 19.8899993896484 20.3299999237061 21.3999996185303 22.9099998474121 23.4899997711182 23.5699996948242 24.8999996185303 26.2399997711182 26.3799991607666 25.8500003814697 25.6299991607666 26.6399993896484 27.3899993896484 27.1900005340576 27.1299991607666 27.3400001525879 27.8799991607666 28.5300006866455 28.8799991607666 29.0100002288818 28.8199996948242 28.5499992370605 28.2600002288818 27.7700004577637 27.7600002288818 28.2600002288818 28.3099994659424 28.0400009155273 28.3799991607666 29.1599998474121 29.6800003051758 30.0200004577637 30.3500003814697
64.3000030517578 70.4599990844727 52.2099990844727 33.3400001525879 36.4099998474121 43.5299987792969 28.3700008392334 12.6300001144409 10.9499998092651 10.5 11.6199998855591 15.1499996185303 18.0499992370605 19.3799991607666 20.1000003814697 21.3700008392334 22.7399997711182 23.4599990844727 23.7199993133545 24.5900001525879 25.5499992370605 25.8500003814697 25.3299999237061 25.2800006866455 27.0100002288818 27.8899993896484 27.3700008392334 27.0300006866455 27.1900005340576 28.0799999237061 28.8999996185303 29.0100002288818 28.9200000762939 28.7099990844727 28.2299995422363 27.7600002288818 27.7000007629395 28.1200008392334 28.4799995422363 28.1900005340576 28.0400009155273 28.7800006866455 29.5799999237061 29.8600006103516 29.9300003051758 30.1299991607666
53.8699989318848 69.8300018310547 64.4499969482422 43.3400001525879 44.2000007629395 44.7599983215332 24.0599994659424 11.9399995803833 11.3500003814697 10.3500003814697 10.9899997711182 13.9399995803833 17.0400009155273 18.8700008392334 20.1700000762939 21.6000003814697 22.6399993896484 23.3799991607666 23.7800006866455 24.2199993133545 24.9200000762939 25.3899993896484 25.1599998474121 25.4599990844727 27.1299991607666 27.9599990844727 27.3999996185303 26.9699993133545 27.3799991607666 28.3999996185303 28.9799995422363 28.8299999237061 28.75 28.5599994659424 27.9099998474121 27.6100006103516 28.1100006103516 28.5300006866455 28.4200000762939 28.25 28.3500003814697 29.0400009155273 29.6800003051758 29.8199996948242 30.0300006866455 30.2000007629395
41.3699989318848 58.9900016784668 68.1600036621094 57.6399993896484 48.3199996948242 39.6199989318848 21.2700004577637 13.0299997329712 11.6599998474121 10.5799999237061 11.0500001907349 13.3400001525879 16.4899997711182 18.7199993133545 20.3600006103516 21.7399997711182 22.6100006103516 23.3500003814697 23.6499996185303 24.0200004577637 24.5200004577637 24.9500007629395 25.3099994659424 26.0400009155273 27.1200008392334 27.7099990844727 27.4400005340576 27.1000003814697 27.6299991607666 28.5900001525879 28.8500003814697 28.5699996948242 28.5499992370605 28.3099994659424 27.7199993133545 27.8799991607666 28.4799995422363 28.6599998474121 28.5300006866455 28.5699996948242 28.8199996948242 29.2800006866455 29.6000003814697 29.6299991607666 30.1800003051758 30.5599994659424
35.0900001525879 51.810001373291 68.5500030517578 62.3800010681152 44.2900009155273 32.1199989318848 21.5599994659424 15.2299995422363 12.6899995803833 11.5600004196167 11.8199996948242 13.6999998092651 16.5400009155273 18.8400001525879 20.5699996948242 21.5900001525879 22.4300003051758 23.2800006866455 23.6100006103516 24.0200004577637 24.4500007629395 24.8799991607666 25.6100006103516 26.4500007629395 27.1700000762939 27.6100006103516 27.6200008392334 27.3799991607666 27.6900005340576 28.3700008392334 28.5100002288818 28.3799991607666 28.3899993896484 28.0900001525879 27.7700004577637 28.1800003051758 28.6299991607666 28.6900005340576 28.75 28.9599990844727 29.2399997711182 29.5300006866455 29.6000003814697 29.6599998474121 30.3099994659424 30.7700004577637
35.6100006103516 56.7099990844727 68.870002746582 56.5099983215332 37.6699981689453 29.1499996185303 22.3500003814697 17.6599998474121 14.7399997711182 13.1599998474121 12.9899997711182 14.4700002670288 16.8799991607666 19.0100002288818 20.7700004577637 21.5 22.2199993133545 23.1399993896484 23.6299991607666 24.0699996948242 24.6900005340576 25.2700004577637 25.8700008392334 26.5200004577637 27.1900005340576 27.6800003051758 27.7999992370605 27.6100006103516 27.6000003814697 27.9300003051758 28.1000003814697 28.1200008392334 28.2099990844727 28.0699996948242 28 28.4200000762939 28.7399997711182 28.7299995422363 28.9200000762939 29.2000007629395 29.3700008392334 29.7900009155273 29.8999996185303 30 30.6000003814697 30.8700008392334
44.2000007629395 63.8199996948242 64.2699966430664 47.1300010681152 35.0099983215332 28.3099994659424 23.2999992370605 20.0200004577637 17.2099990844727 15.3800001144409 14.4200000762939 15.2700004577637 17.2600002288818 19.1900005340576 20.7299995422363 21.75 22.3600006103516 23.1499996185303 23.7900009155273 24.3299999237061 25.0400009155273 25.5300006866455 26.0200004577637 26.5300006866455 27.1100006103516 27.6299991607666 27.7999992370605 27.7099990844727 27.5499992370605 27.6499996185303 27.7700004577637 27.8400001525879 28.1299991607666 28.2700004577637 28.2800006866455 28.5799999237061 28.8700008392334 28.7900009155273 28.9799995422363 29.2900009155273 29.3299999237061 29.8999996185303 30.3600006103516 30.3999996185303 30.9500007629395 31.2600002288818
54.7700004577637 61.310001373291 50.9500007629395 39.7700004577637 34.0499992370605 28.1399993896484 24.7700004577637 22.3199996948242 19.7099990844727 17.7299995422363 16.1599998474121 16.1800003051758 17.5699996948242 19.2600002288818 20.4899997711182 21.8700008392334 23 23.6900005340576 24.1800003051758 24.75 25.3099994659424 25.5100002288818 26.0300006866455 26.6299991607666 27.0599994659424 27.3899993896484 27.6299991607666 27.7399997711182 27.6000003814697 27.6100006103516 27.5799999237061 27.7199993133545 28.2800006866455 28.4599990844727 28.3999996185303 28.6800003051758 28.9500007629395 28.9099998474121 29.0499992370605 29.4099998474121 29.4200000762939 29.8199996948242 30.6299991607666 30.8600006103516 31.2099990844727 31.5499992370605
55.3199996948242 49.5699996948242 39.4599990844727 35.7299995422363 32.689998626709 28.5100002288818 26.1700000762939 24.6900005340576 22.3600006103516 20.0799999237061 18.2900009155273 17.3400001525879 17.8700008392334 19.2299995422363 20.3600006103516 21.7099990844727 23.5200004577637 24.4799995422363 24.6399993896484 25.1599998474121 25.4799995422363 25.5499992370605 26.0200004577637 26.6599998474121 27.0499992370605 27.1900005340576 27.4400005340576 27.7099990844727 27.6399993896484 27.6900005340576 27.6599998474121 27.8400001525879 28.4300003051758 28.4300003051758 28.4400005340576 28.7999992370605 28.9799995422363 29.1100006103516 29.3099994659424 29.5599994659424 29.6499996185303 29.8700008392334 30.6399993896484 31.2900009155273 31.5100002288818 31.4099998474121
49.4900016784668 39.7299995422363 35.4900016784668 33.8899993896484 31.5699996948242 28.3999996185303 26.9300003051758 26.5499992370605 24.9400005340576 22.5200004577637 20.7399997711182 19.1399993896484 18.5900001525879 19.4699993133545 20.7399997711182 21.9300003051758 23.4799995422363 24.8400001525879 25.2900009155273 25.5599994659424 25.6100006103516 25.5900001525879 26.0400009155273 26.5799999237061 27 27.1800003051758 27.3899993896484 27.6499996185303 27.7000007629395 27.8099994659424 27.9200000762939 28.0599994659424 28.3299999237061 28.3700008392334 28.5200004577637 28.8899993896484 29.0400009155273 29.3400001525879 29.6000003814697 29.7000007629395 29.9500007629395 30.2700004577637 30.7299995422363 31.4200000762939 31.8500003814697 31.2299995422363
