data/real/Dogrib_v624/conserv_mass/windninja_270_30_100m_vel.asc
NCOLS 357 
NROWS 223 
XLLCORNER 457900 
YLLCORNER 5716800 
CELLSIZE 100 
NODATA_value -3.4e+38 
[rows 84 to 104 of 223, columns 184 to 229 of 357]
27.0599994659424 27.8600006103516 29.1900005340576 31.3099994659424 34.2799987792969 33.4599990844727 31.3899993896484 33.1199989318848 36.5999984741211 37.2999992370605 38.6100006103516 41.0299987792969 36.2599983215332 28.1299991607666 25.0599994659424 24.3899993896484 23.7099990844727 23.3099994659424 23.3199996948242 23.2000007629395 23.2099990844727 23.8299999237061 24.4899997711182 25.9799995422363 27.2299995422363 28.1200008392334 28.7700004577637 26.6900005340576 26.4099998474121 31.6299991607666 37.5299987792969 42.4900016784668 48.7599983215332 49.0299987792969 38.4099998474121 30.7000007629395 32.1199989318848 34.2000007629395 31.3500003814697 29.1499996185303 33 37.0400009155273 34.1300010681152 28.8600006103516 24.8199996948242 21.6900005340576
27.9599990844727 28.6100006103516 31.5200004577637 32.9700012207031 34.810001373291 33.8300018310547 30.1700000762939 30.1499996185303 33.7999992370605 33.5999984741211 34.2200012207031 42.689998626709 43.1399993896484 31.6399993896484 25.2900009155273 24.3600006103516 24.1599998474121 24.1299991607666 24.1000003814697 23.2299995422363 22.8600006103516 24.0400009155273 25.0799999237061 25.6700000762939 25.9799995422363 26.3999996185303 27.4799995422363 27.8400001525879 28.5599994659424 31.6499996185303 35.6599998474121 39.7700004577637 45.2999992370605 47.3199996948242 41.0299987792969 35.8300018310547 38.4000015258789 38.2099990844727 32.4599990844727 28.4300003051758 29.0300006866455 31.0200004577637 30.5499992370605 28.1100006103516 25.7000007629395 23.4599990844727
31.2800006866455 31.6499996185303 34.7099990844727 34.0499992370605 33.0400009155273 32.5999984741211 29.0499992370605 27.4500007629395 31.1000003814697 31.5200004577637 30.2199993133545 38.5299987792969 45.8300018310547 39.3400001525879 28.9400005340576 25.8600006103516 25.4899997711182 25.1399993896484 24.4899997711182 23.1000003814697 22.5799999237061 23.8799991607666 25.0799999237061 25.4899997711182 25.9699993133545 26.3500003814697 26.7099990844727 27.6399993896484 29.0300006866455 30.9599990844727 34.0200004577637 37.8600006103516 42.0699996948242 44.3899993896484 42.1800003051758 40.8300018310547 42.4700012207031 38.6500015258789 30.6299991607666 26.5699996948242 25.6200008392334 25.8600006103516 25.9599990844727 26.3999996185303 27.1399993896484 25.9200000762939
34.75 36.1199989318848 36.4000015258789 32.0999984741211 29.1200008392334 30.8600006103516 29.4300003051758 26.7199993133545 28.6599998474121 29.9899997711182 29.1800003051758 33.8499984741211 42.2099990844727 42.6500015258789 36.3800010681152 31 28.1900005340576 25.8099994659424 24.2399997711182 23.2299995422363 22.7000007629395 23.5300006866455 24.75 25.5499992370605 26.4400005340576 26.9099998474121 26.5300006866455 27 28.8500003814697 30.6700000762939 33.0400009155273 36.5200004577637 40.1399993896484 42.9700012207031 43.4599990844727 43.4700012207031 43.310001373291 37.9700012207031 30.4699993133545 26.4699993133545 24.4300003051758 22.6100006103516 22.6399993896484 26.2600002288818 29.7000007629395 27.2700004577637
36.1699981689453 38.6100006103516 36.1800003051758 29.4200000762939 26.7600002288818 29.6100006103516 30.1700000762939 27.75 27.3799991607666 28.4899997711182 29.8899993896484 32.8600006103516 36.6399993896484 38.7400016784668 39.1500015258789 38.1100006103516 33.5299987792969 27.3799991607666 24.6900005340576 24.0300006866455 23.1599998474121 23.1100006103516 24.25 25.7199993133545 26.9899997711182 27.5699996948242 27.1599998474121 27.2399997711182 28.8999996185303 30.4799995422363 32.5499992370605 36.1100006103516 39.7099990844727 43.060001373291 44.3300018310547 43.0800018310547 41.5800018310547 37.7000007629395 31.2999992370605 26.4400005340576 23.4799995422363 21.1900005340576 22.3700008392334 28.8099994659424 30.8999996185303 26.0300006866455
35.8699989318848 38.5099983215332 35.4300003051758 29.4500007629395 27.4799995422363 29.3700008392334 30.3400001525879 29.1599998474121 27.8400001525879 28.3899993896484 30.7800006866455 33.1100006103516 33.5699996948242 32.8300018310547 35.0900001525879 39.2400016784668 38.9599990844727 33.3300018310547 28.3199996948242 25.8199996948242 23.3700008392334 22.3700008392334 23.7600002288818 26.2199993133545 27.6599998474121 28.0200004577637 28.2299995422363 28.4599990844727 28.9699993133545 30.0499992370605 32.7599983215332 36.7200012207031 40.0699996948242 43.0900001525879 43.7599983215332 41.0299987792969 38.939998626709 36.9500007629395 32.0400009155273 26.6700000762939 22.4799995422363 20.6499996185303 24.9500007629395 30.5499992370605 29.6700000762939 24.7999992370605
34.4300003051758 36.310001373291 34.2299995422363 30.6200008392334 29.2600002288818 29.7700004577637 30.3199996948242 30.5200004577637 29.75 29.3400001525879 30.7199993133545 32.7799987792969 32.7999992370605 30.9300003051758 30.8299999237061 33.9799995422363 37.7799987792969 38.7000007629395 35.6800003051758 29.0200004577637 23.25 21.5699996948242 23.6499996185303 26.9300003051758 28.3400001525879 28.5699996948242 29.5400009155273 30.0599994659424 29.3700008392334 30.0400009155273 33.2700004577637 37.0400009155273 40.4199981689453 42.3600006103516 41.5200004577637 38.7099990844727 36.6399993896484 35.5299987792969 32.0699996948242 27.0200004577637 22.7800006866455 22.0799999237061 27.1800003051758 29.8899993896484 27.7099990844727 25.3099994659424
32.4099998474121 33.6199989318848 32.7400016784668 31.5100002288818 30.9200000762939 30.3700008392334 30.2800006866455 31.7600002288818 31.8999996185303 29.5400009155273 29.5100002288818 32.7000007629395 33.6699981689453 31.1900005340576 29.1700000762939 29.5599994659424 31.7900009155273 36.7299995422363 39.8699989318848 34.5099983215332 24.8299999237061 21.6900005340576 23.8799991607666 27.5400009155273 29.3600006103516 29.9099998474121 31.1499996185303 31.5900001525879 30.3700008392334 30.4799995422363 33 36.5800018310547 40.0200004577637 40.3600006103516 38.2799987792969 36.6300010681152 35.1100006103516 33.939998626709 31.4899997711182 27.3700008392334 24.0200004577637 24.1800003051758 27.2900009155273 27.7299995422363 26.9200000762939 26.5900001525879
30.5900001525879 31.4599990844727 31.25 31.4099998474121 32.4099998474121 31.8899993896484 30.5300006866455 32.3899993896484 33.0800018310547 28.6900005340576 28.0799999237061 33.8199996948242 35.0699996948242 30.2000007629395 27.9400005340576 28.9799995422363 29.2199993133545 31.7700004577637 37.7999992370605 38.0400009155273 30.5599994659424 24.0400009155273 24.4899997711182 28.2199993133545 31.0900001525879 32.3300018310547 32.8800010681152 32.6500015258789 31.2299995422363 30.6100006103516 32.2900009155273 35.5900001525879 38.0800018310547 37.3400001525879 35.5999984741211 35.1800003051758 34.3699989318848 32.6800003051758 30.4400005340576 27.6499996185303 25.3999996185303 25.2600002288818 26.1800003051758 26.1299991607666 26.8299999237061 27.7700004577637
30.3299999237061 30.3500003814697 30.1900005340576 30.0100002288818 32.7299995422363 34.4900016784668 32.1800003051758 32.5999984741211 32.4799995422363 27.5900001525879 28.3299999237061 35.9500007629395 35.1500015258789 27.5200004577637 26.4899997711182 30.2999992370605 30.3899993896484 28.8700008392334 31.9099998474121 36.6399993896484 34.8199996948242 28.5200004577637 26.5699996948242 29.4899997711182 32.6500015258789 34.4799995422363 34.4000015258789 33.3300018310547 31.6399993896484 30.5699996948242 31.5100002288818 33.4099998474121 34.6100006103516 34.4000015258789 34.1100006103516 34.5299987792969 34.1199989318848 32.0999984741211 29.3500003814697 27.3299999237061 26.2199993133545 25.4200000762939 24.9599990844727 25.1499996185303 26.6599998474121 28.25
31.1499996185303 31.0200004577637 30.6599998474121 28.7199993133545 30.8600006103516 36.439998626709 35.8600006103516 33.0699996948242 30.1599998474121 26.9699993133545 31.25 37.3499984741211 33.3300018310547 25.7299995422363 24.9099998474121 30.6900005340576 32.3600006103516 26.9899997711182 26.9799995422363 33.0200004577637 34.8899993896484 31.6299991607666 29.6200008392334 30.9200000762939 32.5699996948242 34.310001373291 35.3199996948242 34.3400001525879 31.9799995422363 30.1000003814697 29.7600002288818 30.0699996948242 31.0400009155273 32.3300018310547 33.6800003051758 34.5200004577637 33.8800010681152 31.6200008392334 28.6100006103516 27.0100002288818 26.3500003814697 24.6599998474121 23.7800006866455 24.5799999237061 26.3500003814697 28.1399993896484
30.1900005340576 32.4500007629395 33.25 29.7299995422363 27.9400005340576 35.9000015258789 40.0200004577637 33.7799987792969 27.3099994659424 27.1800003051758 34.6599998474121 37.2799987792969 31.4799995422363 25.5900001525879 23.6800003051758 29.6700000762939 32.8800010681152 26.8199996948242 25.7000007629395 31.4099998474121 34.3199996948242 33.1199989318848 31.2000007629395 30.75 30.9799995422363 32.2700004577637 35.25 36.8899993896484 33.5400009155273 29.0400009155273 26.9400005340576 26.8500003814697 28.5599994659424 31.5100002288818 34.0999984741211 34.5499992370605 33.1599998474121 31.0100002288818 28.5200004577637 27.3700008392334 26.0400009155273 23.0200004577637 22.2299995422363 23.9699993133545 26.1100006103516 28.1499996185303
26.8199996948242 31.3099994659424 35.7200012207031 33.4000015258789 26.5400009155273 32.8699989318848 41.9900016784668 35.9500007629395 26.1700000762939 27.8199996948242 36.689998626709 36.6599998474121 30.5499992370605 25.4200000762939 23.1299991607666 28.6399993896484 31.7900009155273 28.0900001525879 28.7000007629395 33.4300003051758 35.189998626709 33.6199989318848 30.4400005340576 28.4099998474121 28.8899993896484 30.0599994659424 32.9599990844727 38.0299987792969 37.4900016784668 29.7700004577637 25.2700004577637 25.2299995422363 27.4099998474121 31.7600002288818 35.0800018310547 34.2099990844727 32.0699996948242 30.9799995422363 29.2700004577637 27.7299995422363 25.1700000762939 21.0900001525879 20.3799991607666 23.0200004577637 26.2600002288818 29.2000007629395
24.3400001525879 27.9200000762939 34.8600006103516 36.4000015258789 28.3199996948242 30.0400009155273 41.3699989318848 39.6800003051758 27.9400005340576 28.9599990844727 37.5999984741211 35.9500007629395 29.4799995422363 24.5400009155273 23.3700008392334 28.3999996185303 30.3700008392334 30.0699996948242 33.9900016784668 36.6300010681152 34.5499992370605 31.3500003814697 28.2099990844727 25.6499996185303 27.0300006866455 29.2299995422363 29.8899993896484 34.810001373291 38.8499984741211 34.1800003051758 27.7900009155273 25.9799995422363 27.5400009155273 32.5800018310547 36 33.7400016784668 31.25 31.7000007629395 30.7900009155273 27.8199996948242 23.6599998474121 19.3099994659424 18.8500003814697 22.3700008392334 27.7299995422363 32.8899993896484
23.6700000762939 26.3600006103516 31.7999992370605 36.060001373291 32.2000007629395 30.1399993896484 38.5400009155273 41.2200012207031 32.6599998474121 32.4000015258789 37.8699989318848 34.4599990844727 27.8500003814697 23.8799991607666 24.9099998474121 29.4799995422363 30.6900005340576 33.310001373291 37.8899993896484 37 31.8799991607666 28.1000003814697 25.6900005340576 24.1000003814697 26.2600002288818 28.7099990844727 28.1000003814697 30.6700000762939 35.4500007629395 35.1399993896484 31.7099990844727 28.8899993896484 29.0200004577637 33.4900016784668 36.6199989318848 34.2999992370605 31.6499996185303 32.4300003051758 32.1300010681152 27.9699993133545 22.2800006866455 18.5599994659424 19.0799999237061 24.2600002288818 32.3899993896484 36.5299987792969
23.5 26.25 29.0400009155273 33.2700004577637 34.1100006103516 31.6100006103516 34.4900016784668 39.5800018310547 39.0400009155273 38.2299995422363 37.7599983215332 32.2900009155273 26.5200004577637 24.2600002288818 27.75 32.3899993896484 33.5299987792969 36.8600006103516 38.5499992370605 34.2999992370605 29.7800006866455 26.3999996185303 23.3199996948242 23.4699993133545 26.1700000762939 27.0799999237061 27.1900005340576 29.3799991607666 31.4500007629395 31.8600006103516 31.3299999237061 30.0599994659424 30.1299991607666 33.7999992370605 37.25 36.0900001525879 33.1199989318848 32.3800010681152 32.6199989318848 29.4099998474121 22.9599990844727 20.2099990844727 22.2900009155273 28.1900005340576 35.1399993896484 35.9599990844727
23.0100002288818 25.75 27.5 31.5599994659424 34.2700004577637 31.1700000762939 29.8099994659424 35.3300018310547 41.0699996948242 43.9000015258789 40.4900016784668 32.1100006103516 26.4500007629395 25.6299991607666 30.8500003814697 36.5400009155273 37.7900009155273 38.2999992370605 35.9599990844727 30.5599994659424 28.2600002288818 26.1399993896484 22.5200004577637 23.2999992370605 25.0200004577637 24.7999992370605 27.5799999237061 30.2299995422363 29.2900009155273 28.5 28.9099998474121 29.0100002288818 29.75 33.810001373291 38.810001373291 38.2299995422363 33.5499992370605 30.8799991607666 32.0499992370605 31.5699996948242 26.4099998474121 23.2800006866455 24.5699996948242 28.8700008392334 34.3400001525879 34.1300010681152
22.0200004577637 25.0400009155273 27.7800006866455 31.9200000762939 32.7999992370605 28.4899997711182 26.7999992370605 30.9300003051758 37.4099998474121 45.2200012207031 46 36.5499992370605 28.7299995422363 28.1399993896484 33.5999984741211 40.0699996948242 40.4799995422363 36.4500007629395 31.6800003051758 27.8299999237061 27.0100002288818 25.9699993133545 23.7299995422363 23.9200000762939 22.9599990844727 22.8999996185303 28.5599994659424 30.8600006103516 27.3299999237061 25.7299995422363 26.7800006866455 27.5699996948242 29.0400009155273 34.6100006103516 41.4799995422363 40.189998626709 32.5400009155273 27.8999996185303 30.2700004577637 33.560001373291 30.3999996185303 25.5599994659424 24.3199996948242 26.9200000762939 32.5699996948242 34.1300010681152
21.2000007629395 25.3899993896484 28.5499992370605 30.3199996948242 29.3600006103516 26.4400005340576 26.2299995422363 29.3899993896484 33.189998626709 40.6500015258789 47.3499984741211 42.5299987792969 33.3300018310547 32.4099998474121 36.9500007629395 41.3199996948242 39.7299995422363 33.1399993896484 28.5100002288818 26.7399997711182 26.4899997711182 26.0900001525879 25.8600006103516 25.2800006866455 21.8400001525879 21.3999996185303 28.0200004577637 30.5 25.7299995422363 23.2999992370605 24.7999992370605 26.5100002288818 29.4200000762939 36.439998626709 43.2200012207031 40.9700012207031 31.6499996185303 25.4699993133545 28.2299995422363 34.439998626709 33.1699981689453 27.1499996185303 23.6700000762939 24.7000007629395 30.6499996185303 34.7000007629395
21.1100006103516 25.2700004577637 26.9099998474121 26.7600002288818 26.6200008392334 26.0699996948242 26.5499992370605 28.8700008392334 31.5200004577637 36.7099990844727 44.2700004577637 44.0900001525879 37.7700004577637 37.0999984741211 39.6300010681152 39.7099990844727 36.6100006103516 31.2800006866455 27.75 27.1700000762939 27.5900001525879 27.5400009155273 27.3899993896484 25.9400005340576 21.6800003051758 20.2399997711182 25.6000003814697 29.0100002288818 24.3999996185303 21.3799991607666 23.6900005340576 26.7900009155273 31.3799991607666 37.8400001525879 42.5800018310547 41.0099983215332 32.9300003051758 25.6100006103516 26.4799995422363 33.2599983215332 34.6199989318848 29.4099998474121 24.0499992370605 22.8500003814697 28.4099998474121 34.810001373291
20.7199993133545 23.0799999237061 23.6800003051758 24.1599998474121 25.6100006103516 26.7099990844727 27.3099994659424 29.1200008392334 32.3899993896484 36.9599990844727 42.189998626709 42.6300010681152 38.5099983215332 39.1399993896484 40.9900016784668 37.7200012207031 34.2599983215332 31.2900009155273 29.1399993896484 29.5599994659424 30.4099998474121 29.2199993133545 26.9599990844727 25.0100002288818 22.2299995422363 20.4899997711182 22.9599990844727 25.6800003051758 22.7700004577637 20.9500007629395 24.4599990844727 28.7800006866455 33.1399993896484 36.7799987792969 39.6399993896484 41.1699981689453 36.6500015258789 28.4899997711182 25.8099994659424 29.7999992370605 34.0499992370605 32.3400001525879 25.8700008392334 21.6499996185303 26.0599994659424 34.0999984741211
