data/real/Dogrib_v624/conserv_mass/windninja_360_30_100m_vel.asc
NCOLS 357 
NROWS 223 
XLLCORNER 457900 
YLLCORNER 5716800 
CELLSIZE 100 
NODATA_value -3.4e+38 
[rows 42 to 62 of 223, columns 184 to 229 of 357]
23.6299991607666 21.7999992370605 20.8899993896484 21.3899993896484 22.7800006866455 24.4500007629395 26.3600006103516 28.9300003051758 31.4400005340576 32.3899993896484 31.3500003814697 29.8299999237061 29.5900001525879 31.2800006866455 34.439998626709 37.0499992370605 38.439998626709 38.9500007629395 37.2700004577637 33.060001373291 28.8899993896484 27.0799999237061 26.9599990844727 27.5400009155273 27.8500003814697 27.8500003814697 27.8700008392334 27.9699993133545 28.0900001525879 28.0599994659424 27.9799995422363 28.2600002288818 29.0100002288818 29.9699993133545 30.9899997711182 31.9099998474121 32.7000007629395 33.2000007629395 33.1300010681152 33.1800003051758 33.8499984741211 33.1199989318848 31.3799991607666 30.7800006866455 31.1299991607666 31.7099990844727
18.2800006866455 17.7399997711182 18.6599998474121 20 21.5300006866455 23.1100006103516 24.7199993133545 26.6800003051758 28.9200000762939 30.8600006103516 31.7000007629395 31.2099990844727 30.6599998474121 31.2800006866455 32.310001373291 32.2999992370605 32.4000015258789 34.3300018310547 36.4799995422363 35.3199996948242 31.6900005340576 29.5200004577637 28.2600002288818 27.3700008392334 27.0400009155273 27.1599998474121 27.3700008392334 27.3999996185303 27.25 27.2000007629395 27.3099994659424 27.3799991607666 27.3700008392334 27.6399993896484 28.2000007629395 28.4099998474121 28.3299999237061 28.1499996185303 27.8600006103516 28.2900009155273 29.9899997711182 31.1599998474121 30.6200008392334 30.1200008392334 30.6000003814697 31.6399993896484
14.7200002670288 15.2399997711182 16.8400001525879 18.5499992370605 20.0400009155273 21.2800006866455 22.3799991607666 23.2999992370605 24.1700000762939 25.5400009155273 27.5300006866455 28.9799995422363 29.1399993896484 28.5300006866455 27.5 26.3899993896484 26.0400009155273 27.3099994659424 31.7399997711182 35.4500007629395 35.1300010681152 32.2599983215332 29.5499992370605 27.7399997711182 26.8600006103516 26.6800003051758 26.7399997711182 26.6800003051758 26.4599990844727 26.1800003051758 25.9099998474121 25.6499996185303 25.3799991607666 25.1000003814697 24.8099994659424 24.6800003051758 24.5900001525879 24.1700000762939 23.7700004577637 24.3299999237061 26.3199996948242 28.8899993896484 29.9799995422363 29.7099990844727 30 31.4500007629395
14.8199996948242 14.8000001907349 15.9799995422363 17.5200004577637 18.6700000762939 19.3099994659424 19.7600002288818 20.1299991607666 20.5599994659424 21.2700004577637 22.4300003051758 23.8999996185303 24.8600006103516 24.8400001525879 24.2299995422363 23.5 23.1499996185303 24.1599998474121 27.6700000762939 32.8600006103516 35.4500007629395 33.9099998474121 30.5400009155273 28.1000003814697 26.8999996185303 26.3199996948242 25.9799995422363 25.75 25.4899997711182 25.1499996185303 24.8700008392334 24.6200008392334 24.1599998474121 23.4400005340576 22.6700000762939 22.0499992370605 21.6100006103516 21.2099990844727 20.9699993133545 21.4300003051758 22.9899997711182 25.5300006866455 27.8999996185303 28.8400001525879 29.1499996185303 30.1299991607666
18.1100006103516 16.8500003814697 17.4300003051758 18.3899993896484 18.9099998474121 19.0599994659424 18.9400005340576 18.7199993133545 18.75 18.9799995422363 19.2999992370605 19.8799991607666 20.7700004577637 21.5799999237061 21.9300003051758 21.8199996948242 21.8700008392334 22.7999992370605 24.3600006103516 26.4899997711182 29.6800003051758 31.5100002288818 30.6599998474121 28.7399997711182 27.3600006103516 26.5900001525879 25.9400005340576 25.3500003814697 24.8199996948242 24.3899993896484 24.1599998474121 24 23.6800003051758 23.1000003814697 22.2800006866455 21.3600006103516 20.5900001525879 20.1100006103516 19.8899993896484 19.9400005340576 20.4200000762939 21.5900001525879 23.6299991607666 25.7099990844727 27.0300006866455 28.2099990844727
24.7700004577637 23.7399997711182 22.7399997711182 21.8700008392334 21.1000003814697 20.5499992370605 20.0799999237061 19.6700000762939 19.4099998474121 19.3999996185303 19.6100006103516 19.7600002288818 19.8299999237061 19.8500003814697 20.0100002288818 20.4400005340576 21 21.2900009155273 20.9500007629395 20.9400005340576 23.2099990844727 26.75 29.1700000762939 29.6599998474121 28.9599990844727 27.9500007629395 26.7600002288818 25.6200008392334 24.8099994659424 24.1599998474121 23.5 23.1200008392334 23.1000003814697 22.8899993896484 22.25 21.4599990844727 20.7000007629395 20.0599994659424 19.7099990844727 19.6499996185303 19.6700000762939 19.9699993133545 21 22.6000003814697 24.2999992370605 25.9799995422363
29.6000003814697 30.5499992370605 28.9400005340576 25.5300006866455 22.7600002288818 21.4599990844727 21.1499996185303 21.1700000762939 21.2600002288818 21.5699996948242 21.9899997711182 22.1599998474121 21.8299999237061 21.2299995422363 20.8400001525879 20.4899997711182 20.2399997711182 19.9899997711182 19.5400009155273 19.4599990844727 20.7700004577637 23.4699993133545 26.5400009155273 28.8099994659424 29.3500003814697 28.4899997711182 27.0900001525879 25.7900009155273 24.9899997711182 24.6299991607666 24.1900005340576 23.4400005340576 22.7600002288818 22.3700008392334 22.0400009155273 21.5699996948242 20.9699993133545 20.3700008392334 19.9799995422363 19.8799991607666 20.0400009155273 20.4799995422363 21.0699996948242 21.7800006866455 22.7800006866455 23.8600006103516
31.0599994659424 31.5499992370605 29.8999996185303 26.0900001525879 22.7199993133545 21.6100006103516 21.8099994659424 22.2199993133545 22.6800003051758 23.1100006103516 23.5400009155273 24.0599994659424 24.5400009155273 24.7700004577637 24.4099998474121 22.8999996185303 20.9099998474121 19.5 19.0200004577637 19.2600002288818 20.2099990844727 21.9400005340576 24.1100006103516 26.0100002288818 27.0200004577637 27.0300006866455 26.3500003814697 25.5100002288818 24.8999996185303 24.7199993133545 24.6499996185303 24.0300006866455 22.8500003814697 21.8299999237061 21.2700004577637 20.8899993896484 20.5200004577637 20.1399993896484 19.8400001525879 19.7099990844727 19.8700008392334 20.1200008392334 20.3099994659424 20.75 21.5 22.0699996948242
30.8600006103516 29.3099994659424 27.9699993133545 26.5300006866455 24.3099994659424 23.2199993133545 23.3199996948242 23.6000003814697 23.9799995422363 24.4400005340576 24.9400005340576 25.7800006866455 26.9500007629395 27.6700000762939 27.0200004577637 24.9799995422363 22.5900001525879 21.0300006866455 20.7099990844727 21.2000007629395 21.8999996185303 22.6299991607666 23.2800006866455 23.8299999237061 24.4799995422363 25.1100006103516 25.4699993133545 25.3799991607666 24.7600002288818 23.8400001525879 23.1100006103516 22.5799999237061 21.6299991607666 20.3500003814697 19.3400001525879 18.8099994659424 18.5900001525879 18.4799995422363 18.3899993896484 18.2800006866455 18.2800006866455 18.3999996185303 18.6499996185303 19.1100006103516 19.5900001525879 19.8099994659424
30.3199996948242 28.8400001525879 29.8799991607666 31.7399997711182 31.2700004577637 27.9500007629395 25.6499996185303 25.2800006866455 25.9599990844727 26.7999992370605 27.5699996948242 28.3299999237061 29.0400009155273 28.9500007629395 27.6100006103516 25.8199996948242 24.8400001525879 25.5100002288818 26.7700004577637 27.0699996948242 26.4099998474121 25.6299991607666 24.9300003051758 24.4300003051758 24.2900009155273 24.4799995422363 24.8099994659424 24.8600006103516 24.2199993133545 22.8299999237061 21.1800003051758 19.8199996948242 18.8400001525879 17.9699993133545 17.2399997711182 16.7999992370605 16.6299991607666 16.6000003814697 16.6200008392334 16.6100006103516 16.6200008392334 16.9200000762939 17.5900001525879 18.2199993133545 18.4899997711182 18.4099998474121
31.6399993896484 31.8899993896484 34.4900016784668 38.1500015258789 39.6500015258789 37.2200012207031 32 29.1900005340576 29.1200008392334 29.7700004577637 30.3600006103516 30.6700000762939 30.2900009155273 29.2800006866455 28.8299999237061 29.3899993896484 30.8500003814697 32.4900016784668 32.7400016784668 31.2800006866455 29.4099998474121 27.9699993133545 26.8899993896484 25.9799995422363 25.3799991607666 25.0799999237061 24.7000007629395 24.0300006866455 23.1000003814697 21.7600002288818 19.9699993133545 18.1900005340576 16.8799991607666 16.0699996948242 15.6599998474121 15.4700002670288 15.4700002670288 15.7200002670288 16.0400009155273 16.2099990844727 16.3099994659424 16.6900005340576 17.3899993896484 18.1499996185303 18.7000007629395 18.8299999237061
33.9599990844727 35.0499992370605 37.1100006103516 40.060001373291 43.2400016784668 45.189998626709 43.3600006103516 38.2000007629395 34.1599998474121 32.75 32.75 32.8600006103516 32.0499992370605 31.2099990844727 32.2700004577637 34.939998626709 37.0800018310547 36.9799995422363 34.5499992370605 31.5900001525879 29.5900001525879 28.4099998474121 27.4300003051758 26.5599994659424 25.9500007629395 25.5499992370605 24.9599990844727 23.9500007629395 22.6100006103516 20.9899997711182 19.0900001525879 17.3099994659424 16.0200004577637 15.1499996185303 14.6300001144409 14.6300001144409 15.1800003051758 16.2199993133545 17.1499996185303 17.4500007629395 17.3700008392334 17.4200000762939 17.8999996185303 18.75 19.6900005340576 20.4699993133545
34.5400009155273 35.2000007629395 36.4799995422363 38.0699996948242 40.0999984741211 43.6500015258789 46.6599998474121 45.7200012207031 41.1599998474121 37.5299987792969 36.810001373291 36.5800018310547 36.1500015258789 35.9500007629395 36.5900001525879 37.4599990844727 37.0800018310547 35.1100006103516 32.7900009155273 30.9300003051758 29.4599990844727 28.1100006103516 27.1100006103516 26.5400009155273 26.0599994659424 25.4400005340576 24.6399993896484 23.6100006103516 22.3799991607666 21 19.4099998474121 17.7299995422363 16.6299991607666 16.2600002288818 16.2399997711182 16.8400001525879 18.3600006103516 20.1200008392334 21.0799999237061 21.0799999237061 20.3099994659424 19.4400005340576 19.1399993896484 19.5 20.5300006866455 22
33.0800018310547 33.5800018310547 34.2400016784668 34.5999984741211 34.8699989318848 36.1800003051758 39.560001373291 43.9000015258789 44.7900009155273 43.25 42.0999984741211 40.8699989318848 39.7900009155273 39.0999984741211 37.9599990844727 35.9199981689453 33.25 31.0900001525879 30.2299995422363 29.8500003814697 29.1399993896484 27.7800006866455 26.5100002288818 25.8299999237061 25.3600006103516 24.6499996185303 23.7999992370605 22.9899997711182 22.4099998474121 22.1499996185303 21.8999996185303 21.1700000762939 20.6100006103516 21.3999996185303 23.1399993896484 25.0699996948242 27.2099990844727 28.0300006866455 27.2999992370605 26.8500003814697 27.3500003814697 27.5300006866455 26.3299999237061 24.9099998474121 24.4099998474121 24.75
30.8400001525879 32.0299987792969 32.6300010681152 32.4900016784668 32.3699989318848 32.6500015258789 34.0200004577637 37.8800010681152 42.2299995422363 43.9700012207031 43.4500007629395 41.3400001525879 38.8699989318848 36.9900016784668 35.1300010681152 32.6800003051758 30.1399993896484 28.7099990844727 28.4099998474121 28.2700004577637 27.8500003814697 27.0100002288818 25.9799995422363 25.1700000762939 24.6299991607666 24 23.3099994659424 23.1399993896484 23.7199993133545 24.7199993133545 25.6800003051758 26.0799999237061 26.5 28.3999996185303 31.4500007629395 33.8600006103516 34.2999992370605 32.8400001525879 31.4099998474121 32.2400016784668 34.9099998474121 37.0999984741211 37.7299995422363 36.7700004577637 34.4599990844727 31.4699993133545
29.7099990844727 31.4099998474121 32.2099990844727 32.3499984741211 32.2299995422363 32.4599990844727 33.3199996948242 34.7900009155273 37.2700004577637 39.310001373291 39.310001373291 37.3899993896484 35.1199989318848 33.189998626709 31.7000007629395 30.2600002288818 28.8400001525879 27.8400001525879 27.4099998474121 27.1299991607666 26.8600006103516 26.7000007629395 26.4699993133545 25.8799991607666 24.9400005340576 24.1499996185303 23.8400001525879 24.4200000762939 26.0100002288818 27.7800006866455 29.2600002288818 30.1200008392334 30.6100006103516 32.3499984741211 34.439998626709 35.060001373291 34.189998626709 33.4500007629395 34.2099990844727 35.9599990844727 37.2200012207031 38.0400009155273 39.0200004577637 39.5 38.5400009155273 35.8400001525879
32.0400009155273 32.7900009155273 32.7900009155273 32.3600006103516 31.7999992370605 31.5400009155273 31.9400005340576 32.439998626709 33.0800018310547 33.8600006103516 34.0299987792969 32.9799995422363 31.8899993896484 30.8199996948242 29.7800006866455 29.0400009155273 28.6700000762939 28 27.1700000762939 26.6499996185303 26.6499996185303 26.8500003814697 26.6800003051758 26.0499992370605 25.3899993896484 25.1800003051758 25.7000007629395 26.9799995422363 28.8500003814697 30.8400001525879 32.5999984741211 33.5200004577637 32.8499984741211 32.5499992370605 32.1300010681152 31.0100002288818 31.1100006103516 33.0400009155273 35.1699981689453 35.9000015258789 35.0299987792969 33.4900016784668 32.2000007629395 31.5300006866455 31.3099994659424 30.8099994659424
36.5200004577637 34.9799995422363 33.2999992370605 31.7900009155273 30.7600002288818 30.0300006866455 29.5699996948242 29.4300003051758 29.2199993133545 28.6700000762939 28.7900009155273 28.8099994659424 28.7700004577637 28.4699993133545 27.9699993133545 27.7299995422363 27.9799995422363 28 27.1599998474121 26.1900005340576 25.8799991607666 25.8500003814697 25.3999996185303 24.9799995422363 25.6100006103516 27.1800003051758 28.7299995422363 29.9899997711182 31.4200000762939 33.1599998474121 34.9700012207031 35.6699981689453 34.2299995422363 31.9300003051758 30.1399993896484 29.0400009155273 29.1399993896484 29.8500003814697 30.2600002288818 30.2299995422363 29.8600006103516 28.7600002288818 26.9799995422363 25.0400009155273 23.8400001525879 23.9400005340576
38.6300010681152 35.439998626709 32.9500007629395 31.1900005340576 30.1000003814697 29.2999992370605 28.1599998474121 26.1499996185303 23.9500007629395 22.6700000762939 23.1800003051758 24.4300003051758 25.6100006103516 26.2700004577637 26.4799995422363 26.4599990844727 26.5699996948242 26.9599990844727 26.8600006103516 25.9899997711182 25.0499992370605 24.3899993896484 24.0799999237061 24.2600002288818 25.6599998474121 28.4099998474121 30.7399997711182 31.6599998474121 32.0699996948242 33.1699981689453 34.8300018310547 35.7299995422363 34.8600006103516 32.5099983215332 30.5499992370605 30.0699996948242 29.6700000762939 28.2600002288818 26.6299991607666 25.6499996185303 25.1299991607666 24.7000007629395 23.9400005340576 23.1800003051758 23.2099990844727 24.2099990844727
37.4900016784668 34.8300018310547 32.7099990844727 31.1200008392334 30.0300006866455 28.9500007629395 27.1000003814697 24.0400009155273 21.0200004577637 19.8099994659424 20.7099990844727 22.75 24.7399997711182 25.8999996185303 26.2399997711182 26.0900001525879 25.6200008392334 25.5499992370605 26.0200004577637 25.8999996185303 24.7299995422363 23.6100006103516 23.3600006103516 23.9799995422363 25.3400001525879 26.8299999237061 28.3899993896484 30.1700000762939 31.7000007629395 32.9300003051758 34.1699981689453 35.0800018310547 35.3600006103516 34.0200004577637 31.7700004577637 30.9400005340576 30.8099994659424 30.7299995422363 29.6499996185303 27.7700004577637 25.8500003814697 24.4699993133545 24.0200004577637 24.8400001525879 26.4899997711182 28
35.8699989318848 33.8899993896484 32.1699981689453 30.7999992370605 29.5599994659424 28.3299999237061 27.2600002288818 26.5300006866455 25.8600006103516 24.8299999237061 25.0599994659424 26.3500003814697 27.0499992370605 26.7800006866455 26.1599998474121 25.6800003051758 25.2199993133545 24.7399997711182 24.6000003814697 24.5799999237061 23.9599990844727 23.2600002288818 23.2800006866455 24.5200004577637 25.7600002288818 25.2800006866455 25.2000007629395 27.4300003051758 30.8500003814697 33.0499992370605 34.0299987792969 34.5499992370605 35.310001373291 34.9700012207031 32.5999984741211 30.4899997711182 29.8700008392334 30.1599998474121 30.2199993133545 29.2299995422363 27.6399993896484 26.3299999237061 25.9699993133545 26.5499992370605 27.2900009155273 27.5400009155273
