data/real/Dogrib_v624/conserv_mass/windninja_270_30_100m_vel.asc
NCOLS 357 
NROWS 223 
XLLCORNER 457900 
YLLCORNER 5716800 
CELLSIZE 100 
NODATA_value -3.4e+38 
[rows 0 to 20 of 223, columns 184 to 229 of 357]
28.9899997711182 29.4500007629395 29.3199996948242 29.0799999237061 28.5100002288818 28.1100006103516 28.25 29.5200004577637 31.4799995422363 32.5200004577637 32.5400009155273 31.7099990844727 30.7900009155273 30.7999992370605 30.7199993133545 29.5599994659424 27.8400001525879 26.5900001525879 27.0300006866455 28.4899997711182 29.4699993133545 30.4699993133545 31.6800003051758 32.7200012207031 32.4099998474121 30.5699996948242 29.9500007629395 30.6100006103516 30.4799995422363 29.4099998474121 29.1000003814697 29.7099990844727 29.6100006103516 28.7299995422363 29.5300006866455 30.8299999237061 29.8400001525879 28.7299995422363 29.0200004577637 29.2800006866455 28.7700004577637 28.6000003814697 29.1800003051758 29.5900001525879 29.5499992370605 29.3400001525879
29.0499992370605 29.6800003051758 29.2600002288818 28.9300003051758 28.0799999237061 27.2800006866455 27.3099994659424 29.25 32.8400001525879 34.75 33.6500015258789 31.5300006866455 30.6599998474121 31.0799999237061 30.6900005340576 28.8500003814697 26.7099990844727 25.0100002288818 24.8299999237061 26.3999996185303 27.9099998474121 29.3500003814697 31.6700000762939 34.1800003051758 33.7099990844727 30.4400005340576 29.3600006103516 30.4599990844727 30.0300006866455 28.0900001525879 27.9200000762939 28.9899997711182 29.4599990844727 29.2800006866455 29.9799995422363 30.6900005340576 29.2700004577637 28.0699996948242 28.5100002288818 28.8700008392334 28.3999996185303 28.2800006866455 29.0200004577637 29.6700000762939 29.5799999237061 29.3400001525879
30.4899997711182 30.6700000762939 29.4400005340576 28.9899997711182 27.8299999237061 26.5200004577637 26.3099994659424 29.25 34.7400016784668 37.4199981689453 35.0999984741211 31.9500007629395 31.6599998474121 32.2099990844727 30.4200000762939 27.2299995422363 24.8899993896484 23.3099994659424 22.7299995422363 24.2800006866455 26.6700000762939 28.6200008392334 31.4799995422363 34.8499984741211 35.2099990844727 32.3800010681152 30.3299999237061 30.5799999237061 29.2600002288818 26.5200004577637 26.4599990844727 28.2199993133545 30.2399997711182 31.3199996948242 30.4400005340576 29.3400001525879 28.4500007629395 27.6100006103516 27.7099990844727 27.9899997711182 28.1100006103516 28.3799991607666 28.7700004577637 29.1800003051758 29.3199996948242 29.5300006866455
34.0699996948242 33.3699989318848 31.1100006103516 30.1599998474121 28.6100006103516 27.1399993896484 26.5799999237061 28.9799995422363 34.5400009155273 37.6599998474121 35.7200012207031 33.4900016784668 34.1199989318848 33.5699996948242 29.4599990844727 25.2700004577637 23.3999996185303 22.6000003814697 22.3199996948242 23.8199996948242 26.2600002288818 27.7900009155273 29.9899997711182 33.1599998474121 34.439998626709 33.9000015258789 32.810001373291 31.0599994659424 28.4400005340576 26.1499996185303 26.3099994659424 28.5200004577637 31.6800003051758 32.810001373291 30.1200008392334 28.0200004577637 28.0799999237061 27.7299995422363 26.9899997711182 26.8500003814697 28.2099990844727 29.4699993133545 28.6299991607666 27.6299991607666 28.5100002288818 29.5799999237061
37.3400001525879 38.25 35.2200012207031 32.7700004577637 29.4699993133545 27.0900001525879 26.4400005340576 27.7099990844727 32.4500007629395 36.6100006103516 36.7799987792969 35.8899993896484 36.060001373291 33.8199996948242 28.2000007629395 23.6499996185303 22.0799999237061 21.7999992370605 22.1800003051758 23.7999992370605 25.5400009155273 26.4500007629395 28.3199996948242 31.6900005340576 33.2299995422363 32.4700012207031 32.5299987792969 32.4900016784668 29.6700000762939 26.5100002288818 27.1100006103516 29.9300003051758 31.75 31.6000003814697 30.0400009155273 28.8999996185303 28.3600006103516 27.5699996948242 26.1599998474121 25.6100006103516 28.2000007629395 30.2999992370605 28.25 26.3099994659424 27.7900009155273 29.1000003814697
37.9599990844727 41.7299995422363 39.9099998474121 35.4599990844727 29.1900005340576 25.2600002288818 25.2900009155273 26.2800006866455 29.2999992370605 34.5200004577637 37.6500015258789 37.9900016784668 36.8899993896484 33.439998626709 27.8099994659424 23.0699996948242 20.9500007629395 20.7999992370605 21.9799995422363 23.7199993133545 24.9500007629395 25.9099998474121 27.7099990844727 30.2399997711182 31.6499996185303 30.1800003051758 29.9500007629395 33.310001373291 32.1399993896484 27.3700008392334 28.0900001525879 30.8400001525879 30.1100006103516 29.2700004577637 30.6200008392334 30.9099998474121 28.75 26.8799991607666 25.5799999237061 25.1599998474121 27.9799995422363 29.9200000762939 27.6499996185303 26.2700004577637 27.8600006103516 28.8700008392334
37.8400001525879 42.2599983215332 42.7299995422363 37.7400016784668 28.5300006866455 22.8999996185303 23.3400001525879 25.2000007629395 26.7800006866455 31.75 37.3400001525879 38.9000015258789 37.2799987792969 33.6800003051758 28.3999996185303 23.3700008392334 20.5100002288818 20.3799991607666 21.8899993896484 23.5499992370605 24.9899997711182 26.3299999237061 27.6200008392334 28.7600002288818 29.3400001525879 28.4400005340576 29.0100002288818 32.9500007629395 32.4500007629395 28.1100006103516 29.1200008392334 31.4699993133545 29.3899993896484 27.9300003051758 30.3500003814697 31.6399993896484 28.7700004577637 26.0900001525879 25.5799999237061 25.7399997711182 27.5100002288818 28.6299991607666 27.0400009155273 26.6399993896484 28.2800006866455 29.2999992370605
39.8499984741211 41.2400016784668 42.4599990844727 39.6500015258789 29.75 21.6499996185303 21.2999992370605 24.2199993133545 25.6100006103516 29.1299991607666 35.5699996948242 38.439998626709 37.2999992370605 34.0999984741211 29.0799999237061 23.9400005340576 21.0200004577637 20.9099998474121 22.3099994659424 23.8899993896484 25.5300006866455 26.8199996948242 27.5400009155273 27.8799991607666 28 27.9300003051758 29.0900001525879 31.4699993133545 30.3899993896484 28.2600002288818 30.5200004577637 32.5800018310547 30.7600002288818 28.7999992370605 29.1700000762939 29.8899993896484 28.2600002288818 26.1000003814697 25.7600002288818 26.1599998474121 27.0799999237061 27.6000003814697 26.6900005340576 26.7299995422363 28.2399997711182 29.6200008392334
42.060001373291 40.5299987792969 39.6699981689453 39.5900001525879 32.4799995422363 22.6800003051758 20.2999992370605 23.0200004577637 25.0300006866455 27.3799991607666 33.0200004577637 36.8400001525879 36.4900016784668 33.9000015258789 29.3999996185303 24.4200000762939 21.6299991607666 21.7999992370605 23.6800003051758 25.6000003814697 26.6200008392334 27.0200004577637 27.4300003051758 27.5599994659424 27.6299991607666 27.9699993133545 28.5599994659424 29.3500003814697 28.3099994659424 28.0900001525879 31.9200000762939 33.8499984741211 32.060001373291 29.5499992370605 27.8700008392334 27.8299999237061 27.5100002288818 26.3999996185303 25.6599998474121 25.7900009155273 26.6399993896484 26.8700008392334 26.3500003814697 26.7099990844727 27.9799995422363 29.7299995422363
42.689998626709 40.3800010681152 37.2400016784668 37.5099983215332 33.4099998474121 25.2399997711182 20.7999992370605 21.8799991607666 24.4699993133545 26.4699993133545 30.4599990844727 34.4099998474121 34.8899993896484 32.8699989318848 29.1399993896484 24.6599998474121 22.0100002288818 22.5699996948242 25.8500003814697 28.8799991607666 28.4200000762939 26.7099990844727 26.8799991607666 27.3400001525879 27.4899997711182 28.0599994659424 28.0599994659424 27.7299995422363 27.0400009155273 28.5499992370605 33.2900009155273 34.8300018310547 32.3499984741211 29.0799999237061 27.1000003814697 27.2700004577637 27.1399993896484 26.1399993896484 25.2800006866455 25.1499996185303 25.7900009155273 25.75 25.4200000762939 26.6100006103516 28.5100002288818 30.9200000762939
41.7200012207031 40.2799987792969 37.1500015258789 35.0900001525879 31.7199993133545 27.1200008392334 22.8799991607666 21.9200000762939 23.9200000762939 25.75 28.2700004577637 31.6000003814697 32.5099983215332 30.9799995422363 28.1200008392334 24.5200004577637 22.3099994659424 23.3799991607666 28.4300003051758 32.7000007629395 29.9599990844727 25.5900001525879 25.9899997711182 27.3400001525879 27.6399993896484 28.3700008392334 27.75 26.0400009155273 26.0100002288818 29.7900009155273 34.7599983215332 35.5299987792969 32.4300003051758 28.4099998474121 26.5699996948242 27.1499996185303 26.8799991607666 25.7000007629395 24.9899997711182 24.25 24.0300006866455 24.4500007629395 24.4500007629395 25.8700008392334 29.9500007629395 35.3400001525879
40.8199996948242 38.3600006103516 36.9099998474121 34.6699981689453 31.1700000762939 28.6200008392334 25.4400005340576 23.2000007629395 23.9300003051758 25.3999996185303 26.8400001525879 28.7099990844727 29.2999992370605 28.3099994659424 26.25 23.9699993133545 22.8700008392334 24.8099994659424 31.6599998474121 35.4500007629395 30.1800003051758 24.7700004577637 25.7800006866455 27.6599998474121 28 28.1399993896484 26.1800003051758 23.8700008392334 25.6100006103516 31.5499992370605 36.5400009155273 36.2200012207031 32.4599990844727 28.3799991607666 26.5 26.5799999237061 26.3299999237061 25.9599990844727 24.9899997711182 22.5100002288818 21.3099994659424 22.8899993896484 24.0300006866455 25.2299995422363 31.7199993133545 41.2000007629395
41.75 36.4900016784668 34.0499992370605 33.4799995422363 32.310001373291 30.9400005340576 27.7199993133545 24.75 24.6499996185303 25.7099990844727 25.8500003814697 25.7399997711182 25.9899997711182 25.2600002288818 23.5900001525879 23.2099990844727 24.1700000762939 27.6700000762939 34.7599983215332 36.4700012207031 29.9799995422363 25.6399993896484 26.8400001525879 27.7700004577637 27.1499996185303 25.7900009155273 23.4899997711182 23.1499996185303 26.75 33.4700012207031 38.1300010681152 36.8899993896484 32.6199989318848 28.9099998474121 26.9899997711182 26.2800006866455 26.2600002288818 27.0200004577637 24.6000003814697 19.7399997711182 18.6900005340576 21.3500003814697 23.6800003051758 26.2099990844727 34.4099998474121 44.1199989318848
43.9099998474121 37.5299987792969 31.6000003814697 30.0200004577637 30.8799991607666 32.4000015258789 30.5100002288818 26.5200004577637 25.4200000762939 25.8500003814697 24.7999992370605 23.5300006866455 23.5200004577637 22.1800003051758 20.6299991607666 22.2600002288818 25.9400005340576 31.5599994659424 37.4799995422363 36.2799987792969 30.0799999237061 27.2600002288818 27.3899993896484 26.2299995422363 24.1200008392334 22.3700008392334 21.7999992370605 23.7199993133545 28.7299995422363 34.9900016784668 38.7700004577637 37.4900016784668 33.2999992370605 29.6399993896484 27.7099990844727 27.2399997711182 27.9599990844727 27.7999992370605 22.75 16.4899997711182 16.7600002288818 21.0599994659424 24.4200000762939 29.5 37.7799987792969 44.0099983215332
44.189998626709 39.7099990844727 32.2700004577637 28.25 28.25 31.1299991607666 32.0499992370605 28.25 25.5799999237061 25.3099994659424 24.0100002288818 22.8799991607666 22.3899993896484 20.0200004577637 18.2999992370605 21.2000007629395 27.4899997711182 35.2700004577637 39.3699989318848 35.2400016784668 29.0100002288818 27.1100006103516 26.3199996948242 23.9400005340576 21.2999992370605 20.1599998474121 21.0499992370605 24.6200008392334 30.3600006103516 35.560001373291 38.4599990844727 37.9099998474121 34.4099998474121 30.7900009155273 29.4599990844727 30.1800003051758 30.2000007629395 26.6800003051758 19.9200000762939 13.9200000762939 15.1300001144409 21.4400005340576 26.6200008392334 34.2900009155273 41.2099990844727 42.5299987792969
41.9700012207031 39.1100006103516 34.2299995422363 29.6299991607666 27.8299999237061 29.0799999237061 30.8600006103516 28.5300006866455 25.8199996948242 25.0100002288818 23.5100002288818 22.6200008392334 21.7199993133545 19.2299995422363 18.3600006103516 21.8299999237061 29.4099998474121 37.4900016784668 39.3899993896484 33.7200012207031 27.75 25.8099994659424 25.0300006866455 22.5900001525879 19.9099998474121 19.4799995422363 21.3700008392334 25.8500003814697 31.1299991607666 34.689998626709 37.1699981689453 38.2400016784668 36.3400001525879 33.4700012207031 33.189998626709 33.2299995422363 29.8299999237061 24.6700000762939 18.2299995422363 12.5600004196167 14.1800003051758 21.3899993896484 28.1399993896484 37.4799995422363 43.560001373291 41.1399993896484
38.7900009155273 35.25 34.4799995422363 32.4099998474121 28.9599990844727 27.3999996185303 27.6800003051758 27.6800003051758 27.1100006103516 25.6800003051758 23.0799999237061 21.6599998474121 20.3799991607666 18.9699993133545 21.1599998474121 26.3099994659424 32.1599998474121 36.9500007629395 37.1199989318848 32.5900001525879 27.6200008392334 25.0599994659424 23.8099994659424 21.4400005340576 19.5400009155273 20.2700004577637 22.8799991607666 27.4099998474121 31.2000007629395 32.5400009155273 34.5800018310547 38.1599998474121 39.6100006103516 38.2000007629395 36.3499984741211 32.7000007629395 27.9500007629395 23.6000003814697 17.4500007629395 12.1199998855591 14.0299997329712 21.2600002288818 28.0200004577637 37.4099998474121 45.2599983215332 41.9199981689453
36.0699996948242 30.7199993133545 32.3400001525879 33.8800010681152 29.8899993896484 25.8400001525879 25.4500007629395 28.0499992370605 29.3600006103516 26.5100002288818 22.2700004577637 19.9799995422363 18.8600006103516 19.4400005340576 25.4200000762939 32.0800018310547 33.7299995422363 33.5200004577637 33.2200012207031 31.1800003051758 27.8899993896484 24.9899997711182 22.7399997711182 20.4300003051758 19.6000003814697 21.3899993896484 24.5699996948242 28.75 31.4500007629395 30.9400005340576 32.060001373291 38.3300018310547 43.4799995422363 41.3199996948242 35.0699996948242 29.6299991607666 26.5599994659424 23.2600002288818 17.7399997711182 12.4899997711182 13.789999961853 20.6299991607666 27.1900005340576 36.2900009155273 46.2999992370605 44.3199996948242
34.3300018310547 28.6900005340576 29.6399993896484 32.7200012207031 29.6299991607666 25.2800006866455 25.7700004577637 30.0499992370605 30.8600006103516 25.8099994659424 20.7700004577637 18.1100006103516 18.0599994659424 22.0699996948242 30.2600002288818 35.3199996948242 33.0999984741211 29.4200000762939 29.2199993133545 29.5799999237061 27.3999996185303 24.5300006866455 22.3700008392334 20.3999996185303 19.7999992370605 21.5799999237061 25.0100002288818 29.4500007629395 32.3899993896484 31.3799991607666 32.9900016784668 42.2900009155273 45.9099998474121 39.5 31.4599990844727 27.3400001525879 25.5900001525879 23.5100002288818 19.0599994659424 13.4799995422363 13.1800003051758 19.0799999237061 26.4500007629395 36.6300010681152 47.3400001525879 45.4700012207031
32.6800003051758 28.8199996948242 28.4099998474121 29.6100006103516 28.5 26.5900001525879 28.0200004577637 31.4799995422363 30.2199993133545 24.1399993896484 19.2700004577637 16.6599998474121 18.2000007629395 26.4300003051758 34.7799987792969 35.5800018310547 31.4599990844727 27.1900005340576 26.75 27.6299991607666 25.4699993133545 23.4599990844727 22.9300003051758 21.8500003814697 20.5200004577637 21.2299995422363 24.1900005340576 28.8400001525879 32.7099990844727 32.9900016784668 37.6599998474121 46.8600006103516 45.2799987792969 34.7299995422363 28.5900001525879 26.0699996948242 24.9300003051758 23.7399997711182 20.0799999237061 14.7399997711182 12.9200000762939 17.6100006103516 26.1200008392334 38.3800010681152 48.6800003051758 44.8300018310547
31.5699996948242 29.5699996948242 28.0799999237061 27.4500007629395 28.4300003051758 29.2600002288818 29.8799991607666 30.4500007629395 27.9500007629395 22.6800003051758 18.1100006103516 16.0400009155273 19.7399997711182 30.8799991607666 37.4099998474121 34.3199996948242 29.5300006866455 26.5900001525879 26.1599998474121 25.4300003051758 22.7600002288818 22.4099998474121 23.7999992370605 23.8500003814697 22.2600002288818 21.7199993133545 23.75 27.9899997711182 31.8600006103516 34.689998626709 42.310001373291 49.060001373291 42.810001373291 31.25 26.2900009155273 24.5799999237061 24.2399997711182 23.1700000762939 19.6100006103516 15.6199998855591 13.8999996185303 17.3700008392334 26.5300006866455 40.6599998474121 49.2400016784668 43.6100006103516
