data/real/sherpa_10H/Elevation.asc
ncols 326
nrows 339
xllcorner -2171145.0
yllcorner 1551315.0
cellsize 30.0
NODATA_value None
[rows 168 to 209 of 339, columns 192 to 287 of 326]
275 271 275 302 315 322 327 334 325 309 310 323 333 336 327 344 377 388 416 426 436 447 445 421 402 398 394 384 384 384 363 343 344 346 367 388 421 435 465 503 516 530 536 544 546 553 541 547 559 554 557 545 541 524 519 501 489 468 460 466 464 454 460 455 457 454 428 426 434 421 433 444 443 446 444 440 453 444 444 456 451 439 427 424 406 415 445 454 480 492 513 528 535 535 534 542
257 248 257 292 303 310 322 326 309 299 287 315 312 311 324 346 361 378 401 424 428 425 431 406 392 386 382 378 370 358 345 337 338 361 388 402 420 462 477 495 500 520 523 530 549 553 563 569 578 581 569 559 549 524 502 482 478 469 450 458 458 450 444 441 447 448 425 418 411 416 424 426 431 432 430 431 427 431 432 434 435 429 416 410 393 402 436 448 467 479 490 521 525 526 539 549
230 242 262 275 292 300 312 321 306 285 283 283 297 305 332 337 358 379 391 413 421 413 409 404 377 365 372 365 340 346 332 335 356 369 389 425 440 465 477 480 488 493 499 516 525 547 565 572 587 589 586 565 545 526 512 491 465 451 441 446 447 442 442 431 427 438 439 427 422 409 416 421 418 426 423 416 417 413 421 424 415 411 398 391 390 412 417 436 442 450 469 481 511 514 517 540
228 234 249 259 265 288 300 302 287 274 274 290 311 314 339 363 364 385 407 417 406 392 390 384 372 350 350 357 335 324 329 337 353 379 390 421 443 456 470 472 472 481 490 507 529 536 558 568 573 592 588 573 554 532 507 483 473 450 438 430 436 428 433 432 422 419 431 432 432 404 397 414 412 413 418 414 408 410 408 405 395 386 385 389 397 409 419 429 434 442 444 465 469 498 509 511
219 227 233 247 254 267 290 291 271 263 288 300 321 345 348 376 396 404 414 417 393 385 368 369 351 342 336 331 324 321 340 358 367 381 397 420 427 444 446 459 462 472 494 498 505 526 539 547 569 576 586 578 555 523 513 494 473 471 451 429 415 418 427 425 420 410 415 425 429 421 393 393 404 406 410 411 406 402 401 394 378 379 390 399 401 411 417 424 426 433 435 443 456 460 469 494
217 219 227 229 248 253 257 273 254 265 286 315 327 343 359 375 395 413 429 424 402 379 356 345 348 328 316 321 315 331 346 366 382 391 390 413 419 420 433 433 454 460 476 490 506 513 534 544 548 566 572 574 563 541 513 506 495 469 457 453 426 406 419 421 412 403 408 415 429 421 413 387 390 395 407 405 404 402 388 376 373 392 395 396 398 409 412 419 420 433 443 450 462 465 480 489
217 220 224 230 233 239 244 245 254 283 293 315 331 348 360 372 387 404 414 417 391 379 355 334 328 329 311 309 313 334 351 373 381 385 386 391 407 406 411 423 443 462 483 496 512 524 529 535 543 552 563 566 566 553 538 513 492 485 467 455 445 414 399 404 409 393 405 413 418 424 409 398 381 391 396 401 396 392 385 367 385 391 392 395 399 407 410 414 425 429 439 458 468 472 487 500
245 232 231 230 232 234 238 250 254 275 284 291 312 324 340 366 369 381 402 402 384 364 348 340 323 308 305 309 331 347 356 363 371 372 382 383 388 395 415 438 458 474 495 511 517 529 536 546 546 549 549 557 558 559 539 530 502 494 486 463 443 422 403 392 388 385 390 406 415 419 414 396 371 382 391 390 392 380 364 379 383 389 388 396 400 405 409 411 415 425 444 448 460 471 477 492
242 251 242 243 244 242 245 242 250 255 259 277 285 303 318 331 359 366 370 383 372 365 337 321 326 303 303 321 331 340 347 348 347 367 363 372 393 422 436 452 470 483 488 499 510 518 530 542 555 553 543 540 547 547 548 536 531 514 482 465 446 428 416 390 390 377 391 391 400 412 404 396 369 384 386 385 377 362 363 381 386 383 386 396 401 404 413 417 423 429 431 436 441 463 473 465
252 252 265 260 260 256 253 245 249 254 268 276 281 290 311 317 327 348 355 356 362 358 353 329 306 296 301 319 332 325 323 333 341 349 366 407 427 436 450 467 475 485 493 498 500 512 518 521 546 547 538 532 525 533 534 532 531 512 503 477 456 430 423 412 392 381 373 383 397 401 400 383 367 375 378 379 368 358 375 382 380 382 392 395 403 413 418 419 427 435 431 418 437 453 456 453
262 266 270 282 284 268 265 250 254 258 264 267 273 282 294 300 317 321 339 343 341 347 343 326 312 293 301 312 308 324 343 348 353 374 395 409 420 432 443 463 485 490 489 490 489 492 511 516 521 536 536 526 519 509 522 517 516 505 485 472 464 444 431 416 401 378 368 365 387 392 389 382 364 363 366 354 355 368 375 379 377 383 395 404 407 412 413 419 419 421 416 415 424 447 447 440
276 272 282 292 293 291 277 274 252 266 270 268 276 279 290 295 303 311 312 327 331 322 329 325 296 290 299 308 319 324 339 348 355 371 383 402 417 432 444 464 470 471 475 474 483 487 491 504 510 516 526 530 518 497 498 504 504 490 476 461 451 452 440 422 397 390 374 362 368 381 376 361 361 357 348 359 366 370 375 373 377 389 392 399 398 396 406 405 409 407 402 414 436 444 442 435
282 285 287 300 301 298 289 276 270 267 280 275 285 286 295 292 294 297 305 317 326 321 307 315 292 292 303 306 321 327 344 351 354 375 379 398 415 433 441 454 465 466 458 464 468 478 479 481 495 504 512 523 519 496 482 477 491 487 459 449 442 429 434 427 409 387 379 363 358 360 369 353 359 347 346 361 365 369 370 374 382 385 384 382 388 389 394 396 398 393 401 419 432 436 426 432
279 288 296 300 305 300 293 293 279 274 283 281 281 291 295 300 299 305 308 320 328 321 308 294 283 289 307 314 326 332 355 372 380 383 404 415 424 441 448 452 452 461 452 447 457 458 457 472 485 500 502 505 515 488 471 461 464 466 469 433 422 418 411 420 413 395 374 362 359 352 350 355 358 342 357 360 365 368 367 370 377 372 377 376 374 384 386 384 389 402 407 418 422 426 423 416
295 293 298 302 308 309 302 296 287 280 285 291 285 288 298 305 308 312 324 332 330 309 295 293 279 301 318 327 338 348 353 373 387 398 413 424 423 438 437 446 454 457 450 440 440 447 447 453 470 479 497 493 494 493 457 444 445 450 451 444 409 401 401 399 402 385 375 362 350 351 347 352 341 340 354 361 363 364 367 370 367 368 365 364 370 372 380 382 387 401 404 408 416 410 406 411
292 299 303 304 309 312 312 304 291 288 286 296 302 292 297 304 310 315 326 328 318 310 292 275 289 298 308 328 333 352 361 355 369 386 390 408 408 417 424 426 447 452 439 434 428 426 437 440 448 469 474 488 479 475 459 430 413 433 435 433 414 384 367 387 385 379 363 350 343 347 346 350 335 346 355 359 361 361 363 365 355 363 360 365 368 372 376 381 386 389 398 404 400 404 408 419
289 291 296 307 313 316 316 308 296 298 296 302 307 308 300 303 312 324 320 320 314 301 283 273 283 297 302 310 325 334 336 344 362 377 377 374 399 406 399 427 442 434 433 425 419 417 419 433 437 446 463 464 462 457 450 430 404 401 416 420 412 378 367 354 372 368 365 352 335 344 343 345 336 344 352 355 356 359 354 357 358 368 377 376 378 376 375 379 385 390 392 396 395 406 411 417
287 287 295 299 313 320 323 322 322 316 309 311 313 315 313 307 323 331 322 312 299 299 283 269 272 280 299 306 308 323 324 330 350 351 365 362 382 387 398 411 435 416 408 415 403 413 416 422 431 435 441 453 445 434 443 425 402 385 387 404 404 398 366 346 343 359 354 349 334 332 347 341 331 348 351 350 353 346 348 360 377 380 386 396 392 391 384 377 381 382 388 389 395 403 406 416
296 297 291 298 303 318 325 329 327 322 324 322 324 323 323 321 325 335 324 315 299 284 282 270 268 271 274 297 302 305 319 326 332 342 345 358 373 368 391 410 406 410 388 382 391 406 419 423 428 434 435 433 437 420 422 430 396 370 372 373 389 389 384 351 336 337 347 338 328 339 340 328 328 343 349 351 343 352 364 374 383 398 402 408 414 401 398 394 382 389 392 388 391 395 402 406
311 305 306 298 305 313 322 326 329 327 327 335 333 333 335 334 338 333 320 308 298 292 284 271 264 262 270 274 291 300 306 318 324 325 343 350 347 375 381 398 395 385 379 366 380 400 411 409 430 434 433 425 420 411 412 411 406 375 349 361 361 377 373 361 335 330 337 337 325 338 336 323 339 344 347 347 350 365 370 379 384 394 409 430 425 425 408 404 409 401 405 408 398 395 396 408
321 320 314 312 312 310 313 321 326 332 333 337 347 341 344 350 343 334 324 315 304 291 286 275 262 261 261 267 273 287 296 299 315 322 326 339 335 351 371 363 384 378 351 354 370 386 396 399 416 430 428 419 406 394 403 403 393 365 350 337 349 351 351 348 329 322 329 316 325 331 319 335 337 337 343 336 345 358 377 386 391 399 420 433 448 435 429 415 421 425 416 420 419 404 401 400
329 329 327 319 320 321 315 317 327 330 337 344 351 355 351 353 351 338 329 314 304 290 280 276 258 259 268 275 277 280 290 295 306 317 318 324 335 347 345 352 371 374 350 340 368 373 366 395 403 412 416 406 394 385 388 390 384 381 356 347 325 339 336 330 318 305 315 314 316 317 322 329 328 332 338 343 368 372 371 392 402 410 421 437 446 457 435 447 447 437 444 432 430 428 413 410
324 333 334 336 326 329 332 325 326 331 339 345 356 363 365 356 345 335 331 320 310 299 289 265 258 264 275 283 289 289 294 297 301 306 319 315 316 336 330 336 359 365 342 332 343 356 363 370 391 394 390 404 380 361 376 385 368 368 367 345 326 315 325 311 301 308 323 326 312 326 341 348 352 344 361 370 380 383 378 388 411 425 431 440 452 466 465 461 462 470 458 456 440 439 434 418
309 309 333 342 345 336 338 342 335 337 341 347 353 364 361 349 341 332 326 324 315 298 278 271 254 262 269 280 285 287 291 294 298 305 304 304 314 315 325 333 342 356 346 323 336 333 341 357 361 380 375 379 378 353 360 376 369 347 355 348 336 309 301 300 310 324 330 344 361 354 371 364 377 383 377 389 407 396 389 390 407 431 452 455 463 472 480 483 477 481 473 470 463 456 442 440
283 300 314 321 345 349 349 350 351 347 348 353 357 367 367 355 345 336 331 323 312 303 288 261 247 260 266 279 279 281 287 296 293 294 297 300 307 312 319 327 340 351 338 328 317 327 332 336 355 354 361 369 359 350 351 361 356 346 336 326 316 299 295 306 310 320 330 348 353 368 391 396 406 399 408 400 416 418 401 392 408 437 449 468 476 486 483 477 473 477 463 458 460 456 455 448
275 280 299 312 324 339 347 358 359 363 358 363 366 369 366 360 350 335 328 322 303 299 284 274 246 267 280 288 290 285 287 291 293 297 296 306 309 313 321 328 336 346 349 326 315 312 323 335 339 343 349 353 353 334 348 351 342 333 325 315 297 291 301 315 330 324 326 334 351 359 371 392 406 414 426 434 425 428 419 400 405 426 454 475 481 487 480 474 464 450 447 444 443 453 452 448
269 274 288 302 315 324 338 352 367 373 374 370 375 377 367 354 340 330 319 300 294 287 282 258 247 263 288 302 298 300 301 298 299 296 301 300 307 315 320 326 333 343 351 344 314 306 310 329 327 326 344 348 334 329 327 342 337 320 314 294 288 295 314 325 333 345 339 343 352 356 365 370 396 412 420 440 453 452 432 428 416 433 444 470 463 456 469 463 450 442 423 430 431 433 442 436
253 265 280 288 306 317 328 349 357 372 382 383 382 383 374 360 346 336 319 307 288 272 266 252 240 269 285 300 311 307 308 312 307 308 302 303 304 312 316 322 330 338 343 333 324 304 311 317 317 333 340 345 331 315 320 325 317 309 301 291 294 311 322 333 343 346 354 364 366 370 365 371 375 398 413 427 444 457 460 443 444 446 464 463 451 437 429 444 441 419 410 406 425 422 420 427
245 248 265 277 291 312 318 331 353 363 366 383 392 389 383 369 347 342 330 308 300 281 266 248 238 263 283 298 308 317 315 318 319 314 313 312 309 309 313 317 325 337 339 336 314 305 297 304 319 328 336 329 324 310 313 314 310 302 289 285 293 309 320 331 341 357 366 370 381 385 390 382 386 398 401 418 441 453 453 452 458 463 464 449 421 423 414 414 426 413 384 391 399 407 412 416
232 239 251 265 278 291 315 320 335 356 360 366 387 390 389 379 369 346 338 315 290 274 266 244 241 250 278 293 306 312 320 325 324 324 318 319 318 313 318 319 324 331 337 335 316 297 294 299 313 320 324 325 302 308 309 301 301 282 279 285 303 313 328 338 346 358 377 385 390 394 407 415 416 416 433 438 448 432 439 438 441 452 447 445 429 408 399 399 401 393 381 361 390 395 396 413
237 252 255 269 282 285 301 318 333 335 350 363 368 381 388 385 373 345 328 306 295 278 257 246 236 253 274 288 298 302 316 321 329 330 328 323 320 326 324 328 332 331 329 326 310 301 290 295 298 314 315 306 301 295 300 295 287 278 284 289 306 325 347 348 359 367 378 398 403 404 410 428 436 440 442 441 442 430 410 426 423 420 428 426 420 416 386 373 388 385 362 358 368 378 394 401
241 258 275 277 295 307 315 325 326 324 332 347 357 367 380 385 364 331 321 303 277 269 255 236 231 247 269 288 293 295 301 318 324 332 331 329 324 332 341 335 335 337 327 320 311 296 289 288 297 299 305 297 285 287 284 288 274 277 286 301 324 332 353 365 371 383 400 415 422 415 425 442 442 432 423 433 423 411 395 393 409 401 399 413 403 403 389 366 362 368 352 349 358 360 387 398
267 266 281 293 307 311 323 329 311 302 320 329 346 353 357 377 371 349 318 306 287 265 251 239 229 241 274 277 272 291 298 308 321 334 338 334 338 336 342 342 340 339 328 315 304 297 285 283 292 292 288 286 277 268 272 272 273 281 303 307 330 348 352 361 372 391 395 405 428 439 435 443 422 423 409 407 413 408 402 382 376 388 378 376 389 389 383 360 353 343 335 336 344 368 371 385
281 284 286 286 290 310 324 324 307 290 289 313 324 335 349 357 366 357 334 302 285 278 257 243 227 234 253 262 261 282 301 316 321 332 343 344 344 346 342 342 340 328 317 312 303 288 283 279 282 285 283 263 264 265 269 270 281 293 311 329 334 345 348 360 363 376 391 406 414 430 432 430 425 405 397 392 394 397 400 405 366 355 351 365 358 370 371 362 337 332 334 331 349 349 357 359
272 274 274 269 288 294 316 313 302 287 279 289 309 322 328 346 355 356 335 325 295 280 260 245 231 229 243 249 271 291 300 317 330 339 349 354 354 349 350 342 328 320 309 300 294 284 278 275 279 278 260 261 265 274 290 297 297 306 312 325 328 332 341 360 371 389 392 405 411 409 420 416 420 412 397 384 381 381 400 403 393 351 339 340 344 346 361 362 339 328 319 321 334 333 333 346
262 255 265 267 283 298 298 308 289 268 271 278 289 307 316 326 349 353 348 326 304 287 265 256 242 221 235 251 261 281 305 312 331 340 353 360 355 343 339 333 321 307 299 290 283 275 275 273 273 273 258 263 274 278 294 308 312 311 314 323 321 335 354 366 371 382 387 387 400 397 397 403 410 413 408 391 373 376 385 404 393 368 338 324 320 333 338 341 330 316 313 316 324 324 331 345
251 246 248 269 277 295 284 287 289 270 252 266 278 287 309 315 325 347 344 339 311 297 277 265 243 221 232 244 264 271 275 300 305 324 336 352 343 335 316 315 310 298 286 274 277 272 264 270 271 254 258 267 282 284 287 294 312 320 325 333 342 351 356 364 370 370 371 378 380 387 389 383 398 404 402 381 372 366 392 400 399 380 353 330 310 315 328 329 323 304 308 322 343 356 348 363
227 234 246 268 287 286 279 273 281 278 252 251 273 279 291 309 318 324 342 337 333 310 287 258 247 217 232 239 247 257 261 265 290 304 324 344 341 325 314 293 294 284 276 271 265 259 261 256 254 252 268 274 278 292 297 300 299 314 321 334 336 348 361 366 367 364 367 366 372 374 382 372 379 395 394 379 365 369 378 392 375 369 362 341 303 303 309 321 314 296 321 345 351 370 384 383
224 231 248 270 276 283 266 259 271 265 243 241 249 262 287 292 309 322 329 335 325 305 290 265 247 226 214 234 236 242 250 260 279 295 318 341 341 331 310 288 279 277 268 265 263 250 248 250 247 260 275 292 293 307 313 312 306 310 315 322 339 344 353 366 363 358 359 356 356 365 364 363 371 372 380 364 355 366 380 378 366 349 343 347 328 296 298 300 297 301 311 334 345 358 378 392
221 234 241 258 273 270 261 248 259 262 240 238 255 261 277 292 300 319 330 322 323 305 283 273 251 233 213 213 240 256 265 265 285 308 316 340 338 324 314 294 278 269 268 260 247 248 245 244 245 266 292 305 312 314 323 324 313 316 323 325 338 351 358 362 359 348 346 350 345 348 356 356 357 370 372 357 345 348 370 369 344 343 326 326 332 308 287 286 286 296 306 318 334 347 362 379
223 237 250 257 261 257 240 232 251 242 226 233 252 275 284 303 316 328 319 318 307 305 283 263 239 229 209 220 247 256 273 287 290 313 337 341 336 315 300 289 271 264 249 252 243 241 242 254 272 287 297 316 328 330 327 326 321 320 332 340 348 354 365 358 354 346 337 335 338 339 336 353 350 359 359 345 324 340 347 364 345 322 318 308 309 298 286 281 295 308 303 311 322 338 349 365
226 232 248 259 251 244 241 226 236 237 225 242 251 270 289 309 317 328 305 297 300 294 272 264 245 215 211 223 243 269 278 293 313 329 339 335 325 315 294 273 260 254 242 235 236 239 256 271 278 301 312 332 341 338 332 327 328 338 341 344 359 362 364 356 347 340 335 330 329 328 329 332 346 349 352 329 312 315 334 347 348 323 303 293 294 293 275 292 304 321 336 318 323 338 349 358
