data/real/sherpa_10H/Elevation.asc
ncols 326
nrows 339
xllcorner -2171145.0
yllcorner 1551315.0
cellsize 30.0
NODATA_value None
[rows 210 to 251 of 339, columns 192 to 287 of 326]
227 239 252 255 247 233 224 219 228 217 222 234 258 270 276 298 316 319 299 283 284 286 280 261 232 214 217 240 249 267 290 313 318 336 335 326 303 298 280 271 257 230 234 234 243 254 260 280 295 317 325 340 349 347 332 336 348 346 356 357 362 362 360 348 344 341 333 325 321 316 324 324 328 341 336 324 303 313 317 335 336 313 304 285 282 277 269 291 307 313 337 347 357 348 372 373
228 232 231 247 236 229 219 208 215 213 225 240 247 260 275 284 306 310 285 275 272 267 268 256 230 204 203 233 259 285 294 313 322 332 329 317 287 277 272 258 247 230 234 239 246 260 265 286 294 306 330 337 350 348 343 343 355 362 362 368 366 359 351 345 339 334 333 326 315 312 311 316 322 321 328 305 295 304 315 321 329 313 287 277 271 270 271 276 294 306 322 342 360 380 380 388
205 226 215 216 229 210 211 206 215 221 225 241 254 262 276 291 304 304 287 258 258 259 254 240 226 197 218 245 257 282 289 305 311 312 319 318 305 271 252 242 236 225 231 241 254 265 271 285 291 295 312 335 352 353 345 360 362 368 369 364 360 350 340 333 334 329 325 328 318 305 310 312 312 315 314 299 287 292 305 308 309 296 282 267 263 262 271 289 303 301 317 337 353 375 377 371
199 201 205 198 197 201 196 209 213 223 234 240 255 269 285 293 305 288 266 260 238 248 246 235 205 212 225 245 257 260 279 290 301 301 296 304 296 287 255 230 228 224 239 252 258 272 281 291 307 313 333 341 344 361 355 363 373 372 370 362 352 340 339 332 330 328 323 322 312 309 303 306 309 310 308 292 279 282 282 297 298 287 268 260 255 265 289 301 313 325 319 337 357 368 364 351
188 195 198 185 181 192 200 211 219 225 238 250 268 278 289 303 302 289 266 246 237 221 233 223 210 209 229 233 248 259 271 281 279 277 283 281 287 266 251 229 224 233 241 254 268 274 293 306 321 329 344 356 359 363 374 381 377 374 365 353 348 344 338 335 331 326 323 325 317 309 305 300 306 306 304 296 278 266 274 277 286 280 258 247 267 280 296 306 308 325 329 333 349 348 345 333
174 188 183 174 176 193 203 208 221 235 245 253 267 282 285 299 302 290 273 250 236 213 214 216 195 193 220 234 244 253 265 269 268 267 262 268 266 266 232 219 220 236 244 252 269 286 303 311 329 344 354 364 370 375 382 389 388 369 364 353 347 344 336 328 323 325 320 316 314 305 302 297 294 301 302 298 288 270 260 269 267 255 243 251 274 281 282 294 300 301 313 314 323 331 323 323
174 173 171 178 196 197 203 212 229 237 250 260 267 266 275 290 298 292 280 252 245 226 205 205 206 191 212 226 239 253 266 265 253 256 254 250 256 244 225 219 239 242 249 251 275 282 292 311 319 334 362 370 375 381 392 392 387 374 367 364 359 346 340 330 324 317 319 312 304 301 301 300 293 285 295 296 292 276 256 256 256 248 243 257 258 270 272 274 288 289 284 305 312 307 306 299
189 171 173 183 193 191 204 210 223 240 249 250 260 258 264 282 284 280 282 268 244 233 215 194 188 187 213 226 239 250 254 254 248 241 244 241 242 240 214 219 239 244 252 255 262 279 282 291 315 332 338 362 373 387 394 395 381 378 375 367 362 360 348 342 331 325 317 304 301 298 298 300 301 293 279 273 293 277 251 249 245 236 240 241 250 256 255 264 263 274 275 292 299 293 281 287
188 179 170 182 189 192 204 215 229 233 242 237 236 256 270 274 278 269 262 263 243 231 208 194 184 197 212 221 237 244 248 242 237 237 237 236 236 232 213 228 239 243 253 264 268 279 282 291 298 319 338 365 375 387 402 399 396 383 379 375 368 364 361 350 344 330 319 308 303 298 295 299 300 298 284 268 283 285 267 245 242 237 234 237 241 250 249 246 253 265 280 281 275 274 277 291
193 174 164 172 188 194 207 212 219 228 224 224 238 254 267 268 260 262 251 237 232 221 210 187 187 198 214 230 235 239 236 233 229 229 230 227 228 219 216 226 243 255 264 272 287 292 300 300 313 326 340 357 373 385 400 405 396 391 382 375 373 366 361 355 351 333 321 309 310 302 296 294 294 290 269 268 267 275 275 268 262 241 240 229 239 240 243 242 254 262 258 255 259 255 277 294
188 183 166 164 184 191 200 213 215 217 210 211 219 243 259 260 252 246 236 229 222 209 189 182 184 205 213 229 233 235 233 223 226 222 213 212 208 213 214 242 258 263 273 280 287 304 311 324 326 339 349 352 371 388 402 405 400 388 385 380 372 357 351 345 337 332 329 325 315 315 313 302 280 285 268 253 257 266 273 270 267 250 239 224 228 235 232 239 246 240 250 248 261 259 266 284
198 184 171 161 170 185 195 206 210 201 197 210 233 243 253 237 241 235 229 218 210 206 183 182 189 200 209 224 227 225 225 216 205 206 201 202 205 212 236 245 262 274 280 299 301 317 324 329 349 358 360 372 383 391 401 403 401 391 382 375 372 365 360 344 339 329 329 327 321 320 317 315 287 265 255 247 240 259 265 269 261 240 230 226 222 234 228 232 234 242 258 259 271 289 273 281
204 190 177 162 159 177 190 195 189 191 206 216 235 248 233 226 217 217 216 205 197 192 186 181 197 210 211 222 220 221 219 204 196 199 203 213 229 223 243 269 266 287 300 312 316 321 336 344 354 371 384 381 395 400 398 395 396 387 381 377 369 362 361 352 347 339 323 313 308 310 317 311 303 278 258 234 234 239 257 260 262 242 217 215 220 222 236 240 259 266 277 291 296 309 310 291
211 195 182 164 160 182 183 170 182 194 207 228 233 239 226 207 204 209 201 192 183 181 175 182 195 212 217 220 218 208 212 202 197 203 220 214 236 259 256 279 293 301 309 312 322 324 338 351 365 374 389 398 399 398 386 385 384 384 368 359 362 355 352 352 341 327 312 299 292 299 300 303 293 276 261 235 218 228 230 247 250 242 220 215 217 221 243 255 265 277 291 308 313 321 320 320
218 202 184 160 156 171 166 170 192 211 227 232 220 214 214 207 187 200 198 189 177 171 175 186 200 205 213 208 208 203 194 193 204 214 228 244 239 261 275 287 289 292 300 301 309 324 341 349 368 386 392 392 385 388 384 372 373 366 366 352 345 347 347 346 325 315 305 293 286 286 287 282 285 274 258 232 225 209 220 226 228 232 212 210 214 227 237 243 251 282 289 306 319 324 327 326
215 200 187 169 158 164 165 185 203 209 219 205 195 208 192 195 187 178 191 179 174 172 189 199 207 209 204 203 190 192 191 189 205 230 240 255 267 272 277 290 295 298 302 302 316 324 341 361 371 386 385 379 374 365 373 365 358 357 351 346 340 331 340 341 329 304 295 287 280 267 269 273 263 261 254 240 225 216 204 219 217 213 207 215 220 235 253 256 257 266 287 299 304 318 326 332
213 200 183 171 156 158 176 185 201 208 193 197 187 195 192 180 177 172 173 174 168 169 191 205 200 203 187 181 184 186 188 202 213 231 246 270 276 285 288 295 301 307 310 312 316 332 342 362 376 375 377 362 361 350 353 361 351 344 341 335 325 328 322 330 324 308 287 273 270 259 256 251 255 251 247 238 224 213 202 206 208 202 205 217 235 260 261 277 271 282 288 295 317 325 325 331
210 204 191 174 154 153 171 192 207 208 190 177 180 187 181 172 168 161 163 167 168 184 201 203 195 177 179 183 196 201 206 210 223 242 251 270 271 277 281 288 298 298 308 315 320 332 347 360 370 368 360 352 343 342 345 344 347 336 321 328 322 313 315 319 309 296 288 274 259 253 249 244 242 246 241 233 219 208 195 194 190 198 213 232 238 261 287 293 296 291 301 305 316 335 339 333
203 206 191 182 168 156 178 187 205 203 194 176 171 176 173 168 161 161 172 179 197 197 199 183 177 177 184 191 197 206 217 227 232 245 256 262 265 266 280 283 287 297 301 309 323 335 343 356 357 357 354 345 333 321 326 334 329 330 320 307 313 310 304 307 301 291 281 266 258 250 243 240 235 231 230 226 211 197 188 195 189 209 216 232 255 278 291 312 313 315 317 317 329 337 346 343
198 201 203 186 163 152 169 187 194 194 178 169 166 164 166 164 157 169 186 193 198 192 180 179 174 182 190 205 192 197 204 232 240 241 250 251 260 264 270 280 290 295 303 314 321 336 346 353 350 341 343 340 327 314 324 322 324 309 317 307 300 302 297 300 291 279 273 265 252 246 239 231 228 224 215 211 205 194 183 194 203 214 238 246 256 274 300 308 313 322 324 325 333 338 349 348
183 190 197 193 167 152 150 179 186 172 170 161 159 160 159 158 164 169 187 194 179 184 174 171 174 188 201 216 220 200 202 207 225 226 238 244 254 263 273 277 287 299 305 316 328 332 338 333 329 333 325 327 315 306 316 309 307 309 300 297 295 294 290 293 291 277 261 254 243 234 228 231 226 214 206 199 192 182 185 207 226 243 248 265 269 275 287 302 301 304 316 316 316 326 328 335
181 183 182 185 179 157 156 172 178 170 155 157 155 155 156 155 161 167 175 188 173 169 172 170 187 203 209 226 236 235 220 220 240 231 247 258 258 263 274 283 287 299 311 322 326 326 323 325 321 318 316 313 309 295 294 301 297 286 291 292 279 285 279 284 282 278 263 250 239 231 222 223 226 219 201 195 190 179 201 212 223 239 256 266 267 268 278 281 290 293 293 305 306 309 317 323
162 174 172 171 163 147 156 166 165 167 150 148 152 151 154 158 161 163 167 166 168 168 169 181 186 193 211 217 220 243 246 233 243 255 265 268 272 268 273 282 292 307 312 321 317 318 312 306 311 310 306 303 298 286 287 281 287 281 273 282 276 270 269 265 261 268 263 255 241 225 221 220 214 214 207 185 183 184 196 209 226 235 250 252 259 260 263 275 275 282 282 289 298 303 305 313
154 159 165 164 163 145 156 158 162 146 146 147 149 151 154 155 160 162 162 164 163 165 172 179 183 186 199 203 213 222 249 256 262 258 273 279 280 280 277 290 296 306 314 315 314 301 299 300 296 302 300 294 288 276 270 276 268 271 266 265 262 262 253 255 249 249 254 253 246 230 217 212 209 206 198 184 176 180 202 208 226 234 243 241 239 255 257 256 264 268 274 287 293 300 300 297
150 157 157 160 157 150 145 157 143 143 146 149 157 156 153 154 155 158 159 163 163 179 197 189 184 185 188 194 208 215 226 246 261 265 276 290 289 288 289 290 298 303 312 312 300 298 285 293 292 287 291 286 281 271 261 260 260 257 251 256 245 251 241 240 239 236 234 244 238 231 226 218 203 198 197 184 171 174 196 211 216 226 228 231 232 239 247 251 254 269 280 282 288 287 293 292
147 152 154 151 152 141 143 152 142 143 146 148 164 171 171 157 161 169 160 169 182 183 201 207 191 189 183 196 197 208 224 233 246 251 265 288 296 304 301 305 301 310 311 309 297 281 279 277 274 280 279 281 274 259 256 251 246 250 246 233 233 231 233 229 227 225 225 224 230 223 217 216 212 200 190 183 170 182 195 204 205 210 219 215 229 232 234 245 255 263 274 274 272 279 282 292
149 149 135 137 134 134 139 140 140 142 144 156 166 186 184 182 186 183 192 182 193 206 212 215 209 199 195 195 192 204 218 219 235 258 268 289 305 309 314 313 309 311 309 302 294 279 269 267 265 265 271 266 270 261 248 243 242 236 236 229 223 224 222 216 218 209 216 219 216 214 212 206 205 202 195 180 167 174 191 193 199 201 194 209 213 213 229 236 248 253 259 264 269 278 287 297
142 132 130 131 134 136 135 137 139 143 145 160 179 188 194 198 205 211 206 211 210 215 227 222 220 220 205 206 207 198 209 221 230 243 272 276 283 308 306 302 299 290 289 300 299 284 280 272 257 255 256 260 254 252 247 234 235 231 227 221 219 217 215 209 209 207 205 211 208 203 204 201 197 196 189 180 166 174 184 188 186 187 190 197 206 214 225 236 251 254 267 277 281 286 292 303
128 126 129 130 132 134 139 147 141 144 148 155 157 177 189 194 209 212 213 220 229 240 244 243 230 231 227 215 216 214 204 211 223 240 249 268 285 280 292 286 271 278 279 285 295 296 288 276 273 258 252 250 251 245 236 232 225 225 222 214 209 211 210 204 204 202 201 196 198 195 192 193 189 186 187 167 159 168 179 176 181 180 187 194 204 221 232 234 248 252 256 269 271 282 281 288
124 127 128 130 131 153 154 161 163 154 153 149 154 156 175 186 195 204 204 213 229 237 251 252 253 242 235 233 225 225 230 218 224 234 251 261 275 261 261 276 259 258 269 274 278 289 284 274 279 277 261 252 245 242 232 226 220 218 217 212 208 205 202 197 197 197 191 193 185 180 185 183 183 178 174 161 142 168 174 169 163 172 179 196 209 209 220 223 228 243 246 252 262 261 277 283
125 126 130 143 144 163 179 175 175 174 160 156 155 165 168 173 183 186 199 205 220 240 247 258 264 261 262 245 242 235 242 243 247 250 261 268 251 240 247 250 250 246 251 263 262 268 268 265 265 273 265 260 253 250 240 234 230 224 222 218 207 209 201 202 199 193 192 182 176 173 168 172 169 171 161 141 138 156 158 158 158 175 188 191 194 199 205 209 218 224 235 241 248 256 261 276
125 133 141 146 159 172 180 189 184 184 181 164 158 160 173 178 181 185 203 214 220 233 248 257 262 270 268 262 250 254 255 255 262 268 272 262 244 228 221 237 226 237 236 237 247 250 254 256 256 256 259 251 258 255 246 236 233 228 221 217 215 212 209 207 202 202 197 190 177 167 164 160 158 150 145 143 136 153 151 147 168 176 183 190 205 209 215 226 221 232 244 246 254 272 275 292
125 135 148 161 161 174 187 190 202 193 189 187 167 162 167 178 186 190 198 211 229 239 243 254 263 268 276 270 272 263 276 276 279 287 271 248 238 224 214 212 219 212 211 221 224 239 244 245 248 245 243 243 243 243 248 243 232 227 225 218 214 211 206 206 201 200 196 187 180 164 159 155 152 143 138 133 133 144 141 142 163 174 181 186 202 205 209 226 231 240 249 255 266 277 281 298
127 142 149 164 180 179 193 213 214 212 209 198 189 171 169 172 182 192 199 210 215 227 241 246 256 263 270 280 284 290 289 288 298 290 279 253 241 229 214 206 204 206 202 203 216 216 231 232 231 233 230 225 232 233 233 239 238 229 225 223 217 209 195 203 199 184 186 184 181 164 156 148 147 140 136 131 134 140 135 146 162 175 187 193 200 198 206 214 223 234 241 251 252 268 278 285
131 144 165 169 183 200 210 219 233 222 216 220 200 198 182 177 179 193 197 195 211 216 226 244 244 254 264 279 297 302 313 305 309 308 281 268 251 236 223 207 201 198 196 197 202 207 206 205 222 212 218 218 216 222 221 220 229 229 227 221 215 208 190 184 192 181 172 181 179 167 159 146 142 137 130 130 131 132 143 155 181 196 203 203 215 216 206 209 217 229 231 239 249 253 261 279
138 144 167 184 198 207 221 231 241 242 228 228 224 211 209 197 190 193 190 197 206 214 221 224 239 255 266 277 295 314 319 316 315 299 292 279 262 257 231 215 197 194 187 187 188 189 196 187 189 209 199 210 209 210 208 206 205 216 218 217 210 202 191 180 172 169 165 167 167 156 154 149 140 134 128 125 130 133 143 170 180 193 209 228 233 228 231 221 224 237 233 237 246 254 274 285
150 160 174 180 198 219 232 236 242 242 242 241 239 240 222 211 217 207 209 203 214 216 215 224 233 248 255 265 282 290 315 300 294 293 281 275 264 255 235 222 209 188 185 173 177 174 174 178 185 187 190 186 191 200 192 195 190 188 207 207 203 195 186 176 166 157 158 160 158 153 146 141 136 126 124 125 132 137 142 158 183 194 205 233 247 251 241 242 242 246 255 253 264 269 275 291
160 170 184 195 209 217 229 233 231 237 241 248 250 252 243 224 229 235 222 221 219 226 228 222 228 236 247 256 264 282 292 302 279 270 276 264 251 253 241 225 214 203 195 176 170 164 159 158 174 175 166 172 182 174 181 176 182 178 183 199 189 185 181 171 159 146 146 152 150 149 143 131 124 124 123 130 132 138 149 168 175 194 216 238 251 262 257 250 259 272 271 276 278 285 287 294
159 179 192 199 211 223 227 223 223 230 236 247 257 259 253 243 247 247 250 231 240 244 235 234 231 235 240 254 257 273 295 301 289 263 248 255 245 243 238 234 228 209 206 191 171 166 161 156 153 157 156 158 169 166 158 164 163 157 175 174 182 178 178 161 155 140 139 136 133 144 130 127 121 122 125 128 139 144 150 165 178 201 217 229 249 265 267 271 272 272 268 272 270 279 278 282
188 187 203 209 214 221 222 214 220 232 241 246 256 265 257 256 268 260 259 256 250 254 254 242 239 237 242 254 265 274 292 300 285 277 252 237 224 236 243 239 235 224 203 188 180 169 167 165 159 155 145 145 149 156 151 145 149 149 152 164 164 171 168 164 154 147 132 129 127 130 132 121 120 121 124 129 142 156 162 178 190 196 209 223 242 261 273 271 261 262 260 258 262 262 264 274
195 209 210 215 214 216 210 214 223 227 239 246 260 266 275 278 280 281 271 269 268 260 255 254 250 248 252 257 271 284 301 305 292 276 257 245 227 220 234 240 235 225 219 195 181 179 170 165 162 157 150 139 139 137 141 138 135 143 142 140 153 150 143 150 145 145 128 124 124 126 123 119 119 122 124 133 150 165 176 179 204 216 219 234 251 259 261 260 258 254 255 253 248 255 260 270
201 214 213 212 207 201 213 218 226 235 245 247 260 273 280 284 286 283 277 274 264 248 248 245 242 252 255 263 274 278 295 300 284 277 258 244 231 214 215 232 230 231 215 207 188 181 178 171 170 169 156 149 143 134 133 135 132 134 137 135 132 139 132 128 134 133 124 121 120 120 118 116 118 123 128 140 148 165 188 196 204 228 242 245 257 258 254 253 252 247 242 245 240 249 255 270
