data/real/sherpa_10H/Elevation.asc
ncols 326
nrows 339
xllcorner -2171145.0
yllcorner 1551315.0
cellsize 30.0
NODATA_value None
[rows 168 to 209 of 339, columns 96 to 191 of 326]
181 188 191 193 193 198 207 206 209 205 196 176 170 177 186 202 221 230 242 256 250 239 219 189 171 164 174 170 160 151 150 159 164 177 198 216 219 205 216 221 208 222 231 221 227 215 219 222 221 232 237 236 241 246 255 264 272 275 282 293 303 309 310 297 287 270 250 241 234 224 228 233 238 243 248 252 263 276 298 295 284 271 268 262 254 249 244 225 213 212 206 200 225 231 237 257
177 178 189 193 199 203 207 203 202 199 176 164 162 176 192 204 215 224 235 250 255 230 213 203 176 163 159 165 149 146 153 168 183 186 194 213 226 228 224 231 232 234 239 237 234 232 233 235 237 232 240 245 247 255 265 262 272 278 286 292 304 315 312 291 273 249 247 237 229 223 231 238 243 246 250 261 282 280 292 299 296 291 272 260 254 246 234 229 226 215 197 196 211 222 226 232
169 176 179 188 193 197 203 201 195 188 173 161 169 179 186 199 208 217 228 246 243 232 219 201 197 174 161 161 150 144 154 179 188 201 209 218 230 235 239 241 241 251 249 245 253 243 247 248 250 251 244 253 262 259 267 276 280 283 289 297 302 314 307 285 269 247 239 233 221 224 233 237 245 251 261 265 280 287 294 297 289 283 273 260 248 241 228 218 216 217 196 201 207 210 219 227
164 167 176 185 190 192 192 194 191 185 163 161 167 178 188 192 204 217 234 243 253 234 230 212 192 185 187 172 157 143 147 164 189 197 213 223 221 219 229 238 248 258 264 250 247 250 260 264 269 265 266 260 269 275 272 272 275 281 282 290 302 300 307 287 264 252 241 222 224 229 232 239 246 252 260 267 277 281 287 288 283 266 262 257 241 230 220 217 211 207 190 196 202 215 218 221
163 170 174 184 184 181 183 179 182 172 163 157 172 180 183 193 206 215 226 244 251 249 225 211 211 201 192 174 162 144 150 156 175 201 210 208 212 210 216 232 246 266 263 245 238 240 247 261 263 269 277 283 282 281 264 264 267 263 274 283 284 291 282 275 260 244 234 224 214 233 241 243 245 250 254 262 270 282 285 277 272 266 251 241 230 224 212 212 207 206 190 197 195 200 215 219
162 169 172 174 181 179 169 167 163 164 154 157 172 187 197 198 203 212 221 232 249 242 238 222 224 209 198 173 152 147 143 161 184 191 199 197 197 207 219 233 243 257 250 235 230 235 242 241 253 265 265 278 287 273 262 246 259 249 253 275 269 266 281 260 241 238 230 209 216 223 242 249 250 250 257 264 270 276 281 277 266 255 244 241 232 227 210 201 197 201 192 189 197 204 210 212
166 167 167 166 168 175 171 157 156 151 159 170 179 187 198 207 205 210 218 232 236 247 249 245 232 210 193 177 153 138 147 153 166 184 181 188 190 207 217 232 248 258 252 239 224 222 234 235 249 256 252 263 278 272 251 236 233 240 245 253 261 256 270 262 245 224 217 200 210 219 226 248 255 257 256 262 270 275 279 274 265 261 247 243 233 232 216 182 185 187 184 192 196 202 213 220
166 166 163 161 164 170 163 156 149 150 161 166 176 183 193 202 209 217 219 227 236 247 251 243 222 216 194 177 146 138 137 153 154 160 166 176 188 205 214 233 239 257 253 245 232 218 218 219 239 233 241 253 261 265 256 237 225 222 228 243 231 243 254 261 241 231 210 185 187 197 223 238 253 260 266 263 269 275 278 276 271 259 254 246 223 211 213 178 186 182 183 188 198 204 215 227
166 163 159 157 161 167 160 149 146 151 160 168 173 183 190 192 202 207 223 233 239 249 248 237 215 199 177 172 161 140 135 141 145 151 156 167 178 195 209 228 248 258 267 247 234 226 210 211 217 223 235 245 246 259 251 241 225 213 222 224 222 224 247 247 246 230 219 199 180 194 202 230 246 257 266 271 271 274 281 278 272 268 255 224 213 200 193 178 186 194 187 191 213 217 230 236
164 161 156 151 157 160 153 146 142 153 158 168 177 182 187 185 192 207 212 228 240 247 256 232 204 190 170 156 156 138 137 152 156 154 171 186 174 192 211 223 237 261 271 264 240 211 199 200 206 201 225 228 235 247 259 240 223 216 208 211 197 216 230 231 243 221 210 188 177 188 208 214 237 246 257 267 273 277 281 279 269 248 241 228 198 178 187 174 195 203 211 213 235 244 241 248
158 159 151 148 153 153 148 138 139 153 161 167 175 178 181 184 187 188 206 211 223 245 248 240 212 190 172 156 144 133 137 152 168 180 179 195 195 190 203 222 242 251 266 254 242 212 191 186 197 190 200 218 233 247 258 249 229 215 198 198 191 192 216 219 224 208 205 189 171 170 198 210 226 238 250 259 271 274 277 262 251 229 217 201 190 170 176 177 200 216 227 225 227 253 270 260
156 149 140 146 148 145 143 133 146 153 155 162 166 175 176 173 179 182 193 208 222 230 240 228 214 187 173 153 145 133 141 151 157 179 187 198 205 213 217 225 244 256 259 248 235 212 194 175 183 183 189 198 227 235 251 250 235 220 204 188 181 178 182 208 212 210 192 191 168 173 189 201 213 226 249 253 253 265 259 234 227 203 201 189 167 173 196 223 218 223 241 240 234 245 268 281
148 149 135 144 145 139 131 141 146 153 158 160 164 167 168 168 167 182 187 192 215 228 226 227 202 175 166 152 136 130 135 142 150 156 176 189 202 217 234 243 252 247 243 232 232 212 187 167 172 176 184 191 209 233 247 253 242 223 212 192 175 166 168 175 204 206 186 175 164 174 189 202 216 224 238 243 242 242 235 213 205 194 179 181 165 185 222 234 246 238 254 257 250 251 263 273
143 140 135 133 137 129 130 142 151 156 157 159 156 163 160 155 162 165 177 191 197 222 218 209 201 180 161 141 133 130 145 152 151 162 181 185 196 212 227 243 254 229 221 220 216 204 188 167 163 168 176 189 203 210 238 249 246 224 210 197 186 182 159 159 169 195 176 166 161 178 189 205 217 234 240 219 231 231 231 207 184 175 172 165 179 190 235 251 259 260 258 268 272 258 271 282
139 134 130 130 132 125 136 143 151 156 156 158 153 149 153 152 159 167 172 184 203 214 213 200 174 166 157 137 128 135 152 169 178 170 178 192 202 215 231 247 250 225 205 195 203 204 184 169 155 165 171 182 198 214 222 233 235 235 220 211 208 193 182 166 158 165 173 154 168 174 190 207 214 233 231 206 203 219 216 208 188 164 162 162 191 218 251 257 261 265 268 273 276 273 269 285
129 128 128 119 124 127 134 142 149 150 153 150 145 143 153 159 162 170 177 188 196 210 202 179 164 143 141 133 124 142 159 169 191 200 187 193 204 218 228 247 243 218 206 184 184 194 178 157 159 159 176 190 194 207 216 215 225 226 231 226 220 205 182 174 155 159 155 151 167 184 191 212 230 238 231 205 190 191 204 190 176 164 165 190 206 219 239 266 269 276 280 284 279 278 280 281
125 117 119 119 124 131 136 137 145 145 141 143 139 151 154 157 166 174 178 189 202 194 197 183 160 146 126 125 131 141 158 176 184 206 216 206 212 225 237 252 247 224 199 187 171 163 162 153 149 165 173 183 198 213 212 209 204 205 218 218 219 210 186 171 155 146 150 162 169 189 204 222 228 220 216 205 181 179 178 169 166 157 175 194 220 238 250 268 278 287 290 288 289 284 284 283
116 114 119 124 132 133 133 133 132 139 135 130 136 146 155 163 168 174 184 194 199 191 176 176 169 154 124 123 124 141 147 168 179 191 214 230 242 239 243 248 231 227 208 186 169 153 146 142 149 163 175 190 199 212 212 206 197 194 193 204 199 196 175 166 154 151 158 156 168 184 196 213 222 214 205 190 171 164 168 154 170 171 202 219 231 244 265 279 285 291 296 298 297 297 297 290
113 117 126 128 129 128 119 126 124 125 127 132 150 154 158 167 175 184 186 193 194 190 173 157 156 153 138 123 119 132 145 159 169 188 212 233 237 251 254 247 226 211 197 195 181 163 146 141 162 175 183 192 209 221 220 206 190 181 180 180 184 181 179 161 151 149 164 175 179 194 210 210 204 197 192 192 173 155 151 154 174 188 204 211 227 248 255 274 288 294 300 305 310 305 304 304
110 116 123 127 121 117 117 121 123 130 139 146 151 157 165 173 177 183 184 189 190 186 170 162 145 140 137 125 128 141 149 164 180 199 206 214 236 239 248 242 217 208 186 169 182 163 139 147 156 168 189 199 204 216 224 212 198 189 170 169 165 167 164 159 143 154 159 169 182 190 205 208 188 186 178 180 164 150 151 157 164 173 185 213 216 225 250 256 279 292 300 310 316 320 312 310
108 117 119 116 117 114 115 120 127 127 134 137 148 161 167 175 179 179 179 174 176 183 172 153 144 134 126 119 128 137 153 170 178 182 199 207 216 233 245 249 221 200 191 166 151 149 140 130 156 165 173 195 207 213 226 223 204 198 183 166 161 154 151 146 143 149 158 168 183 193 207 208 189 172 166 165 166 147 148 152 161 173 180 197 214 219 229 250 262 267 288 298 317 322 326 321
109 108 112 113 116 116 121 130 134 134 138 140 145 159 172 176 179 173 163 166 169 167 168 149 135 128 123 123 142 157 153 164 163 171 183 202 214 221 244 239 229 207 189 172 151 140 130 131 140 162 167 170 198 210 221 230 225 204 189 185 165 162 162 149 142 138 153 159 169 185 202 200 186 178 161 158 151 148 147 152 160 174 195 203 219 229 236 234 248 259 268 286 296 315 319 327
107 114 117 122 123 130 128 131 141 144 145 150 149 155 167 178 178 173 163 156 161 158 154 140 133 120 120 139 146 158 153 159 156 160 179 184 191 216 221 234 208 193 190 175 164 147 139 121 142 150 157 166 183 198 215 229 232 215 208 187 182 176 175 173 150 139 139 152 165 180 197 190 184 168 162 148 142 143 145 151 171 171 186 206 221 227 236 221 223 244 254 263 282 291 299 320
111 120 125 130 133 135 142 137 141 155 154 156 161 162 175 180 181 174 167 158 151 150 150 142 126 114 119 133 143 151 144 139 149 155 165 181 183 191 212 218 206 183 167 160 152 155 131 121 130 138 154 163 184 194 210 217 233 224 217 204 196 198 182 167 157 144 136 146 167 175 191 179 171 159 152 140 141 144 153 153 177 186 199 202 208 215 215 215 209 217 239 249 258 284 288 297
117 125 129 133 140 149 147 152 151 158 168 166 170 173 177 186 186 177 169 162 156 148 143 136 130 110 113 117 135 133 133 138 149 155 158 167 178 194 202 216 202 179 167 150 141 141 138 119 131 139 153 162 166 182 193 218 229 240 220 217 217 192 183 180 164 146 134 139 160 182 187 179 164 150 147 139 141 152 155 153 172 173 178 197 202 197 199 197 196 203 212 237 243 256 280 285
110 127 135 141 143 153 161 158 162 171 176 179 177 183 187 188 186 178 172 163 152 145 140 134 124 119 114 114 121 126 137 147 155 166 166 177 185 200 219 223 208 184 169 154 144 128 127 119 129 143 145 157 168 180 191 208 227 232 232 232 217 213 193 177 169 152 134 138 156 171 173 164 157 148 139 136 141 146 151 146 149 166 173 172 192 182 180 185 192 203 203 218 235 242 255 274
108 122 134 143 152 156 165 171 172 176 184 185 186 187 190 189 187 179 166 155 151 150 145 144 119 112 110 110 125 133 133 138 146 166 171 178 195 206 220 223 213 194 181 169 144 136 121 116 122 135 152 165 169 181 191 205 206 205 217 220 226 215 200 187 175 157 142 133 148 163 157 157 143 139 137 137 156 158 164 170 152 152 159 163 166 174 181 193 197 210 221 223 238 248 257 258
104 115 128 137 153 160 169 172 178 183 185 185 185 182 181 186 183 175 171 165 156 154 151 145 128 114 105 114 124 134 143 147 150 153 165 175 183 200 206 215 213 199 184 175 160 134 125 111 130 145 154 169 175 179 180 187 190 189 185 207 210 217 210 190 180 161 143 131 135 140 146 142 137 132 139 141 158 174 179 183 181 167 171 177 160 167 183 190 197 208 216 225 238 244 243 251
106 111 128 139 145 154 161 173 176 180 183 179 176 175 174 177 181 178 172 169 162 153 144 141 130 101 94 110 120 135 140 149 159 161 161 172 188 192 203 202 196 199 181 161 157 147 122 109 108 135 152 158 165 155 177 182 169 181 173 172 198 192 186 189 167 151 144 132 130 133 134 129 131 136 147 157 165 172 192 194 190 193 189 190 186 168 168 183 188 186 214 216 219 235 234 238
102 111 118 130 135 146 156 164 170 177 177 176 167 160 167 173 174 176 174 168 155 149 140 131 125 103 96 106 116 126 136 150 155 166 172 176 184 192 198 199 191 175 181 160 145 140 135 113 108 128 145 144 134 149 173 169 158 163 162 162 168 184 170 169 167 148 136 131 125 130 128 127 132 146 158 160 174 180 188 205 198 207 212 204 194 195 180 178 187 187 191 206 212 215 229 234
105 105 111 117 128 139 149 162 165 168 174 168 163 154 164 170 170 168 170 167 155 142 136 127 116 99 92 103 123 126 130 139 154 160 174 185 190 192 194 192 189 169 150 147 141 131 129 111 106 122 121 129 132 158 164 155 142 163 153 157 168 175 163 155 153 148 130 124 126 126 126 133 144 148 159 174 179 193 205 218 221 213 225 224 207 211 208 193 198 209 200 197 209 215 219 226
108 115 113 119 128 141 144 153 163 161 161 165 151 148 155 156 162 163 166 163 157 147 131 121 116 100 90 107 119 137 135 139 148 165 174 179 190 188 188 187 185 163 152 130 133 121 118 115 103 111 114 131 148 153 147 136 136 156 138 154 170 173 156 148 143 137 123 123 122 125 129 136 143 158 162 176 185 199 203 214 225 226 233 233 229 222 223 224 213 219 223 209 215 231 235 246
105 116 124 131 130 137 146 157 159 157 151 149 147 140 146 150 147 155 159 154 158 154 151 132 112 94 90 102 125 130 139 143 149 151 169 181 185 185 180 180 179 166 139 119 117 119 113 114 102 108 125 132 134 142 136 124 145 143 131 148 166 163 153 139 135 132 125 121 124 132 138 133 137 157 165 170 176 182 197 203 206 217 227 234 239 250 237 233 232 233 234 233 234 250 258 258
106 112 121 133 142 146 151 158 160 159 150 143 135 136 143 142 142 139 146 147 146 153 148 139 119 94 91 100 111 118 137 142 155 162 165 177 183 180 176 171 150 137 122 114 110 109 109 107 98 104 116 119 127 126 121 131 137 142 126 150 158 151 141 137 128 127 120 120 123 138 144 138 140 144 154 156 173 174 181 193 200 203 218 234 251 259 255 238 239 248 245 249 254 255 269 276
107 112 120 136 142 153 161 164 166 160 154 147 139 128 136 139 134 130 130 132 140 142 146 135 111 94 88 97 107 112 126 140 146 163 172 179 180 178 168 158 140 114 110 106 105 102 101 103 97 102 109 113 117 117 114 124 128 122 122 143 140 140 131 120 123 121 119 120 123 137 147 140 138 143 151 147 152 159 176 175 194 207 222 230 245 260 261 259 261 264 267 258 267 272 275 270
120 121 124 133 145 153 165 169 167 163 154 146 143 132 120 134 133 123 125 128 127 135 136 132 112 89 91 95 110 122 131 152 156 170 175 183 177 169 164 152 116 108 100 100 97 96 98 94 95 95 97 109 110 109 111 114 115 119 118 132 133 120 114 113 115 118 117 120 135 149 149 147 145 149 158 163 156 160 168 177 186 201 210 223 241 252 262 270 272 279 282 281 277 271 264 261
126 134 141 139 149 159 172 174 167 154 148 141 133 125 120 116 126 114 116 124 122 126 133 118 94 88 90 107 119 141 150 169 174 173 181 179 170 146 153 145 110 100 93 92 94 91 90 90 92 93 93 96 103 103 101 106 106 108 113 116 119 113 112 113 114 115 117 130 140 156 163 155 145 154 166 170 175 172 177 180 181 188 198 213 227 248 256 265 273 276 280 273 269 262 255 246
142 139 148 155 158 164 174 173 167 153 140 132 128 121 119 108 109 109 112 114 117 122 123 119 92 85 95 120 141 155 161 170 178 185 184 180 156 143 122 115 97 91 89 88 87 88 89 97 93 95 95 97 98 100 100 101 102 104 107 111 110 109 111 117 120 125 129 136 145 149 167 168 160 152 163 174 179 183 187 195 201 198 206 214 220 233 252 255 258 269 268 259 255 246 235 241
150 156 158 162 169 174 180 176 165 155 146 139 133 126 124 116 102 101 103 110 107 115 118 115 92 88 111 138 146 158 170 179 181 187 188 183 161 139 115 108 96 86 85 86 88 96 92 102 112 103 102 102 98 98 99 102 104 103 104 106 108 109 115 123 128 130 140 145 141 149 163 173 173 169 165 168 180 186 190 200 209 221 216 224 232 235 246 250 253 253 260 248 227 233 229 220
160 164 172 174 181 186 184 174 168 155 144 139 137 131 124 119 105 96 95 91 98 101 111 110 84 98 114 129 146 158 163 178 186 190 189 178 146 139 125 103 95 86 84 88 94 103 111 112 115 121 117 116 117 102 107 104 108 113 106 106 109 111 116 128 137 142 153 154 162 158 164 181 184 183 186 175 175 177 190 203 207 222 240 235 242 253 242 237 231 245 243 247 225 208 220 211
169 174 183 187 189 190 184 172 159 145 140 129 129 125 114 114 100 95 89 84 82 92 95 92 81 107 127 137 141 155 166 171 182 182 178 178 144 128 120 107 90 83 83 86 95 109 116 124 119 123 130 133 134 132 116 125 130 123 126 113 114 121 128 142 151 152 166 173 170 177 174 182 194 195 198 201 186 185 186 199 215 226 245 265 257 260 247 233 225 222 236 231 227 203 199 216
169 174 187 194 195 190 175 161 156 142 128 124 114 110 108 108 100 88 82 80 80 83 88 90 91 112 116 130 143 149 163 170 171 175 170 159 144 114 107 98 90 82 82 89 95 110 129 133 134 130 134 137 141 147 149 140 148 150 137 136 127 140 148 155 170 169 173 190 193 186 189 192 198 207 208 213 211 195 197 196 210 232 251 264 275 258 249 245 229 218 215 221 213 191 195 215
