data/real/sherpa_10H/Elevation.asc
ncols 326
nrows 339
xllcorner -2171145.0
yllcorner 1551315.0
cellsize 30.0
NODATA_value None
[rows 126 to 167 of 339, columns 96 to 191 of 326]
226 229 223 226 235 241 258 276 281 291 307 313 320 313 300 306 321 327 340 338 351 352 345 343 338 350 366 383 390 389 402 414 427 432 445 443 440 450 444 425 413 392 372 346 338 331 351 361 378 385 391 403 409 422 442 448 458 473 480 467 446 429 421 423 414 413 394 395 379 374 364 367 370 382 392 403 416 418 422 433 435 436 438 442 443 420 405 420 430 436 452 453 440 416 410 384
218 210 208 217 228 248 254 267 284 288 295 309 308 302 296 301 316 315 311 336 342 333 333 324 328 342 357 373 387 400 412 413 418 431 418 415 428 428 438 424 404 377 367 348 331 326 347 363 356 372 377 385 407 414 431 448 455 477 488 468 447 443 443 428 422 411 402 407 398 376 360 364 366 373 383 392 396 413 415 420 433 432 434 435 422 414 400 404 426 428 433 445 444 421 394 372
214 209 203 208 220 228 251 260 266 287 290 290 297 287 279 289 296 303 305 312 331 320 315 322 335 343 361 378 390 393 393 409 413 416 410 401 403 416 416 411 405 390 356 345 326 328 344 343 347 350 360 378 393 420 430 457 467 491 499 479 470 471 451 451 429 423 432 411 392 394 363 358 360 367 374 383 386 395 407 411 416 422 421 424 418 397 389 396 405 423 425 422 432 406 391 371
206 201 199 203 205 223 227 248 253 252 272 272 273 278 280 290 287 295 302 306 309 314 319 327 339 352 369 381 385 371 381 384 402 408 399 387 392 399 405 403 391 394 372 342 315 313 333 332 330 341 364 388 395 424 451 471 476 489 497 496 483 480 472 463 457 443 435 424 407 398 385 357 358 364 370 374 385 389 394 406 408 407 414 420 406 397 380 392 396 411 414 411 413 409 379 364
198 194 187 194 196 201 222 225 230 235 241 256 261 268 281 293 304 309 313 320 311 313 318 334 348 357 365 361 372 365 352 377 382 397 372 363 380 389 381 392 381 375 359 347 320 308 308 319 330 353 367 390 410 438 453 473 467 469 488 485 480 486 481 482 467 467 455 432 422 397 372 367 353 360 366 370 373 374 387 390 399 396 398 412 403 385 379 373 389 399 399 399 400 400 383 354
185 189 184 200 200 200 205 219 221 223 227 236 247 261 279 294 302 316 321 324 326 323 326 327 341 350 354 347 339 348 340 360 381 364 353 353 368 379 372 364 363 362 357 337 315 304 304 321 335 358 373 396 407 432 462 461 453 464 466 475 469 473 487 488 490 473 465 441 412 391 380 379 356 354 364 366 367 367 378 390 391 388 390 393 395 384 360 374 382 387 391 388 386 389 378 357
176 186 206 208 219 210 213 218 223 234 239 247 268 273 281 287 310 314 318 326 329 331 332 336 342 346 340 334 326 321 342 366 371 357 332 338 368 367 355 350 334 349 344 336 318 293 292 312 329 355 363 386 415 428 443 450 443 445 457 457 461 464 469 483 482 484 461 435 425 406 412 392 365 347 363 364 362 367 371 373 386 376 371 388 370 369 357 362 384 382 381 383 369 364 377 357
186 193 203 206 219 222 229 235 239 243 254 258 266 265 263 275 290 307 307 310 324 329 335 341 346 345 341 325 314 324 337 359 360 347 325 337 348 363 350 334 317 319 331 318 307 287 303 321 331 354 375 388 410 429 433 434 435 438 441 451 448 446 459 460 473 478 475 448 436 437 423 401 371 353 343 357 357 356 364 365 367 369 368 368 364 351 348 358 373 373 371 371 373 357 361 365
184 186 197 199 205 218 222 221 237 245 253 250 245 254 253 263 284 288 286 298 300 319 330 340 347 345 329 313 303 317 339 344 351 330 299 322 333 335 349 344 323 302 304 318 295 279 296 312 334 349 367 383 409 413 423 425 420 428 430 430 438 437 442 451 457 472 471 468 451 449 422 406 381 378 349 343 348 347 348 359 357 345 357 359 349 345 339 353 359 352 362 362 362 359 348 342
177 178 187 198 206 214 215 217 225 238 230 236 233 230 249 252 253 268 271 272 290 302 320 329 337 334 325 305 297 304 314 333 315 316 290 297 322 320 326 329 319 302 297 292 293 274 293 309 326 345 367 375 392 406 405 405 412 411 420 420 421 432 435 445 461 462 464 464 457 454 430 419 402 399 377 346 339 334 343 346 350 335 339 349 343 334 336 344 349 340 339 350 351 350 349 331
169 181 189 199 210 198 191 212 229 230 224 215 208 221 230 239 239 240 258 264 268 289 298 305 325 337 317 303 279 296 309 312 315 295 274 283 290 309 312 321 317 303 292 274 269 271 282 295 326 337 347 371 387 394 399 398 398 405 403 414 423 431 441 447 451 457 458 458 453 447 436 428 429 403 388 365 346 335 330 339 330 331 324 326 332 330 324 341 335 325 329 330 339 338 339 331
167 177 182 188 186 188 189 206 220 221 210 213 201 215 216 211 221 227 227 248 258 265 283 292 309 328 318 293 268 271 296 309 307 296 274 264 278 281 302 308 309 312 282 270 262 289 306 301 315 333 347 353 375 389 389 391 387 389 395 408 426 430 438 446 448 447 454 454 447 444 444 446 440 419 392 381 374 344 332 328 324 323 321 316 315 324 319 324 323 311 314 319 318 316 327 323
160 175 177 177 178 174 186 197 205 213 202 191 204 210 202 199 204 218 227 236 244 263 274 286 298 303 303 296 271 262 278 299 298 282 277 255 265 282 287 283 291 288 281 252 259 283 299 313 332 339 352 356 362 378 377 374 379 389 403 407 422 432 441 443 447 446 455 455 448 440 442 441 437 416 412 394 383 379 343 334 339 331 332 337 316 311 313 307 300 299 307 304 304 305 305 312
156 165 173 171 168 172 184 185 198 195 193 186 189 200 195 200 217 225 224 236 240 253 259 273 295 299 287 281 259 247 266 276 288 274 255 250 262 272 281 274 270 272 260 251 256 283 293 301 318 347 355 368 368 359 367 373 383 390 406 414 426 427 429 438 437 444 450 452 451 438 436 437 439 429 414 416 407 377 366 351 357 371 351 350 331 309 308 302 304 298 296 298 286 293 296 282
157 164 165 167 163 167 180 179 177 183 177 180 186 184 194 202 208 220 218 219 229 240 260 270 293 294 279 272 257 236 239 262 269 266 257 239 252 257 261 262 255 256 250 245 269 285 308 309 316 332 358 374 371 355 367 373 385 396 403 406 415 423 421 420 431 435 434 443 444 431 429 429 438 436 434 425 401 395 383 385 382 394 387 353 348 324 308 320 327 310 295 290 288 284 285 280
157 156 161 165 164 165 170 171 171 174 172 181 187 183 185 190 195 197 211 213 225 236 254 271 292 288 276 264 257 235 231 237 257 264 255 242 224 244 249 247 243 242 227 236 262 290 309 329 334 349 356 368 357 350 365 373 377 388 394 400 400 401 410 422 423 427 427 429 437 428 421 422 425 437 441 436 414 412 414 402 406 413 405 394 353 339 337 334 335 326 306 300 293 290 276 283
154 157 172 176 178 170 168 184 181 182 187 195 198 204 201 204 194 197 208 208 219 238 261 273 283 273 268 260 247 236 224 222 228 248 254 237 216 222 236 231 234 226 228 250 259 281 301 330 338 350 353 342 338 343 357 366 367 379 385 382 377 387 395 418 416 407 419 424 417 423 408 411 421 423 437 441 438 426 430 434 418 430 426 417 412 368 363 362 338 317 310 304 286 274 278 285
158 166 183 191 185 189 181 193 201 186 186 204 211 215 220 221 218 213 216 235 239 248 271 280 279 256 252 244 237 231 223 214 216 226 245 241 220 222 215 209 220 228 231 247 264 284 293 317 331 326 321 323 302 328 341 344 365 374 371 373 369 379 403 418 417 401 399 412 406 400 403 403 405 419 426 436 443 450 444 445 444 447 443 441 427 419 385 360 342 326 301 284 275 272 281 288
168 176 189 202 203 193 207 217 210 201 193 208 219 224 233 237 228 225 229 231 253 266 275 281 271 246 236 234 224 218 216 213 208 212 226 230 212 205 207 221 230 231 248 264 273 290 303 310 310 309 310 307 287 296 325 327 354 374 370 357 374 392 402 416 411 405 391 391 393 392 393 399 402 404 420 430 433 445 455 458 459 470 457 457 441 414 394 393 345 316 293 284 268 277 281 287
167 181 184 201 210 209 208 224 221 209 209 209 229 239 242 246 247 236 241 247 256 281 288 272 262 247 232 231 218 211 212 204 204 206 216 211 207 206 216 226 244 260 257 273 291 296 303 301 296 293 295 286 269 282 307 328 344 337 347 361 373 398 414 417 412 401 393 384 378 382 385 388 393 399 407 424 431 437 448 460 471 476 478 460 433 429 412 383 342 323 303 275 267 273 273 294
167 178 187 202 213 219 225 232 230 230 222 223 234 246 263 259 259 258 248 257 268 284 291 286 264 262 246 241 236 221 223 212 197 198 201 197 196 210 230 247 249 264 276 281 288 280 292 291 283 275 273 277 263 288 302 312 309 318 322 354 383 391 409 414 405 401 392 388 375 371 374 380 379 392 403 413 428 432 441 453 456 467 480 476 450 449 444 414 352 325 307 285 264 268 267 287
176 189 194 204 224 231 235 248 238 239 244 235 248 253 266 280 270 270 274 274 279 288 293 288 280 271 266 254 247 247 226 221 211 195 193 191 205 223 230 244 252 262 269 273 276 270 269 280 263 257 264 247 257 280 284 298 294 302 334 344 356 384 395 409 402 382 380 384 380 371 367 372 377 379 391 399 412 424 431 437 455 458 465 477 471 469 458 423 379 343 307 278 267 259 264 266
185 194 207 224 232 247 254 255 259 254 258 257 257 272 280 288 291 289 285 286 287 287 286 279 270 267 268 264 261 256 249 225 222 209 190 195 203 219 225 226 241 254 265 266 251 256 263 261 262 247 246 241 251 268 270 272 289 306 318 339 359 367 383 386 392 381 362 381 377 370 366 371 372 374 375 386 397 404 422 426 432 450 459 460 470 457 458 433 401 339 319 293 266 259 258 262
194 207 212 226 237 243 249 255 268 272 270 271 276 282 291 290 290 284 283 277 272 280 281 273 266 254 253 256 252 245 255 246 219 200 194 191 197 202 215 218 234 246 250 255 238 233 251 245 241 244 232 242 245 255 269 276 290 306 320 328 355 364 371 376 367 358 356 368 367 363 362 369 370 370 374 379 387 391 403 419 424 428 448 449 451 446 433 391 395 382 326 310 286 259 253 253
198 210 221 229 230 234 246 249 266 281 285 287 282 276 285 283 277 276 276 267 269 272 275 263 244 245 242 227 240 235 248 241 237 224 195 188 190 200 210 218 232 242 236 237 232 227 233 235 230 222 227 237 246 254 262 277 297 304 319 333 345 356 364 355 359 349 338 352 343 355 361 363 369 374 381 384 390 395 404 407 414 420 424 437 428 422 427 379 364 372 370 325 300 292 259 251
201 199 212 211 223 228 238 256 263 279 287 277 270 268 269 274 270 266 267 262 261 272 259 253 243 225 229 214 213 234 236 244 236 225 204 186 186 198 205 218 233 234 221 227 224 215 225 220 223 221 237 240 251 262 272 282 302 309 319 326 338 355 362 347 338 334 325 329 323 316 325 354 365 372 376 381 390 393 398 401 398 402 417 417 418 409 388 368 353 347 351 337 305 280 259 253
190 187 189 200 199 220 228 252 270 283 284 271 261 256 260 256 260 259 256 258 262 267 258 239 233 221 207 195 200 200 224 234 232 214 195 188 183 193 207 215 223 220 214 207 211 209 207 210 220 233 242 257 267 271 284 290 310 320 326 339 347 355 360 339 329 313 311 313 302 312 335 340 357 358 374 376 380 392 393 391 396 399 401 410 398 398 382 336 337 335 326 322 288 274 254 242
162 174 175 195 201 220 238 258 266 285 283 272 261 253 247 247 245 245 251 249 259 268 263 243 230 221 213 201 187 191 201 228 223 216 197 180 181 192 205 215 216 208 206 200 196 206 202 209 220 236 251 261 276 286 299 305 311 318 320 341 357 373 368 348 319 311 297 299 288 299 323 333 341 350 358 362 369 372 381 387 391 394 400 401 394 374 358 335 307 321 310 309 293 259 245 241
157 173 174 192 209 226 230 237 258 270 283 271 262 256 245 239 241 241 241 249 251 264 264 256 240 228 218 199 191 180 200 205 221 213 199 181 177 190 201 214 202 193 190 189 194 196 203 216 227 226 238 257 277 283 293 297 293 309 329 351 358 371 366 358 341 321 290 284 279 291 312 324 338 347 355 357 345 358 355 375 384 382 398 399 381 368 355 326 291 288 302 293 287 263 238 268
156 171 185 201 205 212 225 234 242 260 263 255 253 246 240 237 235 237 236 241 249 259 264 266 247 234 226 207 186 177 182 199 209 210 200 175 175 186 194 204 197 182 186 191 197 201 207 214 226 233 238 245 253 277 280 278 296 319 329 345 356 367 363 348 336 328 310 275 272 285 299 313 328 336 340 349 339 333 348 355 371 371 388 397 386 358 337 322 292 272 273 268 264 240 237 271
162 176 183 190 204 208 212 232 248 258 265 241 230 236 234 233 232 224 236 246 253 261 268 251 244 225 218 208 191 173 181 186 198 205 199 178 172 185 186 180 182 179 192 200 203 206 208 215 225 229 239 247 250 259 270 284 291 313 324 332 353 353 349 342 335 319 300 288 267 282 286 304 312 326 329 327 320 320 323 345 342 349 371 373 375 363 340 310 301 274 258 249 236 230 259 266
171 180 190 191 195 202 216 227 247 269 253 242 223 218 222 216 219 225 230 248 263 274 271 252 236 224 206 190 181 175 173 182 185 202 190 178 170 176 172 174 183 188 198 204 206 216 228 223 226 228 234 242 255 262 266 278 293 300 318 335 344 349 332 329 326 321 297 277 268 274 282 296 306 306 320 317 302 309 316 316 329 341 342 357 362 361 354 319 292 266 253 236 231 245 271 294
194 196 200 210 209 215 227 241 261 272 251 231 221 209 204 210 211 216 229 244 255 273 281 259 244 227 199 192 187 174 168 175 186 186 193 178 170 171 173 189 194 199 206 219 230 225 238 244 237 237 240 244 250 260 269 279 293 306 322 331 334 327 319 315 314 310 299 278 257 261 276 291 296 301 298 294 290 288 299 302 309 325 327 333 350 344 345 303 286 263 240 230 230 253 268 286
203 214 217 222 228 232 246 255 266 265 256 239 223 200 198 196 205 226 232 249 268 277 287 268 242 236 222 200 198 183 165 172 174 182 188 183 167 168 185 191 200 212 222 224 236 239 241 244 247 249 249 252 255 260 267 283 297 309 322 327 323 318 311 307 306 304 293 269 259 256 269 282 291 288 289 286 280 281 282 292 297 300 316 320 322 332 332 325 273 258 237 220 236 251 257 271
211 219 225 237 241 238 250 257 264 264 245 224 224 205 190 192 199 216 231 242 267 288 282 276 257 236 230 217 198 175 165 168 176 183 182 169 165 170 180 192 202 206 216 219 223 233 227 240 242 244 253 256 263 264 272 280 295 307 321 322 322 312 309 305 298 293 285 270 250 251 268 278 288 288 283 277 275 273 275 275 274 289 291 309 309 306 320 318 296 242 219 218 237 247 257 263
202 205 218 222 236 222 217 242 261 258 246 223 201 195 186 188 208 217 234 251 270 285 277 259 254 235 219 201 192 180 165 161 173 180 170 166 168 177 185 188 195 200 200 214 220 214 219 226 233 240 249 260 268 271 276 287 294 301 310 312 320 316 305 301 297 286 270 265 251 246 261 268 277 287 283 279 271 270 268 269 264 265 280 283 296 293 290 304 277 256 215 222 233 238 251 259
197 195 198 218 212 201 214 238 255 258 232 217 209 191 180 181 197 213 230 246 267 271 275 253 245 222 212 194 179 172 166 160 165 171 166 159 173 177 182 184 181 192 193 202 213 208 213 221 228 234 249 253 266 271 277 283 292 297 304 307 310 309 306 299 293 287 277 264 252 243 251 258 274 280 285 278 276 266 264 258 260 253 253 271 274 276 280 281 280 247 213 219 232 242 256 274
183 186 193 204 199 192 205 233 247 245 231 206 199 195 175 191 210 215 233 253 264 262 252 233 233 232 209 199 196 183 171 160 159 157 158 158 161 172 173 175 175 179 187 194 201 207 208 214 224 228 237 249 254 256 274 281 288 294 297 305 307 303 294 288 277 282 273 266 254 244 246 251 263 282 288 290 280 278 265 261 256 250 245 245 262 265 261 271 262 251 226 209 221 229 247 272
175 169 190 191 181 187 205 225 238 245 218 207 189 179 180 185 203 212 221 247 262 240 241 224 218 224 226 206 188 179 172 159 154 156 161 161 163 166 164 167 167 172 179 183 194 200 207 208 213 228 239 243 252 256 259 276 282 290 291 296 304 303 295 277 270 267 271 263 253 249 239 249 257 271 289 293 293 286 279 269 261 251 242 240 237 251 249 246 257 241 229 213 209 242 253 275
160 164 167 178 179 192 205 218 229 240 227 202 186 178 179 192 200 211 228 247 256 239 215 212 198 210 216 207 184 166 154 154 152 163 169 180 175 173 173 170 179 182 181 191 191 196 209 214 220 222 235 244 248 254 259 266 276 280 292 294 299 302 295 291 270 257 248 257 250 244 242 234 251 268 272 292 295 295 290 283 273 259 247 239 235 231 240 238 236 244 225 204 211 245 275 287
161 171 166 174 179 186 194 207 217 220 215 205 185 168 176 193 210 230 233 253 254 227 214 206 186 179 192 195 171 163 152 156 155 168 186 194 195 187 183 185 185 198 205 197 195 198 206 210 212 220 221 238 243 250 255 261 268 274 281 287 299 303 301 290 273 260 250 240 243 241 233 239 246 259 268 273 290 290 299 292 278 261 247 245 237 229 226 233 228 228 229 203 226 244 276 297
176 185 185 179 183 185 191 203 216 211 199 194 182 167 187 206 215 236 252 265 253 231 205 198 185 172 187 186 171 153 149 155 167 182 190 207 201 195 201 196 199 205 216 214 204 205 210 209 214 224 225 232 243 252 259 260 267 274 283 288 297 307 307 296 278 268 253 243 232 235 229 232 239 243 251 266 265 280 297 290 270 264 260 246 246 245 228 219 220 221 212 202 222 243 270 274
