data/real/Dogrib_v624/conserv_mass_moment/windninja_360_30_100m_vel.asc
NCOLS 357 
NROWS 223 
XLLCORNER 457900 
YLLCORNER 5716800 
CELLSIZE 100 
NODATA_value -3.4e+38 
[rows 42 to 62 of 223, columns 138 to 183 of 357]
34.8800010681152 34.7999992370605 36.6599998474121 34.3699989318848 31.7600002288818 30.6299991607666 29.8799991607666 32.6500015258789 30.9200000762939 27.9500007629395 28.7999992370605 33.9799995422363 37.1699981689453 36.2200012207031 31.9099998474121 31.5 31.8700008392334 29.2000007629395 20.0599994659424 14.6499996185303 12.9899997711182 15.3299999237061 13.5 11.8599996566772 13.1599998474121 14.3500003814697 14.9300003051758 11.960000038147 7.92999982833862 5.55999994277954 4.21999979019165 2.54999995231628 3.1800000667572 6.55000019073486 8.90999984741211 17.4500007629395 21.0200004577637 23.6299991607666 25.8700008392334 24.7299995422363 19.3400001525879 14.5699996948242 9.55000019073486 6.34000015258789 4.42000007629395 3.64000010490417
35.1399993896484 36.3300018310547 38.4500007629395 35.5200004577637 32.5 30.9500007629395 29.5799999237061 32.1300010681152 30.0799999237061 23.4400005340576 26.4699993133545 32.6399993896484 37 37.0299987792969 32.9799995422363 31.4799995422363 25.1700000762939 20.5799999237061 15.9799995422363 8.64999961853027 7.46999979019165 10.7200002670288 9.21000003814697 8.14999961853027 5.69999980926514 7.71000003814697 8.25 6.46000003814697 6.25 5.75 5.53999996185303 6.09999990463257 7.6100001335144 9.48999977111816 11.289999961853 16.0300006866455 19.5900001525879 22.3199996948242 24.7399997711182 24.4300003051758 20.5 17.0900001525879 13.4499998092651 10.7799997329712 8.68000030517578 6.92000007629395
26.4400005340576 24.8799991607666 25.8099994659424 30.6700000762939 28.7000007629395 30.2800006866455 29.6000003814697 30.6800003051758 27.3700008392334 21.25 19.2700004577637 25.7900009155273 33.7099990844727 34.2400016784668 28.4300003051758 23.9099998474121 20.9899997711182 9.88000011444092 5.40999984741211 4.75 3.52999997138977 1.75999999046326 3.70000004768372 3.27999997138977 4.67999982833862 5.63000011444092 5.80000019073486 6 7.8600001335144 9.76000022888184 10.8699998855591 9.39000034332275 10.9399995803833 12.1300001144409 13.4099998474121 17.8299999237061 21.5900001525879 24.2900009155273 26.6100006103516 26.4500007629395 23.2900009155273 20.4099998474121 19.7700004577637 17.5699996948242 15.2299995422363 13.1199998855591
24.2999992370605 22.6100006103516 23.0100002288818 25.6900005340576 27.7800006866455 30.0599994659424 29.4300003051758 29.8999996185303 26.2600002288818 19.5699996948242 16.7299995422363 23.4699993133545 29.7600002288818 31.6700000762939 27.7700004577637 21.9599990844727 17.8500003814697 5.48000001907349 1.37000000476837 1.37999999523163 2.13000011444092 3.42000007629395 5.23000001907349 6.8600001335144 7.51999998092651 7.80000019073486 8.10999965667725 9.25 10.8500003814697 12.0500001907349 12.960000038147 14.1199998855591 15.0100002288818 14.8699998855591 15.8400001525879 19.7399997711182 23.3700008392334 25.5 27.0400009155273 26.7099990844727 25.1800003051758 23.6900005340576 21.8899993896484 20.1599998474121 18.0200004577637 16.0799999237061
23.3600006103516 21.2700004577637 20.4300003051758 24.0599994659424 27.1200008392334 29.7600002288818 29.4400005340576 29.3999996185303 25.8600006103516 19.0799999237061 15.1700000762939 21.1399993896484 27.5400009155273 29.6800003051758 25.9500007629395 20.1100006103516 16.2099990844727 6.84000015258789 3.75999999046326 3.09999990463257 3.36999988555908 5.26000022888184 7.48000001907349 9.18000030517578 9.90999984741211 10.3199996948242 10.710000038147 11.6400003433228 12.8500003814697 13.8599996566772 14.7299995422363 15.8100004196167 16.7800006866455 16.7700004577637 17.8999996185303 21.3999996185303 25 26.6299991607666 27.3299999237061 26.3700008392334 25.6000003814697 24.9099998474121 23.8199996948242 22.4500007629395 20.1299991607666 18.1299991607666
23.6900005340576 20.3600006103516 17.25 22.1599998474121 26.75 30.3199996948242 30.8199996948242 30.3999996185303 27.0499992370605 20.1399993896484 14.710000038147 18.4799995422363 23.3400001525879 24.1399993896484 21.4599990844727 18.5799999237061 17.1000003814697 10.3400001525879 6.21999979019165 4.69000005722046 5.30000019073486 8.64999961853027 11.6400003433228 13.7399997711182 9.90999984741211 10.3199996948242 14.3699998855591 15.1499996185303 16.1200008392334 17.4099998474121 18.5100002288818 19.7199993133545 20.9400005340576 20.8999996185303 21.7399997711182 24.7600002288818 28.9599990844727 31.2999992370605 32.4099998474121 31.7600002288818 31.4699993133545 29.9500007629395 28.3899993896484 26.5 23.4799995422363 21.4099998474121
23.9300003051758 14.960000038147 14.75 20.5900001525879 26.6299991607666 31.0100002288818 32.3800010681152 31.3299999237061 27.9699993133545 20.9200000762939 14.3699998855591 16.3099994659424 20.0100002288818 20.0300006866455 18.1200008392334 17.3999996185303 18.0100002288818 13.3299999237061 8.56999969482422 6.88000011444092 7.8600001335144 12.3999996185303 16.1399993896484 19.0200004577637 20.7700004577637 19.5799999237061 19.3099994659424 19.4699993133545 19.8099994659424 21.1000003814697 22.2299995422363 23.6000003814697 25.1100006103516 24.9200000762939 25.1800003051758 27.5900001525879 32.3400001525879 35.2599983215332 37 36.6300010681152 36.9700012207031 34.4900016784668 32.3499984741211 30.1000003814697 26.4500007629395 24.4200000762939
24.0599994659424 13.6999998092651 12.6300001144409 19.2800006866455 26.6700000762939 31.8099994659424 33.9900016784668 32.1699981689453 28.6499996185303 21.5 14.0200004577637 14.4099998474121 17.2399997711182 16.8899993896484 15.6700000762939 16.7099990844727 19.1700000762939 16.4400005340576 11.3400001525879 9.67000007629395 10.7200002670288 16 20.1100006103516 23.7900009155273 27.25 26.2999992370605 25.9099998474121 25.3799991607666 24.5200004577637 25.1299991607666 25.9799995422363 27.3700008392334 29.0699996948242 27.5699996948242 28.2800006866455 30.0300006866455 35.2799987792969 38.5200004577637 40.7700004577637 40.7900009155273 41.7799987792969 38.2599983215332 35.7700004577637 33.3600006103516 29.25 27.3500003814697
24.5499992370605 13.9499998092651 11.8400001525879 17.9400005340576 25.8199996948242 31.7000007629395 34.8199996948242 32.2799987792969 28.7999992370605 21.9899997711182 14.5900001525879 13.6800003051758 15.5500001907349 14.9399995803833 14 15.8599996566772 19.3700008392334 17.8799991607666 12.7799997329712 11.6300001144409 12.6800003051758 18.1100006103516 22.6900005340576 27.5200004577637 33.2000007629395 33.2200012207031 33.8400001525879 32.2000007629395 29.4599990844727 28.7999992370605 29.3500003814697 30.8400001525879 32.9099998474121 32.1300010681152 31.0799999237061 32.060001373291 37.5200004577637 41.3499984741211 44.7000007629395 45.7200012207031 47.7000007629395 42.4599990844727 39.1800003051758 36.4300003051758 31.9400005340576 30.2700004577637
26.1100006103516 15.8800001144409 12.5200004577637 16.5900001525879 23.0300006866455 27.5200004577637 31.1000003814697 30.0400009155273 28.3600006103516 23.1700000762939 16.3799991607666 14.5200004577637 15.3800001144409 14.4200000762939 13.1700000762939 14.6300001144409 17.6700000762939 15.9200000762939 12.039999961853 12.1199998855591 13.7799997329712 18.7399997711182 21.5599994659424 23.9099998474121 26.5599994659424 27.8600006103516 32.4799995422363 33.3199996948242 32.7799987792969 31.8099994659424 31.6700000762939 32.3699989318848 33.5 31.8400001525879 33.0099983215332 34.4199981689453 40.0200004577637 42.9000015258789 45.3300018310547 45.3300018310547 47.7599983215332 42.5999984741211 39.8499984741211 37.8300018310547 33.5 31.9500007629395
27.2099990844727 17.3299999237061 13.1400003433228 15.460000038147 20.7399997711182 24.5200004577637 28.6200008392334 28.6499996185303 28.2099990844727 24.2199993133545 17.9799995422363 15.3299999237061 15.1300001144409 13.789999961853 12.3599996566772 13.7200002670288 16.6000003814697 14.5600004196167 11.4700002670288 12.3999996185303 14.6499996185303 19.4599990844727 21.3600006103516 22.3199996948242 23.0599994659424 25.8299999237061 32.9300003051758 35.4799995422363 36.939998626709 35.1699981689453 34.6199989318848 34.2900009155273 34.2200012207031 32.6800003051758 34.2999992370605 36.0400009155273 41.9900016784668 44.9799995422363 47.5400009155273 47.3199996948242 50.4300003051758 44.9700012207031 41.9000015258789 39.8199996948242 35.3400001525879 33.7999992370605
27.9400005340576 18.4500007629395 13.7299995422363 14.6300001144409 18.9599990844727 22.4500007629395 26.9699993133545 27.8299999237061 28.25 25.1499996185303 19.4099998474121 16.0900001525879 14.8599996566772 13.1199998855591 11.6099996566772 13.0799999237061 16.0200004577637 17.6599998474121 11.3500003814697 12.8699998855591 15.5600004196167 20.1599998474121 21.5100002288818 21.7399997711182 21.3999996185303 25.5900001525879 33.8899993896484 37.2700004577637 40.6699981689453 38.6500015258789 37.9700012207031 36.9199981689453 35.4700012207031 33.4599990844727 35.3400001525879 37.439998626709 43.9000015258789 47.1500015258789 49.8699989318848 49.7799987792969 53 47.1300010681152 43.8600006103516 41.7200012207031 37.1199989318848 35.560001373291
28.4300003051758 19.7399997711182 15.1599998474121 14.6000003814697 17.2700004577637 20.0100002288818 24.7000007629395 26.5400009155273 27.8899993896484 25.8500003814697 20.5900001525879 16.8199996948242 14.8100004196167 12.8100004196167 11.1700000762939 12.4399995803833 15.1300001144409 16.4599990844727 10.5699996948242 12.7200002670288 15.9099998474121 20.5499992370605 21.6000003814697 21.1299991607666 20 24.3600006103516 33.0099983215332 38.1699981689453 44.3800010681152 42.8400001525879 42.7000007629395 40.1399993896484 36.3499984741211 33.6300010681152 35.8400001525879 38.2099990844727 45.0800018310547 50.2000007629395 53.8300018310547 52.7200012207031 56.3899993896484 50.7799987792969 46.5999984741211 43.5299987792969 38.5999984741211 37.1300010681152
29.6399993896484 22.0200004577637 17.4500007629395 15.1999998092651 15.3500003814697 16.2600002288818 20.4400005340576 23.5699996948242 26.2000007629395 25.6900005340576 21.3199996948242 17.4599990844727 15.0200004577637 12.8699998855591 10.9499998092651 11.5600004196167 13.4799995422363 13.9499998092651 8.52000045776367 11.3900003433228 15.1800003051758 19.9300003051758 20.8799991607666 19.9400005340576 18.3099994659424 21.9099998474121 28.4200000762939 31.8500003814697 36.0099983215332 36.4300003051758 40.9900016784668 41.189998626709 39.7599983215332 37.5900001525879 39.0800018310547 40.8600006103516 46.0900001525879 49.2799987792969 49.1699981689453 43.9500007629395 46.939998626709 45.1699981689453 43.3499984741211 41.9099998474121 37.9700012207031 36.8499984741211
30.5599994659424 23.7299995422363 19.2999992370605 15.8299999237061 13.8900003433228 13.25 16.8999996185303 21.1200008392334 24.8500003814697 25.7099990844727 22.2399997711182 18.2199993133545 15.3299999237061 12.9700002670288 10.8199996948242 10.8900003433228 12.1999998092651 12.0500001907349 6.90000009536743 10.2700004577637 14.5699996948242 19.4099998474121 20.2999992370605 18.8899993896484 16.7800006866455 19.9500007629395 25.5 28.4099998474121 31.3600006103516 33.6100006103516 41.0299987792969 42.7799987792969 43.4500007629395 41.3499984741211 42.4700012207031 43.6500015258789 47.5299987792969 49.1800003051758 46.5499992370605 38.2700004577637 41.0200004577637 41.5800018310547 41.0400009155273 40.4599990844727 37.2200012207031 36.3899993896484
31.25 25 20.7399997711182 16.3400001525879 12.6199998855591 10.3400001525879 13.3999996185303 18.75 23.6499996185303 25.7399997711182 23.1900005340576 19 15.6999998092651 13.0299997329712 10.6499996185303 10.289999961853 11.1499996185303 10.5900001525879 5.57999992370605 9.31999969482422 14.0500001907349 18.9400005340576 19.8299999237061 18.0100002288818 15.4099998474121 18.3099994659424 23.5200004577637 26.4500007629395 28.7900009155273 32.7000007629395 41.5400009155273 44.060001373291 46.6300010681152 44.7900009155273 45.1300010681152 46.2299995422363 48.9000015258789 49.3899993896484 45.2099990844727 34.4099998474121 37.189998626709 39.4500007629395 39.810001373291 39.6500015258789 36.9799995422363 36.2900009155273
31.8700008392334 26.0499992370605 21.8400001525879 17.0799999237061 12.8999996185303 10.1499996185303 12.6099996566772 17.7000007629395 22.8600006103516 25.7800006866455 24.0400009155273 19.7000007629395 16.1700000762939 13.460000038147 11.039999961853 10.2200002670288 10.539999961853 9.63000011444092 4.57000017166138 8.60000038146973 13.6999998092651 18.6399993896484 19.4300003051758 17.5599994659424 14.6800003051758 17.1100006103516 22.0900001525879 24.8799991607666 26.4799995422363 30.7299995422363 40.1399993896484 44.189998626709 49.3499984741211 47.5699996948242 48.5299987792969 49.7400016784668 51.0499992370605 49.7799987792969 44.189998626709 32.2999992370605 35.310001373291 37.939998626709 38.3400001525879 38.3199996948242 36.5299987792969 36.1199989318848
32.3400001525879 26.8199996948242 23.1299991607666 19.0900001525879 15.3900003433228 12.9300003051758 14.9899997711182 19.0400009155273 23.1700000762939 25.3199996948242 23.8899993896484 20.0799999237061 16.7900009155273 14.3400001525879 11.960000038147 10.5900001525879 10.2299995422363 8.88000011444092 3.69000005722046 8.07999992370605 13.6999998092651 18.8199996948242 19.6599998474121 17.8400001525879 14.6499996185303 16.4200000762939 20.9599990844727 23.1100006103516 23.4400005340576 26.5200004577637 33.8199996948242 36.2400016784668 39.5999984741211 37.2799987792969 40.2099990844727 45.5800018310547 48.1500015258789 48.5999984741211 44.4199981689453 34.2599983215332 38.5999984741211 41.3899993896484 41.6500015258789 41.5099983215332 39.9300003051758 38.5699996948242
32.7099990844727 27.5 24.1900005340576 20.7099990844727 17.3999996185303 15.1300001144409 16.7999992370605 19.9099998474121 23.1399993896484 24.6599998474121 23.5799999237061 20.4099998474121 17.3400001525879 15.1000003814697 12.8000001907349 10.9799995422363 10 8.35999965667725 2.89000010490417 7.3899998664856 13.4899997711182 18.8899993896484 19.8700008392334 18.1599998474121 14.6400003433228 15.6499996185303 19.9599990844727 21.5499992370605 20.7900009155273 23.0699996948242 29.2900009155273 31.2199993133545 33.5 30.9300003051758 35.1800003051758 43.8499984741211 46.9199981689453 48.2299995422363 44.4300003051758 35.6100006103516 41.1300010681152 44.2000007629395 44.7299995422363 44.5699996948242 43.3499984741211 41.0400009155273
33.0099983215332 28.1200008392334 25.0799999237061 22.0300006866455 19.0300006866455 16.8799991607666 18.1200008392334 20.3400001525879 22.7800006866455 23.7600002288818 23.0300006866455 20.6000003814697 17.7700004577637 15.6700000762939 13.4499998092651 11.2200002670288 9.60000038146973 7.69999980926514 1.89999997615814 6.59999990463257 13.1400003433228 18.8600006103516 19.9799995422363 18.3999996185303 14.6000003814697 14.8000001907349 18.9699993133545 20.1599998474121 18.5400009155273 20.2399997711182 25.9500007629395 27.9899997711182 29.7199993133545 27.5200004577637 32.6800003051758 43.7400016784668 46.7599983215332 48.2000007629395 44.1599998474121 36.5499992370605 42.9700012207031 46.25 47.0699996948242 47.0999984741211 46.25 43.0099983215332
33.1800003051758 28.5799999237061 25.8600006103516 23.2900009155273 20.5799999237061 18.4899997711182 19.3999996185303 21.0300006866455 22.7999992370605 23.2000007629395 22.6900005340576 20.9899997711182 18.5499992370605 16.5100002288818 14.3199996948242 11.9499998092651 10.0900001525879 8.26000022888184 2.01999998092651 5.40000009536743 12.1800003051758 18.3600006103516 20.0499992370605 18.5699996948242 14.4700002670288 14.0200004577637 18.2299995422363 19.2800006866455 16.9899997711182 17.75 22.7700004577637 24.4599990844727 24.9899997711182 22.8099994659424 29.1000003814697 42.9500007629395 45.7799987792969 47.1800003051758 42.5 35.8600006103516 43.3199996948242 46.7099990844727 47.7400016784668 47.2000007629395 47.2999992370605 44.0900001525879
