data/real/Dogrib_v624/conserv_mass_moment/windninja_315_30_100m_ang.asc
NCOLS 357 
NROWS 223 
XLLCORNER 457900 
YLLCORNER 5716800 
CELLSIZE 100 
NODATA_value -3.4e+38 
[rows 0 to 41 of 223, columns 188 to 281 of 357]
316 317 317 315 314 314 315 315 315 315 314 315 316 316 315 315 315 315 315 313 313 315 315 315 315 315 315 315 315 315 315 315 315 315 315 315 315 315 315 315 315 315 315 315 315 315 316 316 316 316 316 316 316 316 316 315 315 316 315 315 315 314 314 315 315 315 315 315 315 315 315 315 314 314 315 315 315 315 315 315 315 315 315 315 315 315 315 315 315 315 315 315 315 315
316 317 316 315 314 314 315 315 315 315 314 315 316 316 315 315 315 315 315 313 313 315 315 315 315 315 315 315 315 315 315 315 315 315 315 315 315 315 315 315 315 315 315 315 315 315 316 316 316 316 316 316 316 316 316 315 315 316 315 315 315 314 314 315 315 315 315 315 315 315 315 315 314 314 315 315 315 315 315 315 315 315 315 315 315 315 315 315 315 315 315 315 315 315
321 323 322 320 318 316 318 318 317 317 317 317 318 319 316 316 315 314 314 312 310 312 313 313 314 314 314 314 315 314 314 314 314 314 314 315 314 314 314 314 314 314 314 314 315 315 316 317 317 317 317 317 318 318 318 318 318 318 318 317 317 316 316 316 316 316 316 317 317 317 317 316 315 315 315 315 315 315 314 314 314 314 314 314 314 313 314 315 315 315 315 316 316 316
323 326 325 323 321 319 320 320 318 318 319 319 320 320 317 316 315 314 313 311 310 312 312 312 313 313 313 313 313 314 314 314 313 314 314 314 314 314 314 314 314 314 314 314 315 315 316 317 317 318 318 319 319 319 319 319 319 319 319 318 318 317 317 317 317 317 318 318 318 318 317 317 316 315 316 315 315 315 314 314 314 314 313 313 313 313 314 314 315 315 315 316 316 317
327 329 329 329 327 326 327 326 324 320 321 323 323 322 318 316 316 315 312 310 310 311 312 312 312 312 312 311 311 313 313 313 313 314 314 314 313 313 313 313 312 312 312 313 313 314 315 316 317 319 320 321 319 318 318 318 318 318 318 318 318 317 318 319 319 319 319 319 320 320 319 319 317 317 317 317 317 316 315 314 314 313 312 312 312 312 312 313 314 314 315 316 317 317
324 327 326 325 324 323 324 323 321 320 322 322 323 323 319 318 317 316 314 311 310 310 311 311 310 308 308 307 307 309 310 311 312 312 313 314 314 314 314 314 313 313 313 314 315 316 316 317 319 320 322 322 321 318 318 319 318 318 318 318 318 318 318 319 319 319 320 320 320 319 319 318 317 317 318 318 318 318 317 316 316 315 315 314 314 314 314 314 315 315 316 316 317 317
323 326 324 324 323 323 323 322 320 320 322 322 323 323 320 318 317 316 314 311 309 310 310 310 309 307 306 305 305 307 308 310 311 312 313 314 314 314 314 314 313 313 313 314 315 316 316 318 319 321 323 324 322 319 318 319 319 318 318 318 319 319 319 320 320 320 320 320 320 320 319 319 317 317 318 318 319 319 318 317 317 317 316 316 315 315 315 315 315 316 316 316 317 317
323 325 323 323 323 323 324 324 321 320 323 323 324 323 320 318 316 314 310 308 307 307 307 307 306 304 303 301 302 304 306 308 311 312 313 315 314 313 313 312 311 311 311 312 315 317 317 318 320 321 325 326 324 321 320 320 319 317 317 318 319 319 319 320 320 320 320 321 320 321 320 319 318 318 319 319 320 320 319 319 319 319 318 318 317 317 317 316 316 317 317 317 317 318
323 324 322 321 322 322 322 323 321 321 324 325 325 325 321 319 317 315 310 308 307 307 307 307 306 304 303 301 302 304 305 307 311 313 315 317 316 315 314 313 311 311 310 312 314 316 318 319 321 323 326 326 323 321 320 321 320 317 317 318 319 319 320 320 321 321 321 321 321 321 320 319 319 318 320 320 321 321 320 319 320 320 319 318 318 317 318 317 317 318 318 317 318 318
323 324 322 322 322 322 322 322 321 320 324 325 326 326 323 321 319 318 314 312 312 312 311 311 310 308 306 304 304 306 308 310 313 315 318 321 320 319 317 316 314 313 311 313 315 317 318 319 321 322 325 325 322 320 318 318 317 314 315 317 318 318 319 320 320 321 321 321 321 322 320 320 319 318 319 320 321 321 320 320 320 320 319 318 317 317 317 316 316 317 317 317 317 318
322 323 322 322 322 323 322 322 322 322 324 325 327 326 324 322 321 320 318 315 314 314 313 313 312 309 308 306 305 307 309 310 313 316 319 324 323 321 319 317 316 315 312 313 316 317 319 320 321 322 325 325 321 320 318 317 316 312 313 316 317 318 319 319 320 321 321 321 322 322 321 320 319 319 320 320 321 321 320 320 321 320 319 318 317 317 317 316 316 317 317 317 317 318
323 323 322 321 322 322 321 322 323 323 325 326 326 326 324 324 323 322 321 319 317 316 315 314 313 310 308 305 305 307 308 309 311 314 319 326 325 323 321 320 319 319 316 315 318 319 321 322 322 322 324 323 320 319 317 316 315 311 311 315 316 317 318 319 320 321 321 321 322 322 321 320 320 319 320 320 321 321 320 320 321 321 320 319 319 319 319 318 318 319 319 318 318 319
322 323 323 322 323 323 322 322 325 327 327 327 325 324 324 323 323 322 322 321 320 319 318 316 314 311 309 306 306 308 309 309 312 314 318 327 329 324 320 319 319 319 317 317 321 321 323 324 323 323 324 323 321 319 317 315 314 310 310 315 316 317 318 319 319 321 321 321 322 322 321 321 320 320 320 320 320 321 320 320 321 321 320 319 319 319 319 318 318 320 320 319 319 320
322 322 323 323 325 326 325 326 330 331 330 329 325 324 324 323 322 322 321 321 320 319 317 316 315 313 311 309 309 310 311 312 314 317 320 328 330 324 319 317 317 317 315 314 319 320 323 325 323 323 324 324 322 320 319 316 315 310 309 314 316 317 319 319 320 321 322 322 322 322 322 322 321 321 321 320 321 321 320 320 321 320 319 319 318 317 317 316 316 317 317 317 318 319
322 323 324 324 326 327 327 328 332 333 331 329 324 323 324 323 323 323 322 323 322 319 318 316 315 313 312 310 310 312 313 313 315 318 328 328 331 323 317 316 317 317 316 315 319 321 323 326 324 324 325 324 322 320 319 316 315 310 309 314 317 317 319 319 320 321 322 322 322 323 322 322 322 322 321 321 321 321 320 320 320 320 319 318 318 317 317 316 315 316 317 317 317 318
322 323 325 325 327 328 329 328 333 334 331 330 325 324 325 325 324 324 323 324 323 320 318 316 315 314 313 311 312 315 316 316 318 321 328 331 331 323 316 315 316 316 316 316 320 321 325 327 325 324 325 324 322 319 318 316 315 311 310 316 318 318 319 320 320 322 322 322 322 323 323 323 323 322 322 321 321 321 320 320 320 319 318 317 317 316 315 315 314 315 316 316 317 318
323 323 325 325 328 330 331 329 333 331 328 327 324 324 327 327 327 326 325 327 325 321 318 316 315 315 314 312 313 315 317 318 319 323 330 331 331 321 315 313 316 316 316 317 320 321 325 326 324 324 326 325 322 318 317 315 315 311 311 316 318 319 320 320 321 322 323 322 323 323 323 323 323 323 322 322 321 321 320 320 320 319 318 317 317 316 315 314 314 314 315 316 317 318
322 323 325 327 331 332 332 330 331 330 326 325 323 322 325 326 327 327 328 329 328 323 320 317 315 315 314 311 312 315 317 317 319 322 329 330 330 319 312 311 315 316 317 318 320 322 325 326 325 324 327 326 323 317 317 316 315 312 311 316 317 317 318 319 320 322 323 323 323 323 323 324 324 324 323 323 322 322 321 321 320 320 319 318 318 318 317 316 316 316 316 317 318 319
322 323 325 327 331 333 333 331 329 328 325 324 323 322 325 326 328 329 329 331 329 324 321 318 316 316 315 312 312 316 317 318 320 323 329 329 329 321 311 310 314 316 318 319 321 322 325 326 325 325 327 327 323 321 316 316 315 313 312 316 318 318 318 319 320 322 323 323 323 324 324 324 324 324 324 323 323 322 322 321 321 320 320 319 319 318 317 317 317 317 317 318 318 319
322 323 326 327 332 334 333 331 328 326 324 323 322 322 325 327 329 330 330 331 329 324 321 318 317 317 317 314 314 317 319 320 321 324 329 329 328 320 309 308 314 316 318 320 322 323 325 325 324 324 327 327 324 322 317 318 317 315 313 317 319 319 320 320 321 323 324 324 324 324 324 324 325 325 324 324 323 323 322 322 321 321 320 319 319 319 318 317 317 317 317 318 318 319
321 322 326 328 333 336 334 332 327 325 324 323 323 323 326 327 330 332 331 332 330 325 322 318 317 317 317 315 315 319 321 322 323 325 330 330 328 316 309 308 314 316 319 322 322 323 325 325 324 324 327 326 322 321 316 318 318 316 315 319 320 320 320 319 321 323 324 324 324 325 325 325 325 325 325 324 324 324 323 322 322 321 321 320 320 319 318 318 317 318 318 318 319 319
322 323 326 328 332 336 334 332 326 325 325 324 325 326 328 329 333 334 333 333 331 326 323 319 317 318 317 315 315 319 321 322 324 325 330 330 329 317 310 309 315 318 321 324 324 324 325 325 324 323 325 324 321 319 313 316 316 315 314 318 319 319 321 320 321 323 324 324 324 325 325 325 325 326 325 325 324 324 323 323 322 322 321 320 320 320 319 318 318 318 318 319 319 319
323 325 327 328 333 335 332 331 325 323 325 325 326 327 329 330 334 335 334 334 331 327 324 319 318 318 318 316 316 320 322 323 325 325 326 331 329 318 311 309 316 319 322 326 325 325 326 325 324 323 323 322 320 315 313 316 317 315 314 317 318 318 319 318 320 323 325 325 325 325 325 325 326 326 325 325 325 324 324 323 322 322 321 321 320 320 319 319 318 319 319 319 319 319
323 325 327 327 332 334 331 331 325 324 326 326 327 328 329 331 334 335 334 335 333 329 326 321 319 320 320 318 318 322 323 324 326 326 326 331 330 320 314 312 321 321 323 327 326 326 326 325 323 321 321 320 319 316 314 319 321 320 319 318 319 318 319 318 319 323 325 326 326 326 326 326 326 326 326 325 325 325 324 323 323 322 321 321 321 320 319 319 319 319 319 320 320 319
327 328 329 327 330 330 325 324 321 320 325 325 327 328 328 329 331 332 331 331 330 328 325 320 319 321 322 321 322 324 323 324 325 325 325 330 328 320 316 314 321 323 325 329 327 327 327 325 323 321 319 318 317 317 316 319 320 320 318 320 330 340 343 342 328 327 327 327 327 327 327 327 327 327 326 326 326 325 324 324 323 322 322 321 321 321 320 319 319 319 319 320 320 318
328 329 330 329 330 329 325 324 321 320 324 325 326 327 327 328 329 330 329 330 329 327 325 320 319 322 322 323 323 325 325 324 325 325 325 329 327 321 317 315 321 323 324 326 325 325 326 326 323 321 317 316 317 317 317 320 322 324 328 3 41 65 92 101 99 64 337 331 329 329 328 328 328 328 327 326 326 325 324 323 323 322 322 321 321 321 320 319 319 319 320 320 320 318
328 330 330 330 330 329 325 323 321 320 323 324 324 326 326 326 327 328 327 329 329 326 325 321 319 323 324 325 326 326 326 325 325 326 325 327 327 321 319 317 321 322 323 323 321 321 322 323 323 322 319 317 318 318 318 320 322 329 48 84 86 99 111 115 119 121 98 344 333 331 331 330 330 329 328 327 326 325 324 323 322 321 321 321 321 321 320 320 319 320 320 320 320 318
328 330 330 330 331 330 326 324 322 320 322 323 323 325 325 325 326 327 326 328 327 325 324 321 320 324 325 326 327 326 326 324 325 327 327 326 323 321 320 319 322 322 322 321 318 317 316 318 320 320 318 320 319 319 319 319 319 320 325 348 75 124 121 120 125 130 132 105 342 335 333 332 332 331 329 328 327 326 324 323 321 321 321 321 321 322 321 320 320 320 320 320 320 318
328 330 330 330 331 330 327 325 324 322 323 323 323 324 325 326 327 327 326 328 327 325 324 322 321 324 326 327 328 326 325 324 323 326 326 325 323 322 322 321 322 322 322 320 316 315 311 314 317 317 316 313 317 318 319 319 319 319 320 322 320 144 126 122 127 134 138 134 23 339 337 335 334 333 331 330 329 327 325 324 321 321 321 322 322 322 321 321 320 320 320 321 320 318
324 330 330 331 332 331 328 326 325 323 323 322 321 322 324 325 326 326 326 327 327 325 324 323 322 325 326 328 329 327 326 324 323 325 325 324 323 322 323 323 322 322 322 320 316 314 309 311 315 316 315 313 315 317 318 318 318 317 317 317 313 301 94 116 128 138 143 141 119 344 342 339 337 336 333 331 330 328 325 323 321 320 322 322 323 323 322 321 321 321 321 321 320 318
323 329 330 331 332 331 329 327 326 324 323 321 320 320 322 324 325 326 326 327 327 326 325 324 323 326 327 329 330 328 327 325 324 325 326 324 324 323 325 325 323 323 323 322 319 317 311 311 315 316 315 314 315 316 318 318 318 317 316 316 312 301 122 131 142 147 150 148 137 351 347 343 341 339 336 333 331 328 324 323 320 319 321 322 323 323 322 322 322 321 321 321 320 318
323 328 329 331 333 332 330 328 328 326 324 322 319 319 321 322 324 325 325 327 327 326 326 325 324 326 327 330 330 328 327 325 324 325 325 324 325 325 327 327 324 323 323 322 319 318 312 311 318 319 316 314 314 315 317 317 318 318 317 318 314 306 310 313 309 235 168 156 146 0 354 348 347 344 341 337 332 328 324 322 319 319 321 322 324 324 323 323 323 322 321 321 320 318
324 329 329 331 334 333 331 330 330 328 325 323 319 319 320 321 322 323 324 325 326 325 324 324 324 326 327 329 330 328 327 325 324 324 324 323 325 327 329 330 326 324 324 322 319 317 311 309 318 320 315 315 313 314 317 317 318 318 317 318 314 307 312 316 315 297 209 164 153 10 1 354 352 349 344 340 334 329 326 324 320 320 322 323 325 325 324 324 324 323 322 322 321 319
324 328 329 330 333 333 332 331 332 330 327 324 320 319 320 321 321 323 324 325 325 324 324 324 324 326 327 329 329 328 327 325 324 323 323 322 325 327 330 330 327 326 325 323 320 317 312 309 320 324 315 318 314 312 316 317 319 320 319 320 317 313 320 325 324 319 306 201 160 16 6 357 356 352 346 341 334 329 327 325 321 321 323 324 326 326 325 325 325 324 323 322 321 319
328 330 330 331 334 334 333 332 333 332 329 326 322 321 322 323 322 324 324 325 325 323 323 323 324 325 326 328 329 327 327 325 324 323 322 321 325 328 332 332 329 328 327 325 321 319 313 310 323 329 317 343 248 263 311 319 323 324 324 325 323 322 329 333 332 328 320 291 166 19 10 360 359 354 348 341 333 329 328 326 324 323 325 326 327 327 326 327 326 324 323 322 321 319
328 330 330 331 333 334 333 333 334 333 329 327 323 321 323 324 323 326 325 326 326 323 323 323 324 325 326 328 328 327 326 325 324 324 323 320 324 326 330 331 329 328 327 326 323 320 314 311 323 330 315 232 222 208 265 321 329 331 331 331 329 331 336 339 337 333 327 319 288 17 11 2 1 354 346 340 331 327 327 326 325 324 326 327 328 329 328 329 328 325 324 322 321 320
324 328 327 328 331 332 332 332 333 332 329 326 321 320 322 322 322 323 326 327 328 325 324 324 325 326 326 328 328 327 327 326 325 324 323 319 323 325 329 330 327 326 326 324 321 319 313 312 323 328 313 223 206 167 154 23 345 343 340 339 337 339 342 344 340 337 330 323 309 6 7 360 0 353 345 338 328 325 325 325 324 323 325 326 327 328 328 330 330 327 325 323 322 321
324 323 326 327 330 331 331 331 333 332 328 326 321 319 321 322 322 322 325 327 328 325 324 325 325 326 326 328 328 327 327 327 326 325 323 319 323 325 328 330 326 325 325 324 321 319 313 312 322 325 304 234 186 137 111 79 17 2 350 347 342 342 344 346 342 339 331 325 318 356 1 357 358 352 344 337 327 323 325 324 324 324 325 326 327 328 328 331 331 328 326 324 323 322
323 325 326 327 329 330 330 331 333 331 328 326 321 319 322 322 322 323 326 327 328 325 325 325 325 325 326 328 328 327 326 327 327 326 325 319 324 326 329 330 326 324 325 324 321 320 315 313 322 324 306 236 144 119 108 93 56 28 1 355 345 344 346 348 344 342 333 328 323 351 356 353 356 349 342 336 327 323 325 324 324 325 325 326 327 328 329 331 332 329 328 327 326 326
327 326 327 328 329 329 328 328 331 330 328 326 321 319 321 322 322 323 326 327 328 325 325 325 325 325 326 327 328 326 326 326 326 325 324 320 326 328 331 332 327 325 325 323 320 319 315 313 325 329 297 157 114 104 94 91 68 44 10 1 348 346 346 346 341 338 331 327 325 348 353 350 352 345 339 334 326 323 326 326 325 325 325 326 327 328 328 330 330 327 327 325 325 326
177 317 329 329 328 327 326 326 329 329 326 325 320 318 321 321 321 324 324 326 326 324 324 324 324 325 325 326 327 326 325 326 325 324 323 319 326 328 331 333 328 326 325 324 321 320 316 313 325 328 279 135 107 98 87 86 73 55 22 9 352 349 346 344 340 335 331 329 328 346 349 347 348 342 336 332 325 322 325 326 326 326 326 326 328 328 327 329 328 325 324 323 322 322
315 102 341 331 327 325 325 324 327 328 325 324 319 317 320 321 321 323 323 324 325 323 323 324 324 324 324 325 326 325 325 325 324 323 322 319 326 328 332 333 328 326 324 323 321 320 317 314 326 329 265 121 100 87 75 75 68 58 32 17 357 352 347 343 338 334 331 330 331 344 346 344 343 339 335 331 325 322 325 326 326 326 326 327 328 328 326 327 326 324 322 321 320 320
