data/real/Dogrib_v624/conserv_mass_moment/windninja_360_30_100m_ang.asc
NCOLS 357 
NROWS 223 
XLLCORNER 457900 
YLLCORNER 5716800 
CELLSIZE 100 
NODATA_value -3.4e+38 
[rows 50 to 99 of 223, columns 96 to 191 of 357]
69 64 58 55 52 51 50 47 38 24 18 12 5 0 354 352 350 346 343 341 342 341 343 346 346 346 346 347 348 348 349 349 350 350 350 350 350 350 350 350 349 348 347 348 351 352 354 354 354 355 354 354 354 354 355 357 358 1 3 5 7 13 15 17 17 16 17 18 20 21 20 17 13 10 9 8 8 8 6 4 1 356 352 348 345 343 341 338 336 335 334 334 334 338 9 10
65 59 53 49 45 43 42 38 30 24 14 9 4 0 355 352 348 346 342 339 350 340 342 346 347 347 346 346 347 348 348 349 350 350 350 350 350 350 350 350 350 349 347 348 349 350 352 353 354 356 355 355 354 354 355 356 358 360 2 6 8 13 13 13 14 14 16 20 22 22 20 16 11 9 8 8 8 7 5 3 360 356 352 350 347 345 344 341 339 339 339 339 342 347 9 9
62 55 49 43 39 36 34 30 24 19 11 7 4 1 357 354 350 347 342 339 339 339 342 346 347 347 346 346 347 348 348 349 350 350 350 350 351 351 351 351 350 349 348 347 348 349 351 352 354 355 355 355 354 354 355 356 357 359 2 6 8 12 12 12 12 13 15 18 21 21 19 15 11 9 8 8 7 6 4 1 359 356 353 351 349 348 346 344 342 342 342 343 347 352 7 7
63 56 47 40 33 29 26 22 17 14 8 5 3 1 358 356 353 348 343 339 338 339 343 345 346 346 346 346 347 348 348 349 350 350 350 351 351 351 351 351 351 349 348 346 347 348 350 351 353 355 355 355 354 354 355 355 357 359 1 4 7 11 10 10 10 10 12 16 19 18 16 13 10 10 9 9 7 4 2 360 358 356 354 353 352 350 349 346 344 344 345 346 351 356 5 5
61 53 43 32 22 17 18 16 12 9 7 5 4 5 4 2 359 352 345 340 338 340 343 344 345 346 346 347 348 348 348 349 349 350 350 351 351 352 352 352 351 350 349 346 345 345 348 349 352 355 355 355 354 354 355 355 356 358 360 3 7 9 9 9 9 9 8 11 13 13 13 14 14 14 12 9 5 2 358 355 355 355 356 357 356 354 351 348 346 345 345 346 350 355 3 4
50 42 32 22 13 7 15 19 21 17 11 8 6 7 7 6 3 355 346 341 340 341 343 344 345 346 347 347 348 348 348 349 350 350 351 351 352 352 352 352 352 351 350 346 345 344 347 348 352 354 355 355 354 354 354 355 355 357 359 2 6 8 8 8 7 7 6 8 10 11 13 15 16 16 13 9 3 0 356 353 353 354 357 359 358 356 353 349 347 345 344 345 348 353 1 3
40 34 25 15 6 7 11 26 51 91 50 19 9 9 9 8 1 357 347 343 341 342 344 345 345 346 347 348 349 349 349 350 350 351 351 352 352 352 353 353 352 352 350 347 345 344 347 349 351 353 354 354 353 353 354 354 355 356 358 2 5 7 7 7 6 6 4 6 9 10 12 15 16 16 13 9 3 360 356 353 354 355 358 359 359 356 353 350 347 345 344 344 347 352 0 2
29 24 16 8 6 7 5 356 248 133 108 52 18 11 11 10 7 357 347 342 342 343 343 343 344 346 347 348 349 350 350 351 351 352 352 352 353 353 353 353 353 352 351 348 346 344 346 348 351 353 354 354 353 353 353 353 354 356 358 1 4 6 6 6 4 4 3 5 7 8 9 13 14 14 12 8 4 360 357 355 355 357 360 0 359 356 353 349 347 345 344 344 347 353 360 1
22 17 10 7 7 9 17 190 186 190 195 195 235 349 356 1 4 358 349 346 348 347 344 341 342 344 347 348 350 351 351 352 353 353 353 353 353 353 353 353 353 352 351 349 348 346 347 349 352 352 352 352 352 353 353 353 353 354 356 359 4 5 5 5 3 2 1 3 5 5 6 8 10 9 9 7 5 2 360 358 358 1 2 1 359 356 352 348 346 345 344 344 346 351 352 355
16 13 10 9 8 17 94 189 188 195 201 201 212 218 225 221 204 194 183 347 352 350 344 341 341 343 347 348 350 352 352 353 354 355 354 354 354 354 353 353 353 353 352 350 349 348 348 351 353 352 352 352 352 353 353 352 352 353 354 357 3 4 4 4 2 1 360 1 3 3 4 5 8 8 8 7 5 3 1 0 0 2 3 2 360 356 352 349 346 345 345 345 346 350 348 351
16 14 152 129 55 39 202 189 192 200 209 209 222 228 236 241 241 247 232 6 353 350 345 342 341 343 347 349 351 352 353 354 355 355 355 355 355 354 354 354 354 354 353 351 350 349 350 352 353 353 352 352 352 352 352 351 350 351 352 354 0 2 2 3 1 359 359 360 1 2 2 4 6 7 8 7 6 4 2 1 1 3 3 2 0 357 353 350 348 347 346 346 347 350 358 352
73 142 147 139 164 160 175 185 192 205 209 209 219 229 236 240 242 246 261 16 354 353 345 341 340 346 348 350 352 353 354 355 355 356 356 356 355 355 355 354 354 354 353 352 351 350 351 352 354 353 353 352 352 351 350 350 348 348 349 349 1 0 1 1 359 358 357 358 360 1 1 3 5 5 7 6 5 4 2 1 1 2 2 2 1 358 354 352 350 348 348 347 348 350 188 355
136 152 163 166 170 174 181 186 202 206 202 216 215 220 224 229 248 264 289 303 340 349 347 263 341 343 350 352 354 355 355 356 356 356 356 356 356 356 356 356 356 355 354 352 351 350 351 353 355 356 355 353 351 350 348 348 347 346 346 344 344 355 357 359 358 358 357 358 359 359 360 1 3 3 5 4 4 4 3 2 1 1 360 359 359 358 357 356 354 352 351 349 349 350 53 10
144 156 168 169 172 176 183 187 200 201 203 203 207 216 219 223 228 255 287 300 301 253 194 263 339 346 350 353 355 356 356 356 357 357 357 357 357 357 357 356 356 356 355 353 352 351 352 354 357 357 356 355 352 350 349 348 347 345 344 342 339 352 354 356 356 355 356 357 357 358 359 359 1 1 3 2 2 4 3 2 2 0 359 358 358 358 357 357 355 354 352 351 351 350 11 13
159 167 171 171 173 177 184 186 198 201 203 203 210 213 216 219 221 227 238 284 275 266 247 232 5 2 358 358 358 358 357 357 357 357 357 357 357 357 357 357 357 356 356 354 354 353 354 356 358 359 357 356 354 351 350 348 345 342 340 335 333 341 351 354 354 353 352 353 354 354 355 356 358 359 1 1 2 4 4 3 3 2 1 360 359 358 357 356 355 353 352 351 350 349 8 11
175 171 174 172 174 178 186 186 198 200 201 204 209 213 216 217 214 214 213 216 246 254 249 254 21 5 2 1 360 359 358 358 357 357 357 357 357 357 357 357 357 356 355 355 355 355 355 357 358 359 359 359 358 357 354 349 344 340 337 334 331 338 357 355 353 351 349 350 352 352 353 355 356 356 355 2 4 5 6 5 5 6 3 0 358 357 359 357 354 351 350 349 348 346 356 6
179 173 176 173 174 178 186 193 198 200 201 204 210 215 217 215 206 196 166 259 291 106 106 32 20 11 5 3 1 0 359 358 357 357 357 357 357 357 357 357 357 356 355 355 355 356 356 357 359 359 359 360 360 359 356 351 346 341 339 336 334 338 357 356 353 350 348 348 350 350 350 352 354 353 351 2 5 6 7 6 6 7 4 1 358 358 359 357 354 352 350 349 348 346 359 7
181 175 179 175 175 179 187 193 196 200 202 205 211 216 217 211 194 154 125 257 295 92 84 64 20 15 7 4 2 0 359 358 358 357 357 357 357 357 357 357 357 356 356 355 356 356 357 358 359 0 0 0 1 360 357 353 347 343 340 338 336 339 355 355 353 350 347 347 348 347 347 348 351 350 348 360 5 7 8 6 7 7 4 2 359 359 359 358 355 353 351 350 350 234 9 9
183 178 183 179 177 180 188 193 197 199 202 205 210 214 204 200 158 116 107 295 335 98 92 72 20 20 9 5 2 0 359 358 357 357 357 357 357 357 357 357 357 356 356 356 356 357 357 359 0 1 1 1 1 0 358 354 349 344 342 339 338 340 353 356 354 350 346 342 343 343 343 344 348 349 349 360 7 7 8 6 6 7 3 2 360 359 359 358 356 354 353 353 352 249 15 13
187 183 189 184 181 182 187 191 197 200 205 206 208 198 138 134 91 88 91 303 90 87 81 45 24 16 6 1 359 359 358 358 357 357 357 357 357 357 357 357 357 357 356 356 357 357 358 0 2 3 2 1 1 360 358 354 350 346 343 340 339 341 354 359 357 352 346 341 341 341 340 338 342 347 348 356 1 3 7 5 2 3 2 2 1 360 359 358 358 358 358 359 347 8 24 19
225 201 199 192 189 186 190 196 196 198 206 203 195 110 67 65 72 78 81 81 79 74 67 53 35 10 2 358 358 358 358 357 357 357 357 357 357 357 357 357 357 357 357 357 357 358 359 1 3 3 2 1 1 359 358 354 351 348 346 343 341 343 355 1 360 355 349 344 343 341 339 336 337 341 343 345 3 6 11 5 359 1 2 3 2 360 358 359 360 0 2 3 4 24 24 19
285 199 202 202 198 193 193 195 199 198 201 193 167 111 78 73 74 76 74 72 68 62 54 41 16 6 0 357 357 358 357 357 357 357 357 357 357 357 358 358 358 357 357 357 357 358 359 1 3 3 2 1 0 359 358 355 352 350 348 345 344 346 356 2 1 357 352 347 344 342 339 335 333 335 336 330 22 18 42 38 9 2 3 3 2 359 358 0 2 2 4 5 4 26 23 19
293 240 215 215 211 204 202 202 205 202 195 174 132 97 84 79 78 77 73 68 61 53 43 30 19 3 360 357 358 358 357 356 356 356 357 357 357 358 358 358 358 358 357 357 357 358 359 1 2 3 2 1 360 359 359 356 354 352 350 347 346 348 357 3 3 359 355 350 345 341 337 331 326 322 319 283 46 38 107 127 81 6 3 1 359 351 2 5 6 5 6 8 1 28 24 20
299 260 228 228 223 216 211 208 207 202 179 147 114 94 85 81 80 77 72 65 55 43 30 19 11 7 3 1 0 358 356 355 355 356 356 357 357 358 358 358 358 358 357 357 357 358 358 0 2 2 1 360 358 357 357 357 356 356 355 350 348 350 357 4 4 1 357 353 349 344 339 332 326 320 315 305 310 349 162 168 163 18 1 355 351 13 17 14 11 8 6 6 282 39 25 20
299 299 232 232 226 220 214 210 196 188 166 133 107 92 84 79 76 72 66 57 46 35 24 14 7 5 4 2 1 358 355 354 355 356 356 357 357 358 359 359 358 358 357 357 357 357 358 360 1 1 0 359 357 356 356 357 357 358 357 352 350 351 359 5 5 3 359 356 353 348 344 338 332 326 321 313 308 255 201 192 191 177 351 346 351 24 22 18 14 10 7 5 0 34 24 19
295 295 236 236 230 223 218 205 194 184 158 124 103 91 83 78 73 67 60 50 40 29 19 11 5 5 4 2 1 358 356 355 355 356 357 357 358 358 359 359 359 358 358 357 357 357 358 359 0 0 360 358 357 356 356 357 358 359 358 356 352 353 359 5 5 3 1 358 355 352 348 343 337 331 325 318 311 266 219 203 199 192 325 347 22 30 25 20 15 11 8 6 25 32 23 18
286 286 239 239 234 228 223 218 193 178 148 116 100 90 82 77 70 63 54 44 35 25 16 8 3 4 3 3 0 357 356 356 356 357 357 357 358 359 359 359 359 358 358 357 357 357 358 359 360 360 359 358 357 356 356 357 359 360 359 358 354 355 360 4 4 3 1 360 357 355 352 347 341 335 328 319 295 267 229 206 195 170 125 70 47 37 29 23 17 12 9 7 35 33 25 19
277 277 243 243 237 232 228 222 209 189 136 111 98 90 82 75 66 57 48 39 31 21 12 5 1 1 1 1 360 359 359 359 359 359 358 358 358 359 359 359 359 359 359 358 357 357 357 358 358 358 358 357 356 356 357 357 359 0 0 359 359 0 0 1 1 1 1 1 1 360 357 353 347 341 333 324 301 281 242 203 165 58 54 54 45 37 29 23 16 9 4 358 36 35 25 18
276 263 244 244 239 235 231 224 209 187 132 111 98 89 81 72 62 51 42 34 26 18 9 3 360 360 0 0 360 359 360 0 0 360 359 359 359 359 359 359 359 360 360 358 357 356 357 357 358 357 357 356 356 356 357 358 359 1 1 2 2 4 360 358 359 359 0 2 2 2 0 357 352 346 340 332 317 303 255 183 80 52 47 45 39 32 25 19 12 6 2 0 28 30 22 16
275 263 253 247 242 239 235 228 213 156 129 110 99 89 79 68 55 44 35 28 22 14 7 2 0 0 0 0 359 359 359 360 0 360 359 359 359 359 359 359 359 360 360 359 357 357 357 357 358 357 357 357 357 357 358 359 360 1 2 3 4 6 359 357 358 359 0 2 3 3 2 359 355 351 345 340 329 320 271 103 55 45 41 39 34 28 22 16 10 4 1 2 23 26 19 14
273 261 254 250 246 243 239 231 215 158 130 110 97 87 76 61 47 35 27 22 16 11 5 3 2 360 359 358 358 358 359 360 360 359 359 359 359 359 359 359 359 360 360 359 358 357 357 358 358 358 358 358 358 358 359 0 1 3 3 5 5 8 354 357 358 359 0 1 3 3 2 0 357 355 351 347 340 334 308 51 45 41 39 36 32 25 19 13 7 3 360 3 18 20 17 12
275 264 258 255 252 249 245 221 197 163 136 112 97 85 71 52 34 22 16 12 9 9 8 7 3 357 354 352 354 357 358 358 358 358 358 359 359 360 360 360 360 359 359 359 358 358 358 358 358 358 359 359 0 1 2 3 3 4 4 6 7 12 193 358 359 0 360 359 0 1 1 0 359 358 356 354 353 349 0 41 41 38 36 33 29 23 15 8 3 359 358 2 13 17 15 12
282 271 264 261 259 275 227 231 208 167 139 112 95 81 64 42 25 15 11 8 6 9 11 10 3 357 353 351 351 356 357 357 357 358 358 359 359 360 0 0 360 359 359 359 359 359 359 359 359 359 360 1 2 4 4 6 5 6 6 7 5 245 203 3 1 2 0 359 359 360 0 0 360 359 359 359 360 357 21 36 36 34 31 28 24 18 12 5 0 357 357 1 11 16 15 12
288 277 270 280 275 263 249 239 221 177 144 117 88 62 57 32 18 10 8 6 5 9 11 10 9 4 358 354 352 356 356 356 357 357 358 359 359 360 0 0 0 360 359 359 359 360 360 0 0 0 3 4 6 5 6 8 11 13 14 19 207 194 119 27 15 12 9 5 2 0 1 2 2 2 2 2 5 360 24 33 33 30 27 24 20 15 9 3 359 356 355 359 9 14 13 10
299 290 283 280 275 271 265 257 249 237 148 115 88 62 37 3 1 360 5 4 3 7 9 3 8 4 355 353 354 356 356 356 356 357 358 359 359 360 360 0 1 1 2 2 2 2 2 3 4 4 4 5 6 8 10 14 16 18 19 347 192 128 64 39 25 19 16 11 5 2 2 2 2 2 3 3 3 14 28 32 28 23 24 20 17 12 7 2 358 355 352 353 359 3 5 4
309 303 297 290 282 276 270 264 257 248 159 148 115 152 159 341 354 355 357 358 358 2 5 4 3 4 2 358 358 357 355 355 356 358 359 359 360 360 360 0 1 2 3 4 3 3 4 5 5 6 6 6 7 10 13 18 20 25 26 164 121 79 55 40 28 21 18 12 7 3 2 2 2 1 2 3 4 14 31 27 25 20 16 13 10 8 5 2 359 355 351 351 355 1 3 3
310 305 300 293 288 278 273 274 269 262 163 165 143 171 171 163 348 349 351 352 350 355 4 4 4 4 5 358 357 355 354 355 356 358 359 360 0 0 1 1 2 3 4 4 4 4 5 6 7 7 8 8 10 13 18 23 25 30 30 36 77 64 51 40 30 23 18 13 8 4 2 1 1 0 1 1 4 19 26 25 22 17 14 11 8 6 4 2 359 355 351 352 355 1 3 3
311 305 299 294 291 290 288 284 280 275 174 180 180 187 191 199 197 343 344 344 339 336 3 5 9 28 15 358 355 355 354 355 357 358 359 0 1 1 1 2 3 4 5 5 5 5 5 7 8 9 9 10 12 17 25 33 37 45 54 75 73 63 53 43 34 26 20 14 9 4 2 360 358 357 358 359 3 18 23 23 21 16 11 8 5 4 3 1 0 357 353 353 356 2 4 4
314 308 301 298 297 296 295 293 284 276 203 192 192 195 199 210 225 271 329 334 328 318 346 13 263 155 73 353 347 337 354 355 357 358 359 0 1 2 3 4 4 4 4 5 6 6 6 8 10 11 12 14 17 23 29 32 33 36 40 50 64 58 51 42 32 25 20 15 10 5 1 358 355 353 353 355 359 15 22 23 21 15 8 3 0 359 360 360 0 1 1 7 4 6 6 4
320 316 310 308 305 303 298 294 289 283 233 200 199 201 206 217 231 250 271 313 316 305 301 288 265 242 225 228 245 241 343 356 358 360 0 1 2 4 5 6 6 5 5 6 7 8 8 10 13 14 16 18 21 27 29 29 28 28 30 35 47 46 41 35 27 21 16 12 9 4 0 357 354 352 352 353 357 14 20 21 19 13 6 360 357 357 358 359 1 4 7 18 8 8 7 5
326 323 318 315 312 330 303 297 291 280 243 209 205 207 212 225 238 251 263 282 299 294 293 283 267 252 237 239 249 261 305 359 1 2 3 4 5 6 7 8 8 7 7 8 9 10 11 14 16 17 19 21 24 29 28 27 25 24 24 26 36 37 34 29 22 17 13 10 7 3 0 357 354 352 352 352 356 12 18 19 16 10 4 359 357 357 358 359 0 3 7 324 0 11 9 6
333 332 329 325 339 332 313 308 300 276 238 215 212 215 222 234 245 256 266 278 289 288 287 275 255 240 233 239 252 266 302 8 5 6 6 7 8 9 10 11 10 10 10 10 11 12 15 17 19 21 25 29 32 33 30 26 23 21 19 20 28 30 29 24 18 14 11 8 6 2 0 358 355 353 352 352 355 11 16 17 13 8 3 359 358 358 358 358 358 359 2 205 33 15 11 7
334 334 332 330 330 326 321 315 301 250 230 218 217 221 229 240 249 262 274 282 285 284 276 249 230 223 231 240 283 322 335 10 10 11 12 13 13 13 14 14 14 13 13 14 15 17 20 22 23 24 27 31 32 30 27 22 18 15 14 15 23 25 25 21 16 12 9 6 3 1 360 359 358 355 354 352 354 10 13 12 8 5 4 2 1 0 359 357 352 348 330 13 41 19 12 6
333 332 330 328 327 322 312 297 268 231 225 219 220 224 232 240 247 263 284 291 290 309 263 228 212 193 181 57 9 6 360 21 18 18 19 19 20 19 19 18 18 17 17 18 18 21 24 24 24 25 27 28 27 25 22 18 14 11 10 11 20 22 22 18 13 10 7 4 2 360 359 359 359 357 355 354 354 9 11 10 6 4 4 4 3 2 0 358 353 350 340 20 31 18 11 6
333 332 330 327 325 315 291 246 228 222 225 221 223 226 231 232 225 234 290 305 313 306 226 181 162 151 129 82 49 31 30 33 28 27 27 27 27 25 25 23 23 21 21 22 23 26 27 26 25 26 26 26 24 21 18 14 11 8 7 8 17 19 19 15 11 9 6 4 1 360 359 359 359 357 356 355 355 8 10 8 5 4 4 4 3 2 1 359 356 354 347 18 25 16 11 6
335 334 332 328 324 299 237 217 217 218 226 224 226 228 228 204 174 161 110 25 2 110 142 140 140 131 131 93 70 54 48 42 37 37 36 36 36 33 32 30 29 28 29 32 33 34 32 30 29 29 27 25 21 18 14 11 7 5 4 6 13 15 15 12 9 8 6 3 1 359 359 359 359 358 357 356 357 8 9 8 5 3 4 3 3 2 1 360 357 356 353 16 21 15 11 6
338 339 338 333 315 250 220 213 215 220 230 224 219 236 221 165 152 147 135 86 83 115 129 128 128 122 122 103 85 71 60 52 48 47 46 45 42 39 38 35 34 33 33 36 36 35 33 31 28 27 24 21 18 14 10 7 4 2 2 3 9 11 12 11 9 9 6 4 1 360 358 358 357 356 357 358 3 9 10 8 6 4 3 2 1 1 360 359 358 359 358 14 18 16 12 8
338 338 337 321 244 219 206 208 216 233 228 228 224 170 136 144 140 139 134 104 124 123 121 116 121 118 118 108 99 89 78 68 61 57 53 50 47 44 41 39 37 36 35 34 33 31 29 26 24 22 20 17 14 10 7 4 2 0 360 1 7 9 11 11 10 9 7 4 2 360 358 357 356 355 356 358 4 9 10 8 6 3 2 1 0 360 359 359 357 359 360 13 17 15 12 9
337 337 334 278 199 191 195 207 225 213 222 224 189 115 130 132 122 133 130 127 119 118 114 111 116 114 114 108 102 93 84 75 68 63 58 54 50 47 44 42 39 37 36 32 30 28 25 23 20 18 16 13 11 8 5 2 0 358 358 360 6 8 10 11 10 9 7 4 2 360 358 357 356 355 356 358 0 9 10 7 5 3 2 1 0 359 359 358 357 359 0 12 15 14 11 9
336 337 336 167 105 122 185 202 160 183 174 244 296 87 115 115 122 124 122 117 116 118 115 112 111 112 111 108 105 100 94 87 80 74 68 63 58 55 52 49 47 44 40 32 28 25 23 20 17 15 13 11 8 6 4 1 359 357 357 358 4 6 9 10 10 9 7 4 1 360 358 357 356 355 356 358 0 8 9 7 5 3 2 1 360 359 358 357 357 358 0 10 12 11 10 8
