data/real/Dogrib_v624/conserv_mass_moment/windninja_90_30_100m_ang.asc
NCOLS 357 
NROWS 223 
XLLCORNER 457900 
YLLCORNER 5716800 
CELLSIZE 100 
NODATA_value -3.4e+38 
[rows 147 to 195 of 223, columns 0 to 95 of 357]
272 272 274 277 282 284 286 287 285 284 280 278 268 280 304 345 100 143 132 118 119 125 127 128 129 130 132 135 140 151 162 172 167 174 181 293 3 103 104 105 105 106 105 104 104 104 103 102 102 102 103 103 104 106 107 107 108 110 112 113 114 114 114 115 115 116 116 117 117 120 125 128 128 126 126 126 126 126 127 128 129 128 129 131 130 126 125 124 122 117 114 112 114 109 111 120
272 272 274 276 281 284 287 288 287 282 275 284 148 142 135 138 142 142 133 122 122 129 131 133 136 138 145 151 151 160 166 173 169 175 178 198 279 97 99 99 99 100 101 101 101 102 101 100 100 100 101 103 104 105 106 106 106 108 110 112 113 113 113 114 115 116 116 117 117 119 124 126 126 124 124 125 125 125 125 126 127 126 127 129 128 125 124 123 121 117 115 114 116 116 115 115
272 272 274 275 277 287 291 292 290 285 149 134 140 142 141 143 142 141 136 125 132 134 136 139 143 146 154 160 166 177 178 175 170 171 172 168 170 103 90 91 91 93 97 98 99 99 99 98 98 99 101 102 104 105 105 105 105 107 109 111 112 113 113 113 114 115 115 116 115 115 120 123 123 122 122 123 123 123 123 124 125 125 126 127 127 124 123 123 121 119 115 114 115 115 113 117
270 270 267 268 272 291 295 311 128 136 139 137 140 143 144 146 144 141 137 128 135 137 140 143 146 148 153 158 163 170 180 174 170 169 168 160 136 92 84 84 85 88 94 95 96 97 97 97 97 98 101 102 103 104 104 104 105 107 109 110 111 112 112 112 113 113 113 113 112 111 115 118 120 119 120 121 121 121 121 122 123 123 124 127 126 124 123 124 122 120 116 115 115 114 111 112
262 262 252 255 264 300 332 100 134 138 139 139 141 144 145 149 147 144 141 132 140 141 144 146 148 150 153 156 160 164 174 174 169 167 168 163 159 99 84 84 84 86 91 92 93 94 95 96 96 97 100 101 103 104 103 104 104 106 107 109 110 110 110 111 111 112 112 112 111 109 110 114 116 117 117 118 119 119 119 120 121 121 123 125 125 123 123 123 122 120 116 116 116 115 112 110
219 219 215 227 242 307 138 128 138 141 131 142 142 144 145 148 147 144 142 136 142 144 146 148 150 152 154 157 160 162 168 172 170 167 169 166 165 114 85 85 84 86 89 89 89 90 92 94 96 97 99 100 101 102 103 105 105 105 106 107 108 108 108 108 109 109 109 108 108 107 108 112 114 114 115 116 117 117 117 118 118 119 120 122 122 121 121 122 121 119 116 115 115 114 112 111
162 162 161 146 127 75 131 127 135 140 142 143 144 145 145 148 146 143 142 138 144 146 148 150 152 154 156 159 162 163 168 171 170 167 171 171 172 172 80 84 84 84 84 84 85 86 90 93 96 97 98 99 100 102 104 106 105 104 104 105 105 106 105 106 106 106 106 106 106 106 107 110 111 112 113 114 115 115 115 115 116 117 118 119 120 119 119 120 120 118 116 115 114 114 112 111
136 136 130 123 118 125 128 126 132 124 140 143 144 144 145 146 146 143 143 141 144 146 147 150 154 157 159 161 164 166 169 171 172 170 173 174 178 180 182 65 82 83 80 80 81 83 89 93 96 98 98 99 101 103 106 100 105 102 102 102 102 103 103 103 103 104 104 105 105 106 106 109 110 110 111 112 112 113 113 113 114 114 115 117 118 118 118 119 119 118 116 114 114 113 112 111
128 128 122 118 121 126 128 127 131 137 139 144 144 143 144 144 144 143 143 143 145 146 145 149 154 157 160 163 167 169 171 173 174 173 177 178 183 187 191 202 74 80 77 77 79 82 88 93 96 98 98 99 100 102 105 106 104 101 100 100 100 101 101 101 101 102 102 102 103 104 105 107 108 108 109 110 110 111 111 111 112 112 113 114 115 116 116 117 118 116 115 114 113 112 111 110
130 130 127 126 129 131 132 129 131 136 138 143 143 142 142 142 142 143 143 145 145 145 144 147 153 157 159 164 169 172 174 175 177 177 181 182 187 191 198 291 39 77 73 74 77 82 88 93 96 98 100 101 102 103 104 104 102 99 98 98 98 98 99 99 99 99 99 100 101 102 103 106 106 107 107 108 108 109 109 109 109 110 110 112 113 113 113 114 114 113 113 111 111 111 110 109
129 129 125 125 128 131 132 130 129 134 136 140 140 138 139 140 141 142 143 146 146 144 142 145 151 156 159 164 169 173 175 177 179 181 184 186 190 194 212 252 329 69 68 72 77 82 89 93 96 99 102 103 103 103 101 101 99 98 97 96 96 97 97 97 97 96 97 97 99 101 102 105 105 105 106 107 107 107 107 107 107 108 108 109 110 110 111 111 111 111 111 110 110 110 109 108
128 128 124 122 124 126 126 125 124 128 131 135 137 136 136 137 138 140 142 146 146 144 141 143 149 153 156 161 167 172 174 178 182 184 187 190 193 196 215 238 301 36 57 68 78 86 91 94 97 100 102 102 103 98 97 97 96 96 95 95 95 95 95 95 95 94 95 95 97 100 101 104 104 104 105 105 105 105 105 105 105 106 106 107 107 108 108 109 110 110 110 110 109 109 109 107
127 127 124 121 122 124 125 125 123 125 127 130 132 132 133 135 136 138 140 144 145 143 142 143 147 150 153 158 164 169 172 177 183 187 190 193 196 202 216 237 237 319 10 30 80 92 92 92 97 98 100 100 101 97 95 95 94 94 94 93 93 93 93 93 93 93 93 94 95 98 100 102 103 103 104 104 104 104 104 104 104 104 104 104 105 105 106 106 107 107 107 108 107 107 107 106
124 124 122 119 119 121 121 122 121 121 122 124 127 128 129 130 132 134 137 142 143 142 142 144 147 150 152 155 161 165 168 176 184 190 193 195 198 199 202 213 263 294 312 307 278 106 92 93 94 94 95 95 95 94 93 93 93 93 93 93 92 92 92 92 92 92 93 93 94 96 98 99 100 101 102 103 102 102 102 102 102 102 102 102 102 103 103 103 104 104 104 104 104 104 104 104
122 122 121 118 117 118 119 121 120 119 120 121 123 124 125 127 130 132 135 140 141 141 143 144 147 149 151 154 158 162 165 174 185 192 195 197 199 199 199 225 257 278 289 286 273 169 88 88 88 88 88 88 89 90 91 93 93 92 92 92 92 91 91 91 92 93 93 94 94 93 95 96 99 100 101 102 101 101 101 101 100 100 100 100 100 100 100 100 100 100 100 101 101 101 102 103
120 120 119 118 117 118 119 121 121 119 119 120 120 122 123 125 129 131 135 139 140 141 143 145 146 148 151 153 156 159 160 171 185 193 196 198 198 197 196 211 247 276 285 282 279 63 84 83 83 83 82 82 83 85 91 92 92 92 92 92 91 90 90 90 91 93 93 93 93 91 92 92 98 100 101 101 101 100 100 100 99 99 99 98 98 98 98 98 98 98 98 98 99 99 101 102
116 116 117 116 111 111 112 115 116 116 116 118 118 120 121 122 126 129 132 136 138 136 140 143 144 147 151 153 155 157 157 168 184 193 196 198 198 196 194 196 198 275 263 288 290 57 80 81 81 81 79 79 79 82 89 89 90 90 90 90 90 89 90 90 91 92 93 93 92 90 90 91 97 98 99 100 99 99 99 98 98 97 97 97 96 96 96 96 95 95 96 96 97 97 98 100
111 111 113 112 111 111 112 115 116 116 116 116 116 117 119 120 123 126 129 132 135 134 138 141 142 145 150 153 155 156 155 165 184 194 197 198 197 194 192 192 183 174 196 265 297 71 78 80 81 80 77 75 76 80 85 86 87 87 88 88 89 89 90 90 91 92 92 92 92 91 91 92 93 94 97 97 97 97 97 97 96 96 95 95 95 94 94 94 94 94 94 94 95 95 96 97
105 105 108 108 109 109 110 113 115 115 115 116 115 115 115 115 116 119 122 126 131 134 137 141 142 146 151 153 153 154 154 164 184 193 196 197 195 191 187 184 170 157 156 153 68 78 78 81 82 81 77 76 76 77 78 79 79 84 85 86 87 89 90 91 91 91 92 92 92 92 92 92 91 91 92 92 94 94 94 94 93 93 92 92 91 91 91 91 91 91 90 90 90 90 90 90
103 103 105 106 109 109 108 113 113 113 114 115 114 114 114 113 113 116 120 123 126 131 134 138 140 144 151 154 152 154 154 164 183 192 195 196 193 189 185 180 166 151 148 144 117 86 80 83 83 82 78 76 76 76 76 76 77 79 83 84 86 88 89 90 91 91 91 91 91 92 91 91 90 89 89 90 92 92 92 92 91 91 90 90 89 89 89 89 89 88 88 88 87 87 87 87
101 101 103 104 106 107 108 110 111 111 111 112 112 111 111 110 110 113 117 121 125 126 128 133 137 141 149 151 150 152 153 163 181 189 193 194 191 187 183 178 164 149 145 142 130 113 91 87 85 83 78 76 75 75 74 73 74 76 81 82 84 85 87 88 90 91 91 92 92 91 91 90 88 87 87 88 90 90 91 90 89 89 88 88 87 87 87 87 87 86 86 85 85 85 84 84
101 101 103 105 108 109 109 110 112 110 110 111 113 111 110 109 111 114 117 121 124 125 125 130 135 140 148 150 148 150 152 162 177 185 190 191 188 185 181 169 163 151 145 144 132 118 103 93 87 84 81 78 76 74 72 71 72 74 76 78 80 83 85 86 88 91 92 92 92 91 90 88 85 84 84 85 88 88 88 88 86 86 86 85 85 85 84 84 84 83 83 82 81 81 81 82
104 104 107 109 113 115 117 121 131 117 113 116 119 117 114 112 115 117 120 124 125 125 124 130 136 141 148 150 148 150 153 161 174 181 187 187 185 182 174 168 162 152 145 143 133 117 103 94 88 85 82 80 78 76 71 71 71 73 75 76 78 81 82 84 86 90 92 92 91 90 89 86 83 82 81 83 86 86 86 85 83 83 83 83 82 82 82 82 81 80 79 78 78 78 78 79
107 107 110 111 113 124 133 153 192 199 127 122 122 118 114 112 115 119 121 126 126 124 122 127 134 139 146 147 146 148 152 159 170 177 184 183 181 179 172 168 164 156 147 143 135 121 106 95 89 85 82 81 79 78 73 72 72 74 74 76 78 80 81 83 85 89 90 90 89 87 87 83 80 79 79 81 83 83 82 80 80 80 80 80 79 79 79 78 77 76 75 75 75 75 75 76
108 108 111 112 118 124 133 153 152 125 69 107 115 116 115 113 117 120 129 129 128 125 122 125 132 136 142 143 142 144 149 156 164 172 179 178 176 175 171 169 167 161 151 141 133 122 111 100 92 87 84 83 82 80 75 74 74 74 73 73 75 75 76 77 81 85 85 85 85 84 83 80 78 77 77 78 79 78 76 75 75 77 77 76 76 75 75 74 72 71 70 70 71 71 71 71
104 104 108 110 116 122 128 143 152 125 88 101 111 115 115 113 116 120 128 128 128 125 122 122 129 133 137 139 139 142 146 151 158 165 171 170 169 169 171 172 172 168 159 141 129 119 111 103 96 90 87 85 84 82 80 76 76 75 74 74 74 73 73 74 77 80 80 79 79 79 79 77 75 75 75 76 75 73 71 69 71 73 73 73 72 72 71 70 67 65 64 65 65 64 64 63
100 100 104 106 112 117 124 137 137 98 98 103 111 114 115 114 115 119 121 125 126 117 119 117 122 125 130 133 135 138 142 148 153 159 165 165 164 165 171 174 175 173 169 146 128 116 111 105 99 94 90 87 85 84 82 80 79 78 78 77 76 74 73 74 76 77 75 75 74 76 75 73 73 74 74 74 71 68 66 65 67 69 70 69 68 68 67 65 61 58 56 56 55 53 51 50
99 99 103 105 109 114 118 128 128 102 102 105 112 115 116 115 115 119 121 124 125 124 121 117 120 122 125 128 131 134 137 143 148 153 158 159 159 167 171 174 176 177 177 160 131 115 109 105 100 96 93 90 87 85 84 82 81 79 78 78 76 74 73 73 75 75 72 71 71 72 72 70 70 71 71 71 67 64 63 61 64 65 65 64 64 63 62 59 54 50 46 43 39 35 32 30
99 99 103 106 108 112 116 128 128 115 109 109 115 117 118 117 117 119 121 123 125 123 123 120 121 123 124 127 130 132 134 139 144 148 152 154 158 164 167 171 175 179 181 171 147 119 112 109 104 100 96 93 90 88 86 84 83 80 79 78 77 75 74 74 74 72 69 69 69 70 69 67 67 68 68 67 63 61 59 59 61 62 62 60 60 59 56 53 45 40 34 28 21 15 10 8
103 103 105 106 107 111 115 122 122 115 113 112 116 118 119 118 118 120 121 124 124 124 124 123 122 123 124 125 126 128 130 133 138 142 146 149 154 159 161 163 168 175 179 172 153 125 120 119 115 109 102 98 94 91 90 87 85 82 80 79 77 76 74 74 74 70 67 66 67 68 67 64 64 64 64 63 59 57 56 56 58 58 57 54 54 52 48 43 35 30 23 15 7 359 353 350
107 107 108 107 106 111 116 129 129 115 116 113 116 118 119 118 118 120 121 122 123 123 124 124 122 122 122 121 122 123 124 126 130 134 138 142 145 154 156 158 164 172 177 171 153 129 127 131 130 129 123 112 101 94 89 88 86 82 80 78 76 75 74 74 73 68 65 65 66 68 63 60 60 61 60 58 55 54 53 54 55 53 51 48 47 43 38 30 25 19 12 3 355 346 339 335
106 106 107 106 103 108 116 129 129 119 122 115 117 120 120 119 119 119 120 120 122 122 123 123 122 122 121 120 120 120 121 122 125 128 131 135 139 147 150 153 158 167 172 166 148 127 127 131 131 132 129 122 110 97 89 88 86 82 80 77 75 74 72 72 72 67 64 64 66 67 63 56 55 56 55 52 50 51 51 52 53 49 47 44 41 35 28 19 16 10 4 355 347 337 330 325
99 99 99 99 99 99 90 101 295 295 133 118 120 122 122 121 120 119 118 118 120 120 121 120 119 118 118 116 115 115 116 118 120 122 125 129 137 141 144 147 152 161 163 156 140 124 125 128 129 130 127 123 117 108 89 87 85 81 79 76 73 72 71 71 71 66 64 64 65 65 55 51 50 51 49 46 46 48 48 50 49 44 42 39 35 27 11 8 8 3 358 350 342 332 323 318
99 88 85 84 88 88 90 101 295 133 128 120 120 122 123 122 119 118 116 116 117 119 120 119 117 116 116 115 114 114 115 116 118 120 122 125 132 136 139 142 147 154 152 143 132 120 122 125 125 125 121 117 113 109 100 89 82 78 76 73 71 70 70 70 70 66 64 64 65 63 52 46 45 46 44 40 42 45 46 48 46 41 38 36 31 21 5 2 2 358 353 346 338 328 318 310
96 96 74 78 97 103 110 116 117 120 123 121 119 121 121 121 118 116 114 113 116 117 119 118 117 116 116 115 114 114 114 116 118 119 120 123 125 131 135 138 142 148 145 135 127 118 119 122 121 121 117 113 110 108 107 104 97 87 79 75 70 68 68 68 69 66 64 64 65 61 54 48 41 41 39 35 38 43 45 47 43 39 36 34 27 16 9 358 356 351 346 338 330 320 309 301
69 69 95 80 96 101 107 113 119 121 123 122 119 121 118 121 120 116 113 112 114 117 118 117 115 115 115 114 113 113 113 114 116 117 118 120 122 127 130 134 137 143 139 130 124 117 118 120 119 118 114 110 107 105 106 105 102 97 90 83 76 70 68 68 69 67 64 64 65 60 51 45 38 38 36 32 35 40 41 43 40 36 33 31 23 12 6 353 349 343 336 326 314 304 295 288
65 67 75 82 91 103 109 114 121 121 122 122 117 118 118 121 118 115 113 112 114 116 117 115 114 113 113 113 113 112 112 113 114 114 115 117 119 123 126 129 133 138 134 127 122 118 117 119 118 116 111 107 105 103 104 104 103 101 97 92 85 78 74 72 71 69 65 63 64 57 42 38 36 35 33 29 32 37 38 40 37 34 31 28 20 9 3 347 338 328 316 300 287 280 275 272
275 275 284 245 92 102 120 111 104 105 118 121 115 114 118 121 118 116 116 118 113 112 115 113 112 111 111 112 112 111 111 110 111 111 112 114 116 120 122 125 128 133 130 124 121 117 117 118 117 115 110 105 103 101 101 101 101 101 102 98 91 86 81 78 76 73 69 66 64 60 53 39 37 35 33 29 31 35 40 46 52 59 30 28 21 8 359 330 310 291 277 268 264 262 262 262
272 272 272 267 261 276 274 101 103 110 118 119 115 110 114 118 120 121 120 120 114 111 110 110 108 107 107 108 108 108 107 105 105 104 105 111 113 116 114 116 118 123 122 119 118 116 114 114 113 112 110 106 103 104 110 116 124 242 154 115 94 92 87 91 88 81 77 74 69 66 61 53 50 47 45 42 47 51 65 104 74 85 87 91 120 148 170 192 196 198 201 203 208 212 216 220
271 271 270 268 262 256 268 96 97 100 102 115 113 111 111 114 118 120 120 120 115 110 110 110 109 108 107 107 107 107 106 104 103 103 103 105 107 109 109 111 113 117 118 116 116 115 113 113 112 112 111 110 108 107 114 122 140 190 110 91 89 96 95 95 93 92 82 90 86 78 74 71 71 76 85 97 106 111 117 123 120 124 131 133 143 152 159 171 175 179 183 186 192 196 201 207
272 272 272 269 263 250 262 84 82 93 89 96 107 109 111 112 113 117 118 115 115 110 111 111 109 109 107 106 105 104 104 103 101 100 100 102 103 105 106 107 108 112 114 114 114 114 113 112 112 111 110 110 109 107 109 111 111 103 98 95 95 97 97 96 95 98 99 98 97 94 93 94 97 101 105 110 115 118 123 127 129 131 135 138 144 151 156 166 169 173 177 179 184 188 194 199
273 273 274 271 262 250 253 83 76 91 92 94 98 98 110 109 107 111 113 112 110 109 110 110 108 107 105 103 102 102 102 101 100 99 98 99 100 102 102 103 105 108 112 112 113 113 112 111 111 111 110 109 109 108 108 108 108 106 105 104 103 104 104 103 102 104 105 106 105 104 104 105 108 111 113 116 119 122 125 129 131 132 135 137 143 149 154 158 165 169 172 174 179 183 188 193
273 273 266 266 266 262 266 96 73 94 95 96 97 108 108 107 104 106 109 109 108 108 109 108 106 106 105 102 101 101 101 101 100 99 98 98 99 100 101 101 102 105 108 109 110 111 110 109 109 109 109 108 108 108 107 107 107 108 107 107 107 107 107 106 106 106 107 108 108 108 108 110 111 114 116 118 120 122 125 128 130 131 133 135 140 147 151 155 162 165 168 171 174 178 182 187
268 268 267 267 270 264 270 265 280 262 256 104 105 105 104 103 100 102 104 105 105 106 106 105 103 102 101 100 99 100 100 100 99 98 97 97 98 100 101 101 102 103 105 106 107 107 106 106 106 106 107 107 108 108 107 107 108 109 109 109 108 108 108 108 107 106 107 108 108 108 109 110 112 113 115 117 118 120 122 125 127 128 130 132 137 143 147 152 158 161 165 167 169 172 176 180
268 267 267 267 264 264 264 264 264 254 260 100 99 100 99 98 97 97 100 103 103 104 104 101 99 98 99 100 100 101 102 100 100 99 98 97 97 99 100 101 101 101 101 102 102 103 103 103 103 104 106 107 107 107 106 106 106 106 106 106 106 107 107 106 105 104 105 105 106 107 107 109 110 111 113 114 116 117 119 122 124 125 127 129 133 138 143 147 154 157 161 163 165 167 170 172
268 267 267 266 266 266 266 267 267 261 265 93 92 93 93 93 94 94 96 98 102 103 103 99 97 97 98 100 101 102 102 101 100 99 98 96 96 98 99 99 100 99 97 97 98 99 100 101 101 103 105 106 107 106 105 104 103 103 102 102 103 103 103 103 102 101 101 102 103 104 104 106 107 109 110 111 112 113 115 118 120 122 124 125 130 135 139 143 150 153 156 158 160 162 164 166
271 271 269 269 269 269 269 270 270 266 267 90 89 90 90 91 91 93 94 96 100 101 101 98 96 95 96 99 100 101 101 101 100 99 98 96 96 97 98 99 99 98 96 96 95 96 97 98 98 99 103 104 104 104 102 102 101 101 100 100 100 101 101 101 101 100 100 100 101 102 103 104 105 107 108 109 109 110 112 114 117 119 121 122 126 130 135 139 146 149 152 154 155 157 159 160
271 271 273 273 273 273 276 277 276 274 269 85 81 82 84 86 88 90 91 93 97 98 98 97 96 95 96 97 98 99 100 100 99 99 97 95 94 95 97 97 98 97 96 95 95 95 96 96 96 97 99 100 100 99 99 98 98 98 98 98 98 98 98 98 98 97 97 97 98 99 100 101 102 103 104 105 105 106 107 109 112 114 116 118 121 125 128 133 140 144 147 150 151 153 154 154
271 271 273 273 285 285 287 286 284 282 272 81 77 79 81 83 86 88 89 90 92 93 95 95 95 95 95 94 95 95 96 98 98 97 96 93 93 93 95 96 96 96 95 94 94 94 94 94 93 93 93 94 94 96 96 96 96 97 97 97 96 96 96 96 96 96 96 97 97 98 99 100 101 101 102 103 103 103 105 107 110 113 115 116 117 121 124 128 136 140 143 146 147 148 150 149
