data/real/Dogrib_v624/conserv_mass_moment/windninja_315_30_100m_vel.asc
NCOLS 357 
NROWS 223 
XLLCORNER 457900 
YLLCORNER 5716800 
CELLSIZE 100 
NODATA_value -3.4e+38 
[rows 42 to 62 of 223, columns 0 to 45 of 357]
39.8699989318848 39.8699989318848 44.4300003051758 45.9199981689453 45.4199981689453 46.2999992370605 47.4000015258789 47.9000015258789 51.8499984741211 48.9099998474121 47.0499992370605 45.060001373291 41.6699981689453 41.7999992370605 41.939998626709 42.3199996948242 44.4199981689453 40.5999984741211 39.0299987792969 38.439998626709 29.6000003814697 24.2000007629395 19.2900009155273 15.1199998855591 12.9700002670288 9.97000026702881 6.42000007629395 1.69000005722046 2.89000010490417 2.88000011444092 3.57999992370605 5.21999979019165 6.80999994277954 9.6899995803833 12.1199998855591 14.8800001144409 16.5300006866455 17.7399997711182 19.0200004577637 20.6800003051758 23.0699996948242 25.4699993133545 27.6599998474121 29.1700000762939 30.0699996948242 29.8700008392334
40.5099983215332 40.5099983215332 46.7400016784668 49.6399993896484 49.3800010681152 49.9900016784668 50.6800003051758 50.3899993896484 53.6199989318848 49.7599983215332 47.7900009155273 46.4199981689453 43.5400009155273 44.310001373291 44.6300010681152 44.6800003051758 46.7299995422363 41.4700012207031 38.6699981689453 37.0499992370605 27.3500003814697 22.2800006866455 17.9300003051758 15.789999961853 15.8599996566772 14.960000038147 13.2200002670288 10.3299999237061 6.25 3.48000001907349 2.92000007629395 5.82999992370605 8.10000038146973 11.0699996948242 14.0299997329712 16.9500007629395 18.2099990844727 19.75 19.9500007629395 21 22.7000007629395 24.6599998474121 26.6900005340576 28.4099998474121 29.7399997711182 30.0599994659424
38.0299987792969 38.0299987792969 41.0699996948242 45.9099998474121 47.3300018310547 48.6599998474121 50 50.2200012207031 54.060001373291 50.0999984741211 48.5 48.1300010681152 46.3499984741211 47.7299995422363 48.4799995422363 48.4900016784668 55.5400009155273 49.3499984741211 45.3800010681152 39.1500015258789 29.6599998474121 25.2099990844727 21.4500007629395 19.7600002288818 20.4799995422363 20.4099998474121 19.4799995422363 17.6100006103516 14.2200002670288 10.8299999237061 7.8899998664856 8.06999969482422 9.88000011444092 12.2200002670288 14.6300001144409 17.1000003814697 18.3400001525879 19.6900005340576 21.7199993133545 21.5 22.8700008392334 23.8700008392334 25.2299995422363 26.9599990844727 28.7399997711182 29.8199996948242
38.689998626709 38.689998626709 41.7999992370605 43.9199981689453 47.189998626709 50.2200012207031 52.4700012207031 52.3800010681152 56.5400009155273 52.5200004577637 51.4500007629395 51.8699989318848 49.3899993896484 51.0499992370605 54.2900009155273 53.5900001525879 56.9300003051758 50.7900009155273 47.1500015258789 43.75 34.7299995422363 30.8099994659424 24.5 22.7299995422363 23.5 26.4500007629395 26.5599994659424 26.3500003814697 25.2299995422363 23.7600002288818 21.7299995422363 19.1700000762939 12.4700002670288 13.4899997711182 15.9099998474121 17.3099994659424 18.6000003814697 21.5599994659424 22.3600006103516 22.8999996185303 23.2600002288818 23.7900009155273 24.6599998474121 26.1399993896484 27.8600006103516 29.0900001525879
39.1599998474121 39.1599998474121 43.310001373291 45.8300018310547 49.6300010681152 54.5999984741211 58.4700012207031 59.2799987792969 60.310001373291 54.810001373291 53.5 54.6800003051758 56.7799987792969 59.0200004577637 60.689998626709 59.8699989318848 58.4500007629395 50.3400001525879 46.1599998474121 42.6500015258789 34.8400001525879 31.4400005340576 28.6000003814697 27.1399993896484 27.4200000762939 27.8199996948242 28.2700004577637 28.6900005340576 28.3099994659424 27.6200008392334 26.3199996948242 23.6299991607666 19.3299999237061 16.6399993896484 16 16.7299995422363 17.9400005340576 21.6200008392334 22.8400001525879 23.5699996948242 23.8400001525879 24.0499992370605 24.4400005340576 25.5799999237061 27.0799999237061 28.2700004577637
38.5 38.5 41.5400009155273 43.2000007629395 44.4799995422363 48.8899993896484 52.5999984741211 53.6699981689453 53.0800018310547 48.7000007629395 47.7999992370605 49.5900001525879 53.2799987792969 53.8800010681152 54.4599990844727 53.189998626709 50.0999984741211 42.0200004577637 37.6599998474121 34.4300003051758 29.0200004577637 26.7099990844727 24.6599998474121 23.8099994659424 24.3999996185303 25.2099990844727 26.2900009155273 27.2800006866455 27.1399993896484 26.9500007629395 26.3600006103516 24.3600006103516 20.4799995422363 17.3099994659424 15.6999998092651 15.4899997711182 16.1000003814697 20.1900005340576 21.9300003051758 23.1100006103516 23.5300006866455 23.6299991607666 23.6900005340576 24.5499992370605 25.8199996948242 26.9400005340576
37.9799995422363 37.9799995422363 39.7200012207031 40.689998626709 41.1599998474121 45.3400001525879 49.0499992370605 50.9799995422363 50.9799995422363 48.3699989318848 47.8400001525879 48.9900016784668 53.4900016784668 52.189998626709 51.7999992370605 50.1800003051758 46.689998626709 38.75 33.75 29.9799995422363 25.4300003051758 23.9300003051758 22.5200004577637 22.1200008392334 22.8299999237061 23.8400001525879 25.2099990844727 26.4500007629395 26.2999992370605 26.4599990844727 26.4500007629395 25.1700000762939 21.9899997711182 18.8400001525879 16.4400005340576 14.7799997329712 14.1499996185303 18.3400001525879 20.7399997711182 22.5900001525879 23.4099998474121 23.6000003814697 23.4500007629395 24.0400009155273 24.9899997711182 25.9099998474121
37.5099983215332 37.5099983215332 37.8699989318848 38.0499992370605 38.4799995422363 42.8300018310547 46.5 49.1199989318848 50.4099998474121 49.8199996948242 49.9900016784668 50.0299987792969 53.9199981689453 50.310001373291 48.8499984741211 47.060001373291 43.8499984741211 36.75 31.5499992370605 27.2800006866455 22.9699993133545 22 21.1399993896484 21.1299991607666 21.9799995422363 23.1299991607666 24.6200008392334 25.8400001525879 25.4799995422363 25.7800006866455 26.1700000762939 25.5400009155273 23.2600002288818 20.6599998474121 18.0799999237061 15.1700000762939 12.8999996185303 16.1800003051758 19.1100006103516 21.6499996185303 23.0799999237061 23.5900001525879 23.3999996185303 23.8099994659424 24.4400005340576 25.0499992370605
37.1300010681152 37.1300010681152 36.1199989318848 35.3600006103516 35.439998626709 39.6199989318848 43.189998626709 46.3199996948242 49.2599983215332 51.5400009155273 53.9099998474121 54.5 54.8600006103516 48.5800018310547 45.7599983215332 43.8300018310547 41.4799995422363 35.560001373291 30.8600006103516 26.6599998474121 22.3400001525879 21.3600006103516 20.5300006866455 20.4699993133545 21.1900005340576 22.25 23.6299991607666 24.4200000762939 23.5699996948242 23.7600002288818 24.3899993896484 24.1800003051758 22.5 20.3899993896484 17.8400001525879 13.8800001144409 10.5100002288818 13.0699996948242 16.6100006103516 19.9099998474121 22.1200008392334 23.2199993133545 23.4300003051758 23.7999992370605 24.1599998474121 24.4599990844727
36.9500007629395 36.9500007629395 35.7900009155273 35.0200004577637 35.9799995422363 39.5900001525879 42.6599998474121 45.4700012207031 48.4000015258789 50.3600006103516 52.3600006103516 52.2299995422363 50.4900016784668 45.0200004577637 42.5299987792969 41.3400001525879 40.0400009155273 35.0699996948242 31.1000003814697 27.4899997711182 22.7000007629395 21.1800003051758 19.8799991607666 19.2800006866455 19.4400005340576 19.8799991607666 20.7000007629395 20.7399997711182 19.2999992370605 19.0900001525879 19.6299991607666 19.3400001525879 17.7199993133545 15.9899997711182 13.8900003433228 10.1000003814697 6.57000017166138 5.90000009536743 12.0900001525879 16.25 19.5400009155273 21.6299991607666 22.6499996185303 23.2600002288818 23.5499992370605 23.7099990844727
37.0699996948242 37.0699996948242 36 35.1100006103516 36.1199989318848 39.0400009155273 41.5200004577637 43.8199996948242 46.4500007629395 48.1399993896484 50.1399993896484 50.4700012207031 49 45.0200004577637 42.75 41.3400001525879 40.1800003051758 35.4300003051758 31.9500007629395 28.8799991607666 23.8099994659424 21.9200000762939 20.3400001525879 19.4699993133545 19.2099990844727 19.0599994659424 19.25 18.5200004577637 16.3199996948242 15.5299997329712 15.7700004577637 15.1899995803833 13.5699996948242 12.3400001525879 10.9700002670288 8.05000019073486 4.92000007629395 4.40000009536743 8.35000038146973 12.9300003051758 17.0300006866455 20 21.8299999237061 22.7999992370605 23.1900005340576 23.2900009155273
37.3300018310547 37.3300018310547 36.3699989318848 35.4500007629395 36.2700004577637 38.4099998474121 40.2900009155273 41.9700012207031 44.0800018310547 45.4300003051758 47.2599983215332 48.2400016784668 48.0200004577637 46.2599983215332 44.5200004577637 42.6100006103516 40.9700012207031 36.0699996948242 32.8499984741211 30.2199993133545 25.0499992370605 22.9200000762939 21.2000007629395 20.2999992370605 19.8899993896484 19.4200000762939 19.1200008392334 17.6900005340576 14.75 13.2399997711182 12.9300003051758 11.7700004577637 9.85999965667725 8.80000019073486 7.96000003814697 6.01999998092651 3.48000001907349 1.52999997138977 5.05000019073486 9.8100004196167 14.5699996948242 18.2700004577637 20.8600006103516 22.3600006103516 22.9799995422363 23.1399993896484
37.4500007629395 37.4500007629395 36.5299987792969 35.7599983215332 36.5699996948242 37.939998626709 39.2700004577637 40.3400001525879 41.5299987792969 42.3699989318848 43.7200012207031 45.0499992370605 46.4799995422363 47.1100006103516 46.9599990844727 45.2799987792969 42.3199996948242 36.9199981689453 33.2799987792969 30.4799995422363 25.0300006866455 22.9300003051758 21.4799995422363 20.8799991607666 20.1100006103516 19.2000007629395 18.2399997711182 15.9399995803833 12.710000038147 10.8699998855591 10.3199996948242 8.89000034332275 7 6.42999982833862 6.36999988555908 5.88000011444092 4.44999980926514 1.51999998092651 3.13000011444092 7.28000020980835 12.2799997329712 16.5499992370605 19.6299991607666 21.6399993896484 22.6100006103516 22.9500007629395
37.1399993896484 37.1399993896484 36.1699981689453 35.7400016784668 36.7999992370605 37.1199989318848 37.6800003051758 38.25 38.9799995422363 40.3300018310547 42.0499992370605 43.8400001525879 46.2099990844727 46.0900001525879 45.3800010681152 43.0800018310547 39.3300018310547 34.8400001525879 31.2999992370605 28.3999996185303 26.0100002288818 21.9200000762939 21.0400009155273 20.4300003051758 18.4200000762939 16.6499996185303 15.039999961853 12.7200002670288 10.3599996566772 8.80000019073486 8.32999992370605 7.1399998664856 5.6100001335144 5.63000011444092 6.3899998664856 6.82000017166138 6.1100001335144 3.5 3.25 6.23999977111816 11.039999961853 15.460000038147 18.8299999237061 21.3199996948242 22.6200008392334 23.1499996185303
37.3300018310547 37.3300018310547 36.6300010681152 36.310001373291 37.2200012207031 36.4099998474121 36.1399993896484 36.1500015258789 36.5200004577637 38.2099990844727 40.1199989318848 41.8499984741211 44.4700012207031 43.6500015258789 42.6100006103516 40.3400001525879 36.9599990844727 34.0900001525879 31.2000007629395 28.4200000762939 26.1000003814697 22.5400009155273 21.9899997711182 21.1000003814697 17.5400009155273 14.8699998855591 12.7700004577637 10.9099998474121 9.65999984741211 8.57999992370605 8.09000015258789 6.96999979019165 5.32000017166138 5.13000011444092 6.19000005722046 6.86999988555908 6.59999990463257 6.40999984741211 4.55999994277954 5.6399998664856 9.84000015258789 14.3299999237061 17.9099998474121 20.7999992370605 22.4300003051758 23.1800003051758
37.25 37.25 37.9300003051758 38.0900001525879 37.7299995422363 35.5400009155273 34.4099998474121 33.8899993896484 34.0400009155273 36.1100006103516 38.2400016784668 39.8699989318848 42.0999984741211 40.3800010681152 38.9099998474121 36.7299995422363 34.0499992370605 33.1399993896484 31.5 29.4400005340576 27.5499992370605 24.3999996185303 24.0300006866455 22.7600002288818 17.3099994659424 13.4700002670288 10.75 9.3100004196167 9.18000030517578 8.88000011444092 8.76000022888184 7.92999982833862 6.42000007629395 6.13000011444092 7.09999990463257 7.61999988555908 7.23000001907349 7.55999994277954 6.98000001907349 6.3600001335144 9.05000019073486 13.2700004577637 16.9899997711182 20.1299991607666 22 22.9599990844727
36.7400016784668 36.7400016784668 38.7999992370605 39.9700012207031 37.8800010681152 34.5699996948242 32.6699981689453 31.8099994659424 31.8999996185303 33.8400001525879 36.0499992370605 37.6599998474121 39.2000007629395 36.7700004577637 34.9500007629395 32.8400001525879 30.8099994659424 31.6800003051758 31.5100002288818 30.7999992370605 28.7399997711182 27.7000007629395 27.4799995422363 25.9799995422363 18.3999996185303 13.1899995803833 9.57999992370605 8.22999954223633 8.77000045776367 9.03999996185303 9.21000003814697 8.46000003814697 6.82000017166138 6.09999990463257 6.61999988555908 6.51000022888184 5.51999998092651 5.90000009536743 7 6.46000003814697 8.1899995803833 12.0600004196167 16.1499996185303 19.5100002288818 21.6399993896484 22.7800006866455
38.2799987792969 38.2799987792969 40.7799987792969 40.9099998474121 35.7999992370605 33.5400009155273 32.2299995422363 31.8799991607666 32.2400016784668 33.1300010681152 34.5200004577637 35.5900001525879 36.4199981689453 34.1599998474121 32.5900001525879 30.9699993133545 29.6700000762939 32.2700004577637 33.689998626709 34.5 33.9599990844727 32.8499984741211 32.3600006103516 30.3999996185303 20.5400009155273 13.8000001907349 9.10999965667725 7.34999990463257 8.03999996185303 8.52999973297119 8.85000038146973 8.0600004196167 6.19999980926514 4.98999977111816 4.86999988555908 3.99000000953674 2.49000000953674 2.60999989509583 4.03000020980835 4.51000022888184 6.09000015258789 9.78999996185303 14.25 17.7800006866455 20.1599998474121 21.5499992370605
38.0400009155273 38.0400009155273 40.1399993896484 39.8899993896484 33.939998626709 33.0099983215332 32.310001373291 32.0800018310547 32.6399993896484 32.5699996948242 33.0800018310547 33.5900001525879 33.75 31.5 29.9699993133545 28.6000003814697 27.9099998474121 31.8700008392334 34.6399993896484 36.689998626709 37.8600006103516 37.1199989318848 36.560001373291 34.1199989318848 22.2999992370605 14.3800001144409 8.76000022888184 6.71999979019165 7.44999980926514 8.02999973297119 8.51000022888184 7.82000017166138 6 4.71999979019165 4.32000017166138 3.8199999332428 3.07999992370605 2.65000009536743 2.65000009536743 3.3199999332428 4.90999984741211 8.36999988555908 12.9399995803833 16.5100002288818 19.0100002288818 20.6200008392334
37.0499992370605 37.0499992370605 37.7999992370605 35.3199996948242 32.2799987792969 33.1500015258789 33.1800003051758 32.7999992370605 32.9799995422363 31.8600006103516 31.5799999237061 31.5599994659424 31.25 29 27.4599990844727 26.2999992370605 26.3600006103516 31.6599998474121 35.5099983215332 38.1800003051758 41.0200004577637 39.5400009155273 38.7900009155273 35 22.2299995422363 14.289999961853 8.64000034332275 6.8899998664856 7.69000005722046 8.27000045776367 8.77999973297119 8.07999992370605 6.36999988555908 5.03999996185303 4.73999977111816 3.60999989509583 2.64000010490417 1.71000003814697 1.72000002861023 2.64000010490417 4.40999984741211 7.67000007629395 12.0699996948242 15.539999961853 18.0599994659424 19.7999992370605
36.4500007629395 36.4500007629395 35.4900016784668 32.7200012207031 30.6700000762939 32.9799995422363 34.0499992370605 33.9900016784668 33.0900001525879 31.0900001525879 30.1399993896484 29.6900005340576 29.1800003051758 27.0200004577637 25.6200008392334 24.9599990844727 25.8899993896484 32.2200012207031 37.4599990844727 41.189998626709 42.9300003051758 39.0999984741211 36.6500015258789 28.75 15.1899995803833 8.25 3.64000010490417 4.48000001907349 5.86999988555908 2.85999989509583 6.84999990463257 5.69999980926514 3.98000001907349 2.66000008583069 0.949999988079071 6.17000007629395 3.46000003814697 1.4099999666214 0.680000007152557 2.16000008583069 4.19000005722046 7.3600001335144 11.460000038147 14.7399997711182 17.2399997711182 19.0499992370605
