data/real/Dogrib_v624/conserv_mass_moment/windninja_90_30_100m_vel.asc
NCOLS 357 
NROWS 223 
XLLCORNER 457900 
YLLCORNER 5716800 
CELLSIZE 100 
NODATA_value -3.4e+38 
[rows 21 to 41 of 223, columns 0 to 45 of 357]
21.3500003814697 21.3500003814697 23.3099994659424 25.3700008392334 29.0200004577637 28.7399997711182 28.5499992370605 28.8400001525879 29.2199993133545 30.1399993896484 31.9400005340576 35.1399993896484 35.2700004577637 35.3199996948242 36.2299995422363 39.0900001525879 37.2200012207031 36.0499992370605 35.6199989318848 36.6399993896484 31.2399997711182 29.2900009155273 28 26.7000007629395 25.4899997711182 23.9799995422363 21.8799991607666 22.4400005340576 22.4200000762939 22.2000007629395 21.5 21.2600002288818 20.8600006103516 20.3600006103516 19.7299995422363 19.0100002288818 18.2199993133545 15.5299997329712 15.460000038147 15.4200000762939 15.3400001525879 15.2700004577637 14.1199998855591 12.9300003051758 11.4899997711182 9.9399995803833
21.4500007629395 21.4500007629395 23.3600006103516 25.4200000762939 29.0200004577637 28.8299999237061 28.6800003051758 29.0799999237061 29.3199996948242 29.9799995422363 31.2900009155273 33.6599998474121 34.0800018310547 34.4300003051758 35.8899993896484 39.3199996948242 37.6300010681152 36.4900016784668 36.0699996948242 37.1199989318848 31.7700004577637 29.9200000762939 28.7600002288818 27.1399993896484 25.6900005340576 24.1299991607666 22.2099990844727 22.2800006866455 21.9699993133545 21.4300003051758 20.4300003051758 20.3299999237061 20 19.4899997711182 18.7000007629395 18.1599998474121 17.4799995422363 15.1899995803833 14.9099998474121 14.6999998092651 14.4399995803833 14.1599998474121 13.1599998474121 12.0900001525879 10.8100004196167 9.36999988555908
21.0400009155273 21.0400009155273 22.9300003051758 24.8999996185303 28.3299999237061 28.2199993133545 28.1299991607666 28.6299991607666 28.7199993133545 29.0799999237061 29.8799991607666 31.4400005340576 32.1300010681152 32.9700012207031 35.0499992370605 39.1100006103516 37.7099990844727 36.6599998474121 36.3199996948242 37.4599990844727 32.2900009155273 30.5400009155273 29.5799999237061 27.7099990844727 26.1499996185303 24.5799999237061 22.8899993896484 22.4300003051758 21.7900009155273 20.9200000762939 19.6000003814697 19.5799999237061 19.2299995422363 18.6599998474121 17.6800003051758 17.2299995422363 16.5699996948242 14.6099996566772 14.1499996185303 13.8100004196167 13.3900003433228 12.9499998092651 12.1199998855591 11.2299995422363 10.1400003433228 8.85999965667725
21.4400005340576 21.7299995422363 22.4300003051758 23.1499996185303 24.4799995422363 24.7000007629395 25.2199993133545 26.2800006866455 26.5699996948242 26.8799991607666 27.4300003051758 28.3899993896484 29.4799995422363 31.0100002288818 33.75 38.3699989318848 37.5800018310547 36.7299995422363 36.5900001525879 37.9599990844727 32.7200012207031 30.8899993896484 29.8199996948242 28 26.4099998474121 24.4599990844727 22.7399997711182 21.7800006866455 20.7700004577637 19.6000003814697 18.0400009155273 17.8899993896484 17.5400009155273 17 16.1000003814697 15.6099996566772 14.9799995422363 13.2799997329712 12.8100004196167 12.4200000762939 11.9300003051758 9.86999988555908 9.27999973297119 8.60999965667725 7.78000020980835 6.67999982833862
21.8099994659424 21.8099994659424 21.9200000762939 21.9400005340576 22.2299995422363 22.8199996948242 23.7099990844727 25.0300006866455 25.4200000762939 25.7199993133545 26.1700000762939 26.9300003051758 28.1200008392334 29.8500003814697 32.75 37.4799995422363 37 36.2799987792969 36.3199996948242 37.9700012207031 32.8600006103516 31.0200004577637 29.8299999237061 28.2099990844727 26.7099990844727 25.2700004577637 23.3199996948242 22.3600006103516 21.3700008392334 20.2299995422363 18.7900009155273 18.4599990844727 17.9799995422363 17.3899993896484 16.5799999237061 15.5699996948242 14.5699996948242 11.0600004196167 10.3599996566772 9.65999984741211 8.88000011444092 7.98999977111816 7.40000009536743 6.69999980926514 5.86999988555908 4.78000020980835
21.3500003814697 21.3500003814697 20.7199993133545 20.1800003051758 19.7299995422363 20.6900005340576 21.8500003814697 23.3500003814697 23.7900009155273 24.0799999237061 24.4400005340576 25.0400009155273 26.2999992370605 28.1700000762939 31.2199993133545 36.0200004577637 35.939998626709 35.3899993896484 35.6699981689453 37.7599983215332 32.7799987792969 30.8600006103516 29.5 27.9699993133545 26.4899997711182 25.0699996948242 23.6100006103516 22.4400005340576 21.2700004577637 20.0799999237061 18.75 18.0100002288818 17.2900009155273 17.1200008392334 16.4599990844727 14.9799995422363 11.1899995803833 9.71000003814697 8.85999965667725 8.01000022888184 7.07999992370605 6.01999998092651 5.30999994277954 4.51999998092651 3.63000011444092 2.51999998092651
20.6700000762939 20.6700000762939 19.2600002288818 18.3299999237061 17.1900005340576 18.3899993896484 19.6700000762939 21.1800003051758 21.7999992370605 22.2399997711182 22.7600002288818 23.4899997711182 24.8400001525879 26.8099994659424 29.8500003814697 34.4700012207031 34.810001373291 34.439998626709 35.0400009155273 37.5900001525879 32.7400016784668 30.8400001525879 29.5 28.0100002288818 26.6100006103516 25.3199996948242 23.9799995422363 22.7700004577637 21.5699996948242 20.3199996948242 18.9400005340576 18.1299991607666 17.2700004577637 16.5499992370605 16.1499996185303 13.75 11.8199996948242 8.30000019073486 7.21999979019165 6.17000007629395 5.05999994277954 3.8199999332428 2.89000010490417 2.10999989509583 1.22000002861023 0.610000014305115
19.6200008392334 19.6200008392334 17.2700004577637 15.8900003433228 13.8800001144409 15.1700000762939 16.3700008392334 17.6800003051758 18.4799995422363 19.1900005340576 20.0300006866455 21.1000003814697 22.4699993133545 24.3199996948242 27.1200008392334 31.2800006866455 32.1100006103516 32.3400001525879 33.689998626709 37.0299987792969 32.439998626709 30.5400009155273 29.25 27.4599990844727 25.8500003814697 24.4099998474121 23.0100002288818 21.5300006866455 20.1100006103516 18.6499996185303 17.0400009155273 16.3700008392334 15.6400003433228 15.1099996566772 14.9499998092651 12.6000003814697 10.6099996566772 8.71000003814697 5.84999990463257 4.73999977111816 3.54999995231628 2.29999995231628 1.48000001907349 1.00999999046326 0.769999980926514 1.39999997615814
19.2299995422363 19.2299995422363 16.0200004577637 11.4799995422363 11.4200000762939 12.6999998092651 13.710000038147 14.7700004577637 15.5900001525879 16.4599990844727 17.4899997711182 18.8099994659424 20.1900005340576 21.9200000762939 24.4799995422363 28.1599998474121 29.3700008392334 30.1399993896484 32.1300010681152 36.1399993896484 31.8199996948242 29.9599990844727 28.7999992370605 26.8099994659424 25.1299991607666 23.6399993896484 22.2999992370605 20.6700000762939 19.1599998474121 17.5799999237061 15.8100004196167 15.25 14.7299995422363 14.4200000762939 14.4899997711182 12.210000038147 10.210000038147 8.34000015258789 5.61999988555908 4.59999990463257 3.54999995231628 2.51999998092651 2.04999995231628 2 2.0699999332428 2.38000011444092
18.7800006866455 18.7800006866455 14.7700004577637 9.43000030517578 8.97000026702881 10.2200002670288 11.0900001525879 12 12.8199996948242 13.789999961853 14.9399995803833 16.4200000762939 17.7299995422363 19.2800006866455 21.5400009155273 24.6800003051758 26.1299991607666 27.3700008392334 30 34.7200012207031 30.8799991607666 29.1499996185303 28.2299995422363 26.1499996185303 24.4599990844727 22.9899997711182 21.7700004577637 20.0599994659424 18.5 16.8500003814697 14.9799995422363 14.5600004196167 14.289999961853 14.210000038147 14.4899997711182 12.2700004577637 10.4099998474121 8.67000007629395 6.19000005722046 5.26000022888184 4.36999988555908 3.53999996185303 3.23000001907349 3.25999999046326 3.34999990463257 3.47000002861023
17.9899997711182 17.9899997711182 14.039999961853 8.85999965667725 8.52000045776367 9.93000030517578 11 12.25 13.0500001907349 13.75 14.6899995803833 15.9499998092651 17 18.2299995422363 20.0499992370605 22.5599994659424 24.0400009155273 25.6000003814697 28.6000003814697 33.6300010681152 30.3400001525879 28.7900009155273 28.1000003814697 26.0100002288818 24.2800006866455 22.7900009155273 21.6299991607666 19.8299999237061 18.2299995422363 16.5900001525879 14.8500003814697 14.3500003814697 13.9700002670288 13.710000038147 13.6899995803833 11.7799997329712 10.0900001525879 8.53999996185303 6.34000015258789 5.6100001335144 4.96000003814697 4.3899998664856 4.28999996185303 4.34999990463257 4.48000001907349 4.53000020980835
16.4300003051758 16.4300003051758 13.1400003433228 8.42000007629395 8.42000007629395 8.17000007629395 11.5600004196167 13.8800001144409 14.8500003814697 15.2700004577637 15.9399995803833 16.9300003051758 17.75 18.7000007629395 20.0300006866455 21.8299999237061 23.1299991607666 24.7000007629395 27.6200008392334 32.3600006103516 31.1599998474121 28.1800003051758 27.7600002288818 25.75 24.1000003814697 22.7099990844727 21.7000007629395 20 18.5200004577637 17.1000003814697 15.7600002288818 14.9899997711182 14.210000038147 13.4700002670288 12.7799997329712 11.1999998092651 9.80000019073486 8.52000045776367 6.67000007629395 6.11999988555908 5.6399998664856 5.25 5.26999998092651 5.34000015258789 5.46999979019165 5.53000020980835
14.5900001525879 14.5900001525879 11.7700004577637 10.2399997711182 7.73000001907349 7.78000020980835 12.3800001144409 16.0699996948242 17.2600002288818 17.4400005340576 17.8700008392334 18.6000003814697 19.2399997711182 19.9400005340576 20.8600006103516 22.0699996948242 23.2399997711182 24.8099994659424 27.6200008392334 32.0299987792969 30.9200000762939 28.2800006866455 27.9899997711182 25.8899993896484 24.2299995422363 22.8199996948242 21.8099994659424 20.0699996948242 18.5699996948242 17.2199993133545 16.1499996185303 14.960000038147 13.9300003051758 12.8500003814697 11.75 10.6099996566772 9.53999996185303 8.55000019073486 7.05000019073486 6.65000009536743 6.30999994277954 6.03999996185303 6.11999988555908 6.17999982833862 6.28999996185303 6.40000009536743
12.3999996185303 12.3999996185303 10.1499996185303 9.01000022888184 7.05999994277954 7.46999979019165 13.3299999237061 18.5599994659424 19.9300003051758 19.8199996948242 19.9099998474121 20.3099994659424 20.6900005340576 21.1399993896484 21.6900005340576 22.3899993896484 23.5200004577637 25.1000003814697 27.75 31.8099994659424 29.3400001525879 28.3799991607666 28.25 26.1299991607666 24.4899997711182 23.0799999237061 22.1299991607666 20.4099998474121 18.9599990844727 17.7099990844727 16.8500003814697 15.1400003433228 13.7399997711182 12.3000001907349 10.789999961853 10.039999961853 9.27999973297119 7.6100001335144 7.32000017166138 7.07999992370605 6.8600001335144 6.71000003814697 6.78999996185303 6.8600001335144 6.94999980926514 7.09999990463257
10.3199996948242 10.3199996948242 8.5 7.57000017166138 5.94999980926514 8.88000011444092 12.4399995803833 18.0799999237061 19.5200004577637 19.3799991607666 19.4899997711182 19.8500003814697 20.4099998474121 21.0400009155273 21.75 22.5699996948242 23.6800003051758 25.1100006103516 27.4699993133545 31.0499992370605 28.7700004577637 27.9699993133545 28.0699996948242 25.8799991607666 24.1599998474121 22.6800003051758 21.6800003051758 20.0200004577637 18.6000003814697 17.4099998474121 16.5699996948242 14.9300003051758 13.5900001525879 12.2399997711182 10.7600002288818 10.3599996566772 9.85999965667725 8.56999969482422 8.36999988555908 8.17000007629395 7.94999980926514 7.78999996185303 7.75 7.73999977111816 7.73000001907349 7.78999996185303
10.0799999237061 10.0799999237061 8.64999961853027 7.8899998664856 6.61999988555908 9.48999977111816 12.6899995803833 17.5499992370605 18.7900009155273 18.6599998474121 18.7800006866455 19.1000003814697 19.8899993896484 20.8999996185303 22.1100006103516 23.6100006103516 24.6900005340576 25.8099994659424 27.6900005340576 30.5900001525879 28.3299999237061 27.6900005340576 28.0799999237061 25.6900005340576 23.8899993896484 22.3299999237061 21.2299995422363 19.6599998474121 18.2600002288818 17.0499992370605 15.9799995422363 14.6599998474121 13.4700002670288 12.2600002288818 10.8699998855591 10.6599998474121 10.3500003814697 9.46000003814697 9.30000019073486 9.09000015258789 8.84000015258789 8.68000030517578 8.53999996185303 8.47999954223633 8.39999961853027 8.39000034332275
10.1000003814697 10.1000003814697 8.75 8.02000045776367 6.84999990463257 9.43000030517578 12.289999961853 16.3999996185303 17.5300006866455 17.5 17.6900005340576 18.0200004577637 19.0599994659424 20.4500007629395 22.2099990844727 24.4099998474121 25.4400005340576 26.2399997711182 27.6700000762939 29.9699993133545 27.7299995422363 27.2000007629395 27.8400001525879 25.3099994659424 23.4599990844727 21.8199996948242 20.6700000762939 19.2199993133545 17.8799991607666 16.6399993896484 15.3800001144409 14.4300003051758 13.4700002670288 12.4700002670288 11.210000038147 11.1800003051758 11.0299997329712 10.4700002670288 10.2200002670288 9.98999977111816 9.69999980926514 9.53999996185303 9.28999996185303 9.15999984741211 9 8.93000030517578
10.6700000762939 10.6700000762939 9.19999980926514 8.42000007629395 7.19000005722046 9.13000011444092 11.460000038147 14.8100004196167 15.8100004196167 15.8100004196167 16 16.2800006866455 17.5200004577637 19.2900009155273 21.6299991607666 24.6599998474121 25.7199993133545 26.2800006866455 27.4099998474121 29.3199996948242 27.2399997711182 26.7900009155273 27.5499992370605 24.8199996948242 22.8999996185303 21.2199993133545 20 18.6399993896484 17.3099994659424 16 14.539999961853 13.9200000762939 13.1899995803833 12.3599996566772 11.210000038147 11.3100004196167 11.4200000762939 11.4300003051758 11.0500001907349 10.8100004196167 10.5 10.3500003814697 9.98999977111816 9.77999973297119 9.53999996185303 9.40999984741211
12.0200004577637 12.0200004577637 10.6700000762939 10.0100002288818 8.94999980926514 9.34000015258789 13.0799999237061 16.1399993896484 16.9500007629395 16.7600002288818 16.7199993133545 16.7299995422363 17.9899997711182 19.9500007629395 22.6200008392334 26.2199993133545 27.1800003051758 27.4500007629395 28.3299999237061 29.9899997711182 27.5599994659424 26.7800006866455 26.9699993133545 24.7399997711182 23.1200008392334 21.7700004577637 20.75 19.5599994659424 18.3400001525879 17.0900001525879 15.6300001144409 15.210000038147 14.6300001144409 13.9300003051758 12.9399995803833 12.9899997711182 12.9499998092651 12.8599996566772 12.039999961853 11.6199998855591 11.1899995803833 10.9200000762939 10.4200000762939 10.1199998855591 9.85000038146973 9.6899995803833
13.6099996566772 13.6099996566772 12.3999996185303 11.8299999237061 10.8999996185303 11.3599996566772 15.1400003433228 18.4200000762939 19.0400009155273 18.4899997711182 18.0200004577637 17.5499992370605 18.7299995422363 20.7700004577637 23.6399993896484 27.6299991607666 28.3500003814697 28.2299995422363 28.8500003814697 30.4799995422363 27.6599998474121 26.4599990844727 25.6000003814697 24.0699996948242 22.8199996948242 21.8999996185303 21.1499996185303 19.9899997711182 18.8400001525879 17.6200008392334 16.2299995422363 15.8999996185303 15.4499998092651 14.9899997711182 14.4300003051758 14.4099998474121 14.1700000762939 13.8199996948242 12.7399997711182 12.2200002670288 11.7399997711182 11.3699998855591 10.8000001907349 10.4499998092651 10.1199998855591 9.9399995803833
15.1599998474121 15.1599998474121 14.1700000762939 13.7399997711182 13.6199998855591 15.1300001144409 17.5 21.0799999237061 21.4599990844727 20.5799999237061 19.7299995422363 18.8299999237061 19.9899997711182 22.1000003814697 25.1200008392334 29.3899993896484 29.6800003051758 29.0499992370605 29.2199993133545 30.6100006103516 27.1499996185303 25.5900001525879 24.0799999237061 23.4500007629395 22.7399997711182 22.3099994659424 21.8600006103516 20.7600002288818 19.7000007629395 18.5499992370605 17.2000007629395 16.9400005340576 16.5200004577637 16.2000007629395 16.0100002288818 15.6300001144409 15.210000038147 14.6000003814697 13.2700004577637 12.6800003051758 12.1499996185303 11.6899995803833 11.1000003814697 10.6899995803833 10.3400001525879 10.1300001144409
