data/real/Dogrib_v624/conserv_mass_moment/windninja_270_30_100m_ang.asc
NCOLS 357 
NROWS 223 
XLLCORNER 457900 
YLLCORNER 5716800 
CELLSIZE 100 
NODATA_value -3.4e+38 
[rows 126 to 167 of 223, columns 0 to 93 of 357]
269 269 267 266 264 263 263 263 262 262 263 263 264 265 265 266 266 267 268 269 271 273 273 272 272 273 273 272 271 271 271 270 269 269 279 69 89 94 274 264 265 266 268 268 269 269 271 271 271 271 269 271 282 297 164 176 82 355 339 329 322 317 312 307 303 299 296 293 290 287 284 278 275 272 270 268 265 262 260 259 260 261 279 286 293 297 300 309 309 310 311 311 310 308
269 269 268 267 264 263 262 262 261 261 261 262 263 264 265 265 265 266 267 269 275 275 275 272 272 273 273 272 272 272 272 272 273 276 284 312 126 122 244 254 258 262 266 267 268 269 272 274 275 275 271 262 266 331 157 138 81 45 21 3 348 338 327 318 312 306 302 299 295 292 289 281 278 276 274 268 257 250 248 249 251 252 256 262 293 298 306 312 313 314 316 315 314 312
269 269 268 267 264 263 262 262 261 260 260 261 263 264 264 265 265 266 267 273 275 275 274 272 272 272 272 272 272 272 272 272 274 277 283 289 290 175 242 242 260 263 267 268 269 270 274 276 278 279 280 279 276 313 175 147 109 70 52 40 28 15 356 340 326 317 311 306 302 299 295 291 289 275 258 247 242 241 242 244 246 247 249 252 266 293 308 315 316 317 320 320 318 316
269 269 268 267 264 264 263 262 260 259 259 260 262 263 263 264 265 266 267 268 272 273 273 271 271 272 271 271 271 271 272 272 274 276 280 282 279 245 245 249 263 266 268 270 271 272 274 277 279 280 281 282 282 278 214 157 121 82 68 62 58 52 43 28 5 349 337 332 330 331 324 275 250 244 242 240 239 240 241 242 242 242 244 247 257 266 308 317 318 320 324 325 322 321
269 269 267 266 265 265 264 263 260 259 259 260 262 262 263 264 266 267 268 269 271 272 272 272 271 271 271 270 270 271 271 272 274 276 278 278 276 264 264 261 268 269 271 272 272 273 275 277 278 280 281 281 281 278 252 173 116 82 72 70 72 73 73 69 62 54 43 32 4 281 255 245 242 243 243 242 241 243 243 244 242 242 244 249 257 264 301 326 324 326 330 331 328 326
269 269 267 267 267 267 266 265 262 261 265 265 263 263 263 264 266 268 268 268 270 271 271 270 270 270 270 269 269 270 271 272 274 276 278 278 278 273 273 270 272 273 274 274 274 274 275 277 278 279 281 281 280 279 272 258 141 76 68 70 77 86 99 115 204 244 251 252 251 249 249 248 246 247 248 247 247 249 249 249 247 247 248 252 255 261 261 269 327 333 339 340 335 333
269 269 268 267 267 267 266 265 264 263 263 263 264 264 264 264 266 268 268 268 269 270 270 270 270 269 269 269 269 270 271 272 274 276 278 279 279 279 279 278 278 277 276 276 276 276 276 277 278 279 280 281 280 280 278 281 279 9 53 65 75 87 217 239 248 252 254 255 255 254 254 253 252 253 254 254 254 255 255 254 251 251 252 254 252 260 260 253 315 336 346 347 341 339
269 269 269 268 267 267 267 267 267 267 267 266 265 265 264 265 265 266 267 265 267 268 269 269 269 269 269 269 270 271 272 273 275 277 279 280 281 284 284 283 283 282 280 280 279 278 277 278 278 279 280 280 280 280 279 281 284 298 354 52 113 214 232 244 252 256 258 259 259 259 260 260 260 260 261 261 261 262 261 260 258 257 257 257 252 250 263 246 338 350 354 351 345 343
270 270 270 270 267 266 266 267 270 271 271 270 268 266 266 266 265 264 265 263 266 267 268 268 268 268 268 270 271 272 274 275 276 278 280 282 284 285 289 289 288 286 284 283 282 281 278 278 278 278 278 279 279 279 278 279 280 286 293 282 235 231 238 247 254 260 262 263 263 264 265 266 267 268 268 269 269 269 268 268 267 266 265 263 258 255 253 253 253 66 5 355 348 345
271 271 271 271 269 266 266 267 272 274 274 273 270 268 267 267 265 264 264 263 265 266 267 268 268 268 267 269 270 272 278 284 286 285 285 286 286 287 292 292 291 289 286 285 284 282 278 277 277 277 277 277 278 278 278 278 278 279 278 269 251 240 241 249 257 264 266 265 265 267 269 272 275 276 276 276 276 276 276 276 277 276 275 273 269 267 266 266 264 81 12 357 351 349
271 271 272 271 270 266 266 267 272 274 274 273 270 268 267 267 265 264 264 263 264 266 267 268 268 268 266 273 286 25 56 66 80 101 240 278 282 286 291 292 291 290 287 286 284 282 278 277 276 276 277 277 278 278 279 278 278 276 274 269 259 252 250 257 314 294 320 300 178 233 244 269 279 281 282 283 283 283 282 283 284 283 282 280 277 274 273 273 268 257 17 355 352 351
271 271 272 271 270 267 267 268 271 272 272 272 269 268 267 267 266 265 265 265 264 266 267 268 269 270 268 313 55 66 77 91 113 151 176 226 243 255 276 283 286 286 285 283 282 280 277 275 275 275 275 276 277 278 279 279 278 276 273 270 265 268 308 72 83 84 87 95 110 133 151 169 207 266 281 286 289 289 288 288 289 288 286 285 284 281 280 279 274 268 99 351 351 351
271 271 272 271 270 269 269 269 270 270 270 269 267 266 266 266 267 268 268 267 265 266 267 269 271 272 272 278 43 68 86 107 135 174 188 219 237 248 260 264 269 275 278 279 278 276 272 269 270 271 272 272 273 275 277 279 280 275 274 279 75 31 50 66 76 84 96 190 222 227 232 231 220 213 210 233 277 288 291 293 296 293 290 288 288 286 283 282 275 270 204 346 350 352
271 271 271 271 271 271 271 271 269 269 268 268 266 265 265 266 268 269 269 269 265 266 267 269 271 272 274 279 292 353 96 130 157 182 192 213 229 239 254 254 254 254 262 272 280 284 286 53 75 112 171 198 204 206 207 222 241 243 256 260 254 275 292 278 262 252 250 249 249 247 248 251 251 252 253 251 247 249 254 257 257 261 262 262 260 261 261 263 259 256 251 316 351 352
270 270 270 270 271 271 271 270 269 268 268 267 266 266 266 266 268 269 269 269 266 266 267 268 270 271 273 276 280 283 359 165 181 192 198 210 222 231 248 245 228 85 82 86 93 209 269 254 246 242 240 241 242 243 243 246 247 247 249 251 252 257 258 257 256 254 254 254 254 252 253 255 255 256 258 259 259 259 260 259 256 257 258 258 257 258 258 259 250 245 242 267 9 354
269 269 269 269 270 270 270 270 269 268 268 268 267 267 267 267 268 268 268 268 267 268 268 268 269 271 272 275 278 280 300 198 196 200 204 211 221 228 247 248 261 42 215 229 235 239 244 245 244 243 243 243 244 244 244 246 247 247 248 249 250 253 253 253 253 254 254 255 255 255 256 257 257 257 258 258 259 259 260 259 258 258 258 258 257 257 256 256 247 242 240 244 240 359
268 268 266 266 267 268 268 268 268 268 269 269 270 270 270 269 267 265 265 265 269 270 271 269 270 271 272 272 274 278 307 197 199 203 208 214 221 228 245 249 254 257 243 241 241 243 244 244 244 243 243 243 243 243 242 245 246 247 249 250 251 252 252 252 253 254 254 255 256 257 258 259 258 258 259 259 259 260 260 259 258 258 258 257 256 256 255 255 251 244 245 248 218 81
267 267 264 264 266 267 267 268 268 268 269 270 272 273 272 271 266 264 264 264 269 271 273 272 273 275 278 278 278 10 190 193 197 202 209 215 220 225 239 240 242 242 239 240 241 242 243 243 243 243 243 243 243 243 242 245 247 249 251 252 253 253 253 254 254 255 256 256 257 259 261 260 259 259 259 259 259 260 260 259 258 259 259 257 255 255 255 254 252 250 253 259 257 251
268 267 264 264 266 267 267 268 268 268 268 270 272 273 273 272 267 268 268 264 270 272 274 274 275 282 293 316 158 186 181 188 192 198 205 212 215 222 237 236 237 237 238 243 245 247 248 249 249 250 251 251 252 252 252 249 251 259 260 261 261 260 260 260 257 258 258 259 260 263 264 263 261 261 261 261 261 261 263 262 261 261 261 259 257 257 256 256 253 254 257 262 257 254
269 269 268 268 268 270 270 269 267 266 267 268 270 272 273 272 274 274 274 273 273 273 273 271 281 345 14 113 164 173 172 180 185 193 203 211 216 224 241 241 240 241 243 247 251 254 255 255 255 256 256 257 257 258 259 261 262 264 265 265 266 265 265 265 264 264 264 265 266 266 270 270 269 268 267 266 266 265 265 265 265 265 264 263 261 260 259 259 257 257 258 257 254 257
270 270 271 271 271 271 271 271 268 268 268 269 271 272 273 275 278 279 279 278 277 275 272 274 71 78 102 150 163 171 170 179 185 194 204 212 219 227 245 243 242 242 246 250 256 261 263 262 261 261 261 262 262 263 265 267 268 268 269 270 270 270 269 269 269 268 267 268 268 271 273 273 272 271 270 270 269 268 268 268 269 269 268 267 265 265 264 263 261 260 261 259 256 260
271 271 272 272 272 272 272 272 270 269 269 270 272 273 274 276 279 280 281 280 279 277 274 269 103 116 133 155 162 169 167 180 187 198 207 215 223 240 249 246 243 239 241 242 256 267 270 268 266 266 266 267 267 269 271 272 272 272 273 274 275 275 275 274 274 273 272 271 271 273 275 275 276 275 274 274 272 272 271 271 273 273 272 272 270 269 268 267 265 264 264 261 259 262
272 272 273 274 273 272 272 273 273 273 274 274 276 278 279 280 282 282 281 281 279 277 273 270 243 155 144 161 161 169 165 183 192 204 211 219 228 246 252 248 242 236 147 122 104 27 283 275 271 270 270 271 271 273 276 276 276 275 276 277 279 280 280 280 280 279 278 277 276 276 277 279 280 279 278 277 276 276 275 275 276 276 276 276 275 274 273 272 271 269 268 266 264 264
272 272 274 275 275 272 273 274 277 279 280 280 281 282 283 283 281 280 280 282 277 273 271 267 257 230 172 179 167 173 166 190 200 212 218 227 237 245 255 250 248 254 273 152 112 95 154 199 253 258 265 269 270 274 276 277 276 277 278 279 282 285 286 286 286 286 285 283 281 278 278 280 282 282 281 281 280 280 279 279 279 280 280 280 280 279 278 278 276 275 273 272 271 271
273 273 275 276 276 273 274 276 281 283 284 284 284 284 283 281 278 276 276 279 275 271 270 267 263 250 209 185 169 173 166 191 204 218 225 235 245 259 255 252 251 254 263 262 248 157 225 240 249 255 262 266 267 269 268 270 271 274 276 278 282 287 289 289 290 290 289 287 284 279 280 282 285 285 284 284 284 283 283 283 283 283 283 285 285 284 283 283 282 281 278 278 278 278
272 272 275 276 276 275 275 276 282 285 286 286 284 283 282 280 278 277 276 276 273 271 270 269 265 258 236 211 181 179 169 192 208 223 231 241 249 259 253 249 249 252 260 260 256 249 237 245 251 256 263 267 268 270 270 271 271 274 276 278 281 286 288 290 292 292 291 289 287 282 281 285 287 288 287 288 287 287 286 286 285 286 286 288 289 288 287 288 287 285 282 282 281 281
271 271 274 275 276 277 278 278 283 286 279 285 282 280 279 278 279 278 277 276 271 270 269 268 266 261 250 238 209 195 181 197 215 229 237 244 251 256 251 248 247 250 257 258 257 255 245 250 255 258 264 267 268 270 270 272 272 274 275 277 280 283 285 288 290 291 290 289 287 284 283 287 290 291 290 291 290 290 289 288 288 288 288 290 292 291 290 291 291 289 286 284 284 283
270 270 271 273 276 280 282 281 283 284 284 283 279 278 277 278 283 281 280 277 268 267 266 266 265 262 257 253 239 224 209 213 226 236 242 246 251 253 250 248 248 252 256 257 257 256 250 253 257 260 264 266 268 269 272 275 275 274 275 277 280 283 285 287 288 289 289 288 287 286 287 291 293 294 293 293 293 292 291 290 290 290 290 292 293 293 292 294 294 292 289 286 285 284
269 269 270 272 281 284 285 283 282 281 282 280 276 276 277 279 286 284 281 278 264 263 261 263 262 259 257 256 250 243 234 233 239 245 247 248 251 253 253 249 250 254 256 256 256 256 255 257 259 262 264 266 267 268 271 268 275 273 273 276 280 284 287 289 290 291 290 289 289 289 290 295 297 297 296 296 296 295 294 293 292 292 292 294 295 295 295 296 296 295 291 289 287 286
269 269 270 272 280 283 284 283 282 282 282 279 277 277 278 277 283 281 277 274 259 257 256 259 258 256 255 255 253 250 246 246 249 252 252 252 255 256 255 253 253 256 256 255 255 256 258 260 262 263 264 265 266 267 270 271 274 273 274 278 282 287 290 292 293 293 293 291 290 290 291 297 299 299 299 299 299 297 296 295 294 294 294 295 296 296 296 297 297 294 293 290 289 288
270 270 272 277 283 286 287 285 282 282 280 276 274 274 274 272 274 274 270 265 256 254 256 258 257 256 255 256 255 253 252 254 256 257 257 257 260 260 259 257 258 259 256 254 254 255 260 262 263 264 264 265 265 266 267 271 273 274 276 280 286 292 295 296 296 295 293 291 290 290 290 297 300 301 302 302 301 300 299 297 296 296 295 296 296 296 296 296 295 294 293 291 290 288
273 273 278 280 283 285 286 286 281 279 275 271 267 269 271 271 272 271 269 264 258 257 259 259 257 256 256 256 255 255 255 258 260 261 262 264 266 266 264 264 263 262 257 253 253 254 259 262 264 263 264 265 267 268 267 271 276 283 289 295 301 303 302 300 298 296 293 291 289 290 291 297 301 303 303 304 304 302 301 300 299 298 297 297 297 297 296 296 295 294 293 292 291 290
274 274 280 281 281 282 282 281 277 275 274 272 271 272 272 272 271 270 268 265 262 261 262 261 259 258 258 258 257 257 258 261 262 263 266 270 272 272 271 269 268 265 259 255 255 256 260 262 263 261 261 263 268 275 269 138 117 295 342 322 331 322 316 309 306 302 297 294 291 292 293 299 302 304 305 307 306 305 304 303 301 300 299 299 298 298 297 297 296 295 294 294 293 292
274 274 279 281 280 280 280 279 274 274 273 273 274 275 275 274 273 272 271 269 268 268 267 264 262 261 261 260 259 259 259 262 262 264 270 280 281 279 278 275 275 269 263 259 258 259 262 269 264 264 262 259 291 106 120 115 102 86 73 57 40 15 356 336 328 318 308 301 296 295 298 301 303 305 307 309 309 308 306 305 304 302 301 300 299 299 298 297 296 295 295 294 293 292
274 274 278 280 278 277 277 276 273 273 273 273 274 275 275 274 274 274 273 273 273 273 271 268 266 265 264 262 261 260 260 261 260 262 273 290 289 287 286 285 278 275 270 267 265 264 265 265 265 265 267 106 99 106 109 106 100 90 81 73 64 52 36 14 1 344 328 314 303 300 302 304 306 306 308 311 312 310 309 308 306 305 303 302 301 300 299 298 296 295 294 293 292 291
273 273 277 278 275 274 274 275 275 275 276 275 276 275 275 275 276 277 277 278 280 280 277 273 271 269 268 265 262 262 261 261 258 258 290 308 301 297 295 288 284 282 279 276 274 272 270 269 268 269 273 285 115 110 113 107 101 94 87 80 72 64 50 33 20 359 340 323 311 305 306 307 309 310 311 315 315 313 312 311 309 307 305 304 302 301 300 299 296 295 294 293 292 291
272 272 275 276 273 272 274 276 281 281 281 280 278 277 277 277 279 280 280 282 284 283 284 282 279 277 275 267 265 264 263 262 256 254 53 314 308 305 304 296 291 288 288 285 282 279 274 273 272 273 274 277 267 221 123 114 106 100 92 85 78 69 55 39 24 4 346 330 319 313 312 310 311 313 315 319 320 317 315 314 312 310 308 306 304 303 301 300 297 296 295 294 294 293
272 272 274 274 268 268 273 287 300 298 295 285 282 281 280 279 280 281 282 284 286 285 285 285 283 282 281 271 269 268 267 265 258 105 77 314 317 314 313 310 302 293 292 290 286 283 277 275 274 274 273 274 274 270 140 122 111 105 97 90 82 73 59 43 27 6 350 336 327 321 317 314 312 315 318 323 324 321 319 318 316 313 310 308 306 304 303 302 298 297 296 295 294 294
271 271 272 271 268 268 273 287 300 298 295 302 297 293 284 282 282 283 284 285 286 286 287 289 288 287 287 285 275 274 272 271 270 126 115 349 336 325 322 317 301 296 295 293 290 286 282 279 277 275 271 271 271 271 276 131 117 110 103 96 88 78 65 50 31 11 355 342 335 337 330 325 316 320 321 327 328 325 323 322 319 316 313 311 308 306 305 303 300 299 298 296 296 295
270 270 269 267 267 268 277 324 318 311 319 314 308 301 296 291 287 287 287 288 289 289 291 294 293 293 294 293 290 287 284 281 286 296 102 69 52 347 335 323 303 297 295 294 292 288 283 280 278 275 271 270 269 270 277 277 237 116 110 102 94 85 75 62 44 23 4 358 351 344 336 330 320 324 327 333 335 333 331 330 327 323 320 317 314 311 309 308 304 302 301 299 298 297
270 270 266 263 266 269 304 13 348 347 336 330 320 311 303 296 291 290 291 292 292 292 292 295 296 296 299 299 295 292 289 285 291 299 67 303 324 323 332 319 301 295 293 293 292 289 284 281 279 276 272 270 269 269 274 274 271 262 121 115 109 101 107 98 83 58 26 5 356 350 343 337 326 328 331 335 337 336 335 334 332 327 323 320 317 314 312 310 306 304 302 300 299 298
270 270 264 258 248 238 37 45 14 13 358 351 338 323 312 303 297 295 295 296 294 293 292 294 296 297 301 303 299 296 293 289 294 300 325 305 303 301 309 308 300 294 292 292 290 288 284 281 279 276 272 270 269 268 269 270 270 268 196 132 122 141 122 116 108 88 41 7 359 354 347 342 332 334 335 338 339 339 338 338 336 331 327 324 320 317 314 312 308 306 304 301 300 298
