data/real/Dogrib_v624/conserv_mass_moment/windninja_240_30_100m_ang.asc
NCOLS 357 
NROWS 223 
XLLCORNER 457900 
YLLCORNER 5716800 
CELLSIZE 100 
NODATA_value -3.4e+38 
[rows 168 to 209 of 223, columns 0 to 94 of 357]
240 240 34 39 47 61 75 85 93 101 110 122 143 171 205 231 253 267 277 286 287 290 293 302 310 315 323 322 314 308 301 293 292 292 295 299 295 292 289 282 271 255 223 212 208 206 204 203 204 204 205 207 209 214 218 220 220 220 220 220 221 223 211 121 92 84 68 64 62 62 66 73 75 77 78 78 78 76 75 73 74 79 87 99 113 128 143 156 176 184 191 197 203 208 211
240 240 29 32 39 58 75 86 95 105 119 137 168 201 225 241 258 268 277 286 286 287 288 295 305 313 323 324 318 314 309 302 300 300 303 307 302 297 288 279 241 215 208 205 203 202 201 202 203 204 206 208 211 216 219 221 221 221 221 222 224 227 228 207 119 100 92 78 69 65 66 70 70 72 74 76 79 79 80 83 87 94 102 113 126 140 152 163 180 187 191 197 203 207 211
240 240 90 25 24 54 72 86 99 110 127 153 189 218 235 247 259 269 277 288 290 288 287 291 299 307 319 324 321 319 316 310 309 309 313 319 313 309 299 216 204 202 201 200 200 200 200 201 203 204 207 210 213 217 220 221 221 221 221 222 224 227 230 241 225 89 90 78 70 65 65 66 66 69 72 75 78 80 82 86 93 101 111 123 136 149 160 168 182 188 192 197 203 207 211
239 239 107 23 22 47 64 79 99 113 132 172 207 230 242 249 257 264 288 288 295 292 290 289 297 304 313 323 323 323 322 320 321 324 333 344 343 3 194 196 196 197 198 198 199 199 200 202 204 206 209 212 214 217 219 220 220 220 219 219 220 221 220 220 218 154 95 78 68 64 62 62 63 64 66 67 67 67 70 76 88 102 118 130 144 155 165 172 184 189 192 197 202 206 210
240 240 227 11 17 37 54 70 99 113 138 191 221 240 249 255 258 262 285 285 298 295 293 288 293 299 307 330 334 338 340 344 354 15 27 29 59 165 189 192 193 194 196 197 198 200 202 203 206 208 210 213 216 218 219 220 221 222 221 221 222 223 225 226 229 235 121 76 62 59 59 59 59 59 58 57 55 56 60 69 86 108 130 138 149 158 166 172 184 190 192 196 201 205 209
240 240 236 338 15 31 46 62 62 153 153 207 233 249 259 263 260 261 270 285 301 260 297 288 287 286 264 16 16 23 30 42 47 50 55 94 172 183 188 191 192 193 195 196 198 201 203 205 207 210 212 215 217 220 221 225 227 228 228 228 229 229 230 231 234 241 189 76 54 54 56 56 57 56 54 52 52 53 59 70 90 122 152 154 157 160 166 170 184 190 193 197 202 206 210
239 239 236 297 13 27 40 58 58 173 173 221 241 255 265 269 261 256 265 286 305 305 301 287 13 76 81 75 67 62 58 57 56 64 132 182 186 187 188 191 192 193 194 197 199 202 205 207 209 212 214 217 219 221 224 227 230 231 231 231 231 231 232 233 237 243 230 215 33 41 50 53 56 55 54 53 53 56 62 73 97 144 173 172 166 160 161 165 182 189 194 198 203 207 210
240 240 236 354 12 23 33 47 47 232 184 229 244 254 265 274 260 242 256 312 329 327 24 61 66 78 86 85 81 78 82 118 171 190 193 193 190 190 190 192 193 193 195 197 200 204 207 209 211 214 216 219 221 224 226 230 232 233 233 233 233 233 235 236 239 243 236 231 271 20 44 50 55 56 55 56 58 61 66 80 134 191 199 192 180 152 148 156 178 188 194 200 204 208 211
240 240 220 358 13 20 28 41 41 254 211 241 251 261 280 305 65 56 54 60 64 70 71 73 89 133 145 152 158 169 178 186 191 194 196 196 195 194 193 194 193 193 194 198 201 206 210 211 214 216 219 221 224 226 228 232 234 235 235 235 235 235 237 238 242 243 240 238 244 22 39 47 51 53 55 58 62 69 96 196 219 220 219 214 212 140 130 145 174 187 194 201 206 210 213
239 239 164 4 14 20 27 36 36 254 240 254 261 276 336 29 50 52 78 92 108 126 142 155 162 166 169 173 176 181 185 189 192 194 195 196 197 196 194 194 193 193 195 199 203 209 213 214 217 219 221 224 226 228 232 234 235 236 236 236 236 236 238 240 243 244 241 241 244 269 33 44 46 49 54 63 81 150 208 223 231 230 228 227 234 263 120 136 173 187 196 203 208 213 216
240 240 117 7 12 16 27 36 36 261 283 279 282 316 23 40 46 51 79 112 141 149 155 160 164 168 171 175 178 182 185 189 192 194 196 197 198 198 197 196 195 194 196 201 205 212 216 217 219 221 224 226 229 231 234 236 237 237 237 237 237 238 240 241 244 243 242 242 244 255 341 40 42 46 53 71 135 203 219 227 234 233 232 233 241 280 80 128 173 189 198 205 210 215 218
240 240 127 6 3 10 351 17 4 4 310 308 309 3 32 40 49 83 117 131 147 152 157 161 165 168 172 176 179 183 186 190 193 195 197 198 201 200 200 199 198 197 198 204 208 215 220 220 222 224 226 229 231 234 237 238 239 239 239 239 238 239 241 242 244 244 242 242 243 250 30 39 40 44 57 96 185 209 219 227 232 230 230 231 239 258 118 170 177 192 200 207 213 217 221
239 239 233 353 357 2 351 17 4 342 357 351 356 27 38 50 77 108 126 135 142 153 158 162 166 169 174 178 180 184 187 190 192 195 197 199 203 203 203 203 202 199 200 206 211 218 222 223 225 226 228 231 233 236 239 239 240 240 240 240 240 240 242 243 245 245 243 243 245 251 43 34 35 39 57 103 199 210 219 228 232 231 232 234 241 242 95 178 184 196 203 209 216 220 223
238 238 237 241 269 334 10 37 19 17 19 20 29 38 48 69 94 115 127 134 141 147 158 162 166 170 174 178 181 185 188 191 193 196 199 201 203 206 206 206 205 201 202 208 213 220 225 225 227 228 229 232 235 237 240 241 241 241 241 242 241 241 243 244 246 246 245 245 248 254 242 142 27 25 61 112 204 214 223 231 233 233 234 236 243 239 246 190 195 201 206 212 219 223 226
235 235 235 237 257 297 339 33 38 48 40 39 42 45 47 56 96 117 128 132 138 151 157 162 166 171 175 179 182 186 189 192 194 197 201 203 206 209 209 208 207 204 204 211 216 223 227 228 229 230 231 234 237 239 242 242 242 242 243 243 243 243 245 246 247 247 247 247 250 254 250 243 344 340 295 140 208 217 224 231 233 233 234 236 244 239 237 202 204 207 210 215 222 226 228
233 232 230 230 230 231 231 90 69 60 49 45 45 45 47 56 92 120 129 133 138 151 158 163 166 171 175 179 182 186 190 193 196 199 203 206 208 211 212 211 210 207 207 214 219 226 229 230 231 232 234 237 239 241 242 242 243 243 244 244 244 245 247 248 249 249 248 247 250 251 244 248 251 252 246 221 215 221 226 230 231 231 231 235 240 234 229 214 213 214 215 219 225 228 230
237 237 239 240 233 234 236 235 243 51 42 46 45 46 47 56 92 135 135 144 146 154 159 163 167 171 175 178 181 186 190 195 198 202 205 209 210 214 215 214 214 210 210 217 222 229 231 232 234 234 236 239 241 244 244 244 243 243 245 246 245 247 249 250 251 251 250 250 252 252 249 248 249 249 246 236 224 226 232 230 230 232 232 237 241 236 233 222 221 220 220 222 228 230 231
238 238 242 242 239 238 237 236 244 55 42 42 41 41 59 129 153 145 152 152 154 156 162 165 167 171 175 179 183 188 192 197 201 206 210 212 213 217 220 220 220 218 219 225 230 234 235 236 238 239 239 242 244 247 247 246 245 245 246 247 246 249 251 253 254 254 254 253 255 250 248 246 246 246 245 242 239 237 235 231 230 233 236 240 242 238 235 230 230 229 228 229 232 233 232
242 242 246 246 244 240 238 237 248 63 18 36 34 35 47 59 129 153 157 157 159 162 165 166 168 171 175 179 185 189 193 197 202 206 212 216 217 220 221 222 223 222 224 230 234 237 238 239 240 241 243 245 246 248 247 248 247 248 250 250 250 251 252 253 255 255 254 253 253 249 247 246 244 243 241 240 238 237 236 233 232 236 238 242 242 238 235 232 232 232 230 231 234 234 233
243 243 248 249 248 246 244 249 256 249 349 21 11 22 37 62 123 155 160 162 162 164 166 167 168 171 175 180 186 191 194 198 204 209 215 220 220 223 224 225 226 226 228 233 236 238 240 241 243 244 245 246 248 249 248 248 248 250 252 252 253 253 254 254 256 255 253 252 251 249 246 244 243 242 241 240 239 238 238 235 235 238 240 243 242 239 237 235 235 234 233 233 235 236 235
244 244 250 252 256 258 257 263 260 252 251 249 259 289 36 78 129 154 160 163 164 165 167 168 170 173 177 182 188 193 197 201 207 213 219 224 224 224 225 227 228 228 231 234 237 239 241 243 245 246 247 248 249 250 247 247 248 251 253 254 255 255 256 256 257 255 253 251 250 248 246 244 244 243 242 241 240 239 239 237 238 241 243 245 244 241 239 238 237 237 235 235 237 238 239
244 244 249 249 252 259 259 260 253 249 248 247 256 16 33 97 132 152 159 163 165 167 168 170 172 175 179 185 191 196 200 204 211 216 223 227 226 227 227 228 230 230 233 235 238 239 241 244 246 248 249 250 250 251 248 248 249 252 254 255 256 256 256 256 256 254 252 250 248 246 245 244 243 242 242 241 240 240 240 240 241 244 245 247 245 243 241 241 239 239 238 238 241 242 243
243 243 252 252 255 261 261 260 253 248 245 243 263 46 41 114 131 149 158 163 166 168 170 172 175 180 184 189 196 201 204 209 215 220 226 229 228 228 228 230 230 231 233 235 237 239 242 246 249 250 252 253 253 253 251 249 249 251 252 253 254 255 255 255 255 252 249 248 246 245 244 243 243 242 242 241 241 241 242 242 244 246 248 249 248 245 244 243 241 241 241 242 245 247 249
243 252 252 252 255 255 257 256 253 250 247 247 257 64 61 115 130 140 158 163 167 170 172 176 181 186 190 195 199 204 207 211 218 223 229 231 231 230 231 232 233 234 235 236 238 240 242 246 248 250 253 254 255 255 254 253 253 253 254 254 255 256 255 255 254 251 248 247 246 245 245 245 244 244 244 243 243 244 245 245 248 250 251 252 251 249 248 247 245 245 246 248 251 254 256
243 252 252 253 253 253 253 253 252 251 250 252 259 70 73 112 128 139 149 158 168 171 174 178 184 190 194 199 203 207 210 214 221 226 232 233 233 233 235 236 237 238 238 238 239 240 242 244 246 248 251 253 254 256 257 259 259 258 258 258 258 258 257 256 255 251 249 248 247 247 247 247 247 247 247 247 247 248 249 250 252 254 256 256 255 254 253 252 251 252 253 256 260 263 265
243 243 253 253 253 253 254 253 253 254 253 256 263 71 84 115 131 141 151 159 169 173 175 180 186 192 198 204 207 211 214 218 224 229 234 235 235 236 238 239 240 240 239 240 240 241 242 244 245 247 250 251 252 254 259 260 260 260 259 258 257 257 255 254 253 250 249 248 248 248 249 250 250 250 250 251 252 253 254 255 258 260 261 262 261 260 259 259 259 260 262 266 269 271 274
243 243 246 255 255 255 256 257 258 258 258 263 264 73 89 122 137 144 153 160 170 174 176 180 187 194 201 207 210 214 217 221 227 232 236 237 237 239 241 242 242 242 241 241 241 241 241 242 243 245 246 246 248 257 262 264 265 264 263 261 260 259 258 258 257 255 255 254 254 254 254 255 255 256 256 257 258 260 261 263 266 268 269 269 267 266 266 267 269 270 272 276 279 281 287
243 243 246 246 258 258 262 263 265 266 266 270 272 70 136 135 142 146 152 159 170 175 177 181 188 196 205 212 216 220 223 226 231 235 238 238 239 240 243 244 244 243 243 244 244 243 243 243 244 245 244 243 245 252 255 255 255 255 255 254 254 254 254 254 254 253 253 253 253 254 254 256 257 257 258 260 262 265 267 269 273 276 277 277 275 274 275 276 279 280 282 285 288 293 316
242 244 244 260 260 260 267 269 272 273 273 276 278 282 231 205 157 151 153 158 171 178 181 185 193 202 211 218 222 226 228 231 235 238 240 240 242 243 245 245 245 245 246 247 247 247 247 247 246 246 244 241 241 241 245 245 247 248 248 248 248 248 248 248 248 248 248 248 249 250 251 253 254 255 257 261 266 269 271 273 277 281 282 282 279 277 277 278 284 286 289 292 298 313 16
242 244 244 247 272 272 276 275 275 276 275 283 280 274 254 236 192 156 156 159 166 181 185 190 199 208 217 222 227 230 232 236 239 241 242 242 244 245 247 247 247 246 248 249 249 249 249 248 247 246 241 237 235 235 239 240 242 244 244 245 245 244 244 244 245 245 245 246 247 248 251 253 255 259 265 273 281 279 275 273 275 281 287 289 287 286 286 286 291 294 297 303 313 354 54
242 242 242 272 272 272 276 276 275 275 275 278 276 272 263 254 208 159 160 160 168 186 191 197 206 214 222 227 231 234 236 239 241 243 244 246 247 248 248 248 248 247 249 251 251 251 250 250 247 243 234 229 227 228 231 233 234 236 237 238 239 240 240 241 241 242 243 244 245 246 247 252 260 322 17 14 355 274 259 257 263 275 287 296 298 298 299 300 302 304 308 318 347 35 169
241 240 240 245 283 283 283 278 276 275 258 273 271 271 270 276 147 153 159 170 180 191 197 204 213 220 226 231 235 238 240 241 243 245 245 248 250 250 250 249 248 248 250 252 252 251 252 251 244 233 226 225 226 228 231 233 235 236 236 237 237 238 238 239 239 239 239 240 241 243 243 79 76 78 83 93 210 226 234 241 249 263 291 314 321 320 320 319 318 320 327 355 31 149 170
240 235 235 292 290 290 288 282 278 276 257 272 268 268 298 22 135 147 152 173 185 196 203 210 218 225 230 235 238 241 243 243 244 245 246 249 251 252 251 249 248 247 250 252 252 252 253 247 234 228 227 229 231 234 236 237 238 238 238 238 237 237 238 237 237 237 236 236 238 243 248 260 240 227 225 224 223 227 230 235 241 252 312 344 347 343 343 342 340 344 1 31 108 158 167
240 240 236 292 312 312 296 286 282 279 256 273 267 265 68 103 128 141 151 178 191 202 209 216 224 230 235 239 242 244 245 245 246 247 248 250 252 253 251 249 248 247 250 253 254 253 243 233 230 230 230 233 235 237 239 239 240 239 239 238 238 237 237 236 235 234 233 232 234 239 241 242 237 233 230 228 225 227 227 229 229 82 43 30 14 7 4 1 0 10 27 63 138 156 165
239 232 234 4 324 324 301 289 286 283 279 277 272 80 68 103 121 136 152 184 197 208 214 221 229 234 239 243 245 246 247 247 248 249 249 251 253 253 251 249 247 246 251 257 251 238 233 233 234 234 235 238 240 241 242 242 242 241 240 239 237 235 234 232 230 227 224 221 220 220 219 223 225 226 226 226 225 226 223 221 188 87 71 58 43 33 25 18 15 24 38 87 138 155 164
239 227 209 32 342 342 304 289 289 286 283 281 277 82 78 105 132 169 178 193 213 214 220 227 234 239 243 246 248 251 252 250 254 255 252 253 253 253 251 249 248 248 251 245 239 237 236 237 238 239 240 242 244 245 246 251 250 250 243 241 239 236 234 231 229 225 220 215 216 217 217 222 224 224 225 225 226 225 222 218 146 82 73 67 61 54 43 32 22 28 43 94 138 157 166
240 240 45 42 4 4 302 283 287 287 285 257 282 43 168 159 178 193 196 215 222 228 233 239 246 244 247 250 250 253 254 256 257 257 257 256 255 253 251 244 240 244 243 243 243 243 243 244 246 247 249 251 253 254 255 255 255 253 252 249 246 243 240 237 231 221 215 216 217 218 218 222 224 223 225 225 228 227 226 227 111 82 77 75 73 69 60 45 24 28 47 95 140 162 167
240 241 7 40 251 251 247 260 270 276 257 258 279 275 252 247 247 218 225 225 230 235 239 246 252 255 256 255 254 255 255 258 259 259 259 258 258 253 240 237 238 240 243 244 245 246 247 249 251 252 254 256 258 259 260 260 259 258 255 252 249 245 241 235 224 215 212 211 213 215 217 220 221 221 221 225 228 228 220 229 286 64 74 78 147 77 69 49 12 7 11 202 156 180 172
240 239 247 17 259 259 249 259 266 271 257 257 268 263 254 252 250 242 232 232 235 238 241 252 259 262 262 259 257 257 258 260 262 262 263 264 265 240 237 238 240 242 244 245 246 247 249 252 253 255 258 260 261 263 265 265 264 262 259 254 249 245 238 224 214 210 210 211 213 215 217 220 220 221 221 224 226 224 224 225 226 224 223 222 212 209 203 214 358 353 359 261 159 186 175
240 240 248 359 270 270 254 260 266 255 256 256 267 261 255 253 250 242 236 238 237 239 242 255 265 268 269 265 262 261 260 262 265 268 278 261 243 238 239 241 242 244 245 246 247 248 251 253 255 257 260 262 265 268 271 271 269 266 261 254 247 239 222 210 208 208 209 212 214 217 219 222 224 225 226 229 231 228 227 228 229 226 225 227 217 220 219 224 245 341 351 216 174 190 179
239 239 250 360 299 299 265 263 267 255 255 271 265 260 254 251 248 239 237 240 239 239 241 257 270 275 277 272 268 266 265 277 306 272 246 240 240 241 242 244 245 247 247 248 249 251 253 256 259 262 265 269 273 277 283 281 278 273 265 256 246 219 206 204 205 207 210 213 216 218 220 222 225 226 227 231 232 229 228 228 229 224 222 222 217 221 221 225 238 333 351 141 194 194 183
241 241 264 11 11 322 275 265 266 254 254 267 262 258 254 252 248 239 236 241 238 237 236 261 289 293 294 289 290 340 12 292 255 248 246 245 245 247 248 249 250 251 252 253 254 255 258 262 266 271 276 281 287 294 302 298 295 290 279 271 209 198 199 201 205 208 212 215 217 219 222 223 225 227 228 231 232 229 228 228 228 221 218 215 213 218 220 225 231 211 226 211 204 199 188
