data/real/Dogrib_v624/conserv_mass_moment/windninja_240_30_100m_ang.asc
NCOLS 357 
NROWS 223 
XLLCORNER 457900 
YLLCORNER 5716800 
CELLSIZE 100 
NODATA_value -3.4e+38 
[rows 126 to 167 of 223, columns 190 to 284 of 357]
228 229 230 232 233 233 232 232 233 233 234 234 234 235 237 238 239 238 239 244 246 248 246 245 246 247 248 249 250 250 251 251 251 249 244 242 239 239 240 240 239 241 243 244 245 243 240 239 241 240 228 220 217 220 221 221 222 223 225 230 230 228 227 225 225 228 229 229 234 235 237 237 237 238 239 240 236 233 231 229 222 212 188 2 9 30 37 52 90 150 179 189 200 208 213
227 228 229 233 234 234 234 235 237 238 238 238 239 239 241 240 240 240 244 248 250 251 249 249 249 250 250 250 251 251 252 254 254 251 247 244 242 241 242 242 241 244 248 249 251 246 242 238 237 232 228 222 219 222 224 225 227 228 230 234 232 230 228 225 225 228 229 230 232 235 236 236 236 236 238 239 235 233 232 229 222 210 177 65 58 59 67 86 121 147 168 179 192 200 208
227 228 230 234 234 235 236 237 239 240 240 240 240 241 242 241 241 243 247 250 252 252 251 251 251 252 252 252 252 252 254 255 256 253 249 246 243 242 243 243 242 246 249 249 250 243 236 232 234 231 228 223 220 223 225 227 229 230 231 234 232 231 230 227 226 229 230 231 234 235 235 235 235 236 238 240 235 234 233 230 227 220 189 99 68 71 83 103 128 146 163 173 186 192 202
226 227 229 232 231 233 235 238 241 242 243 243 244 244 245 244 243 244 248 250 252 254 254 255 255 255 254 254 254 254 255 256 257 254 250 247 244 243 244 244 243 246 249 249 246 235 230 228 231 228 226 223 221 224 226 229 231 232 234 236 236 235 234 231 230 232 233 234 235 235 235 234 235 235 238 239 234 233 233 232 232 231 232 81 69 77 92 113 134 148 162 172 183 187 198
227 228 232 234 233 234 236 239 241 242 243 244 245 246 246 245 245 246 248 250 252 253 255 257 257 257 256 256 256 256 256 257 257 254 251 248 244 244 245 244 244 246 247 243 235 229 228 228 231 229 228 225 223 226 228 230 232 232 234 235 235 235 234 232 232 233 233 234 234 234 234 234 235 235 239 239 235 234 234 234 235 237 243 33 60 79 101 123 143 155 168 176 185 188 196
232 234 237 236 235 235 236 240 240 241 241 242 244 244 245 245 246 247 248 249 250 251 254 257 258 258 258 258 258 258 258 258 257 254 250 247 244 244 245 243 243 246 242 235 231 229 229 230 233 231 230 227 226 229 230 231 231 231 231 231 231 232 231 230 231 232 233 235 234 234 234 234 235 237 240 240 236 235 235 235 237 239 246 340 34 75 111 136 155 166 176 182 189 190 197
236 237 239 237 236 236 238 241 240 241 241 242 243 244 245 245 247 248 248 249 250 251 254 257 258 259 259 259 260 260 260 260 259 255 250 246 241 241 241 239 239 242 237 233 230 229 230 232 234 232 231 229 229 231 232 233 232 231 231 231 231 231 231 230 231 232 232 234 233 233 233 233 235 236 239 239 236 235 235 236 237 238 244 266 356 56 130 148 169 178 185 189 194 194 200
241 241 242 239 238 237 238 239 238 238 239 240 243 244 245 246 248 249 250 250 251 252 255 257 259 261 262 262 263 263 264 264 262 255 249 244 236 232 233 231 234 235 231 230 230 230 232 235 237 238 237 236 236 237 237 236 234 234 233 231 230 229 229 228 228 228 229 230 229 229 229 229 230 232 236 236 235 234 235 236 236 237 241 259 341 21 179 166 182 188 193 196 200 199 205
245 246 245 243 241 240 242 241 239 239 240 241 242 244 244 246 248 249 250 250 251 252 254 256 258 260 262 264 265 266 268 268 266 256 248 240 230 226 230 230 234 233 230 229 229 230 232 234 236 237 237 236 237 238 238 236 235 234 233 231 230 229 228 228 229 229 229 231 230 229 229 230 231 233 235 235 234 234 235 237 235 235 239 252 325 337 216 173 185 191 198 202 206 205 210
249 250 250 249 248 248 248 246 243 242 242 242 243 243 243 244 246 247 249 249 250 252 253 255 256 258 260 263 264 266 271 272 270 248 236 232 229 230 234 233 234 232 229 228 228 228 229 231 232 233 234 234 235 235 234 233 232 233 233 232 232 232 232 232 233 233 233 235 234 234 233 233 234 235 237 236 235 235 236 238 236 234 237 303 330 344 116 172 187 193 201 206 210 210 214
256 256 255 255 254 253 252 249 246 245 244 244 244 244 244 245 246 247 249 250 250 251 251 253 254 255 261 268 278 332 337 330 242 230 231 232 233 236 237 234 232 230 229 228 228 227 229 230 231 233 232 233 234 234 234 233 232 233 233 232 232 233 233 234 235 235 235 237 235 235 234 233 235 236 237 236 235 235 237 240 236 234 236 240 338 359 23 185 193 195 204 210 214 215 218
262 262 262 261 260 259 258 254 251 249 247 246 245 244 244 244 245 246 247 247 247 246 247 249 250 250 330 59 69 156 215 225 230 230 233 236 238 242 241 236 234 232 232 232 230 230 231 231 231 231 230 230 232 231 231 231 231 232 232 232 232 233 233 234 235 235 236 238 236 236 234 234 236 237 237 236 236 236 238 240 236 232 234 210 5 6 228 201 201 200 207 213 217 218 222
270 269 269 268 267 265 264 260 258 255 253 252 250 249 249 249 250 251 250 247 245 242 242 244 243 241 249 243 238 237 234 232 232 230 233 237 239 241 238 234 233 232 232 232 231 231 231 230 231 230 229 230 232 231 231 230 231 232 233 233 233 234 234 235 236 236 237 238 237 236 235 234 236 237 237 237 238 238 241 243 239 236 237 238 239 245 224 214 211 208 211 216 219 221 225
269 270 271 271 270 269 267 266 264 263 262 261 260 260 259 259 259 257 253 248 244 241 240 240 239 240 247 245 242 239 234 232 230 229 233 237 237 235 233 230 229 228 229 229 229 230 231 231 231 231 231 232 233 232 232 232 233 234 234 235 235 236 236 237 237 237 238 239 237 236 234 234 236 237 238 239 240 241 245 246 242 239 240 241 241 237 224 219 217 214 216 220 222 224 228
272 275 277 277 276 275 274 273 272 270 269 268 267 266 265 264 263 257 251 245 239 234 233 233 233 236 243 241 239 237 232 231 229 230 234 236 234 232 230 229 228 227 228 229 229 230 230 230 231 230 231 232 233 232 232 232 233 234 235 235 236 237 237 238 238 238 239 240 238 237 234 234 237 238 239 240 242 243 246 247 243 241 241 242 239 233 224 222 220 219 220 223 225 227 230
272 276 279 281 281 280 280 279 278 277 276 274 273 272 270 267 264 256 248 236 227 224 224 224 225 228 232 231 232 233 232 231 230 230 233 232 230 228 228 227 227 227 228 228 228 229 229 229 229 229 229 231 231 229 230 230 232 233 234 236 237 238 238 239 239 239 239 240 238 237 235 235 238 239 240 242 243 245 248 248 245 243 243 242 239 232 225 223 222 222 223 225 226 228 231
275 281 286 289 288 287 286 286 284 283 281 279 277 275 271 267 263 248 232 224 222 222 223 224 226 230 232 232 233 232 232 232 230 230 231 228 227 227 227 227 227 227 228 228 229 230 229 229 229 228 229 231 231 230 231 231 233 234 235 236 238 239 239 239 239 240 240 241 239 238 235 236 239 240 242 243 244 246 249 249 246 243 243 242 239 232 226 225 224 224 226 227 228 229 232
274 282 289 294 294 293 292 291 289 287 285 282 278 274 269 264 256 229 227 227 227 228 229 231 232 235 234 233 233 232 233 232 230 227 227 226 226 227 227 228 228 229 230 231 232 232 231 231 230 230 232 233 233 232 233 233 234 235 236 237 240 240 240 240 240 241 242 242 240 239 236 239 240 241 243 244 245 246 249 249 246 244 244 242 239 234 229 228 228 228 228 229 231 231 233
284 293 300 303 302 300 307 305 300 295 291 288 284 254 233 229 229 230 230 231 231 232 233 235 236 237 236 233 233 233 234 232 229 224 225 225 226 227 228 229 229 231 232 232 233 233 232 231 231 231 234 235 235 236 237 235 235 236 237 238 241 240 240 241 243 245 245 242 243 240 238 241 244 245 245 245 246 247 249 249 246 244 244 242 239 235 232 231 231 231 231 231 232 229 230
340 358 357 349 338 331 326 325 324 333 337 247 231 230 230 229 230 232 232 233 234 235 236 237 238 238 238 237 235 236 235 233 223 221 224 226 227 229 231 232 233 234 234 235 235 234 232 231 231 230 234 235 236 237 237 238 239 239 239 240 240 239 240 241 243 244 245 245 244 243 242 243 246 247 247 247 247 248 250 250 247 245 244 240 238 236 234 234 233 232 232 232 231 227 227
57 49 41 34 29 30 35 44 55 191 223 228 230 230 230 230 231 232 233 234 235 235 236 237 238 239 239 239 238 239 237 233 220 218 218 225 227 229 231 232 233 236 235 235 235 234 233 232 230 230 233 234 235 236 237 238 240 240 240 242 240 239 239 240 242 243 244 244 243 243 242 244 247 249 249 249 249 250 252 251 248 246 245 244 240 237 236 235 234 233 231 231 230 226 226
68 63 59 57 58 62 69 106 207 223 228 230 231 232 232 232 233 234 235 236 237 237 238 239 240 241 241 240 240 240 237 230 217 217 217 223 225 227 228 229 232 235 235 234 234 233 232 232 230 229 232 234 235 236 237 239 241 241 241 241 239 239 239 240 242 242 244 244 243 244 244 246 250 251 252 251 251 251 253 252 249 246 246 244 240 238 236 236 235 233 231 230 230 227 227
68 65 64 65 67 76 140 213 223 228 230 232 233 234 235 235 237 238 238 239 239 240 241 242 242 243 243 243 242 242 234 225 221 216 215 220 223 224 224 225 229 233 232 232 232 232 232 232 230 230 232 233 235 235 236 238 240 240 241 241 241 240 239 239 240 239 242 243 243 244 245 248 252 253 254 254 254 253 254 251 248 246 246 242 240 238 236 236 235 232 230 231 232 230 231
62 63 64 69 79 163 216 223 227 229 231 233 234 235 236 237 238 239 240 241 241 242 242 243 244 245 245 244 244 239 229 222 219 215 218 220 223 224 225 227 231 234 233 232 232 232 233 233 231 230 233 235 236 236 237 239 240 240 241 241 242 241 240 241 239 239 242 244 243 244 245 249 253 256 257 258 257 256 256 252 248 246 246 242 240 237 236 235 234 231 230 232 233 232 233
51 56 60 68 173 220 224 226 228 230 231 233 233 234 235 237 238 239 240 241 242 242 243 245 245 246 246 246 242 231 224 222 221 218 218 225 228 229 230 231 235 237 235 234 233 233 233 233 231 231 234 237 238 238 239 241 241 240 240 241 243 243 243 243 240 240 241 244 243 244 245 249 254 256 258 260 260 260 259 254 250 248 247 242 239 236 232 232 231 230 230 232 233 233 235
33 46 56 211 225 226 227 227 229 230 232 233 233 234 235 237 239 239 240 241 242 243 244 246 247 248 249 246 234 226 223 223 222 220 220 227 230 231 232 233 237 238 235 234 234 234 234 234 232 233 236 239 239 240 240 242 241 240 241 241 244 243 243 242 240 240 241 245 244 244 246 249 254 257 259 262 262 262 260 255 251 249 247 241 237 233 229 230 231 230 231 233 234 235 237
8 12 335 228 228 228 229 229 231 231 232 232 233 234 235 236 238 239 240 242 243 244 247 249 250 253 252 236 227 225 224 224 224 223 227 230 232 233 234 235 238 238 235 234 233 233 234 234 234 235 238 240 241 241 242 242 242 241 240 241 242 241 241 241 240 241 242 245 243 244 247 251 255 258 260 262 263 263 262 257 253 250 249 240 236 232 229 231 233 233 233 235 236 237 238
341 271 236 228 228 229 230 231 232 232 233 233 233 234 236 237 238 239 240 241 242 244 247 251 255 260 236 227 225 225 225 225 226 225 229 231 233 234 235 236 239 238 236 235 234 234 234 235 235 237 240 242 242 243 244 244 244 243 242 243 243 242 241 240 240 242 243 245 243 244 245 250 255 258 260 262 263 263 262 258 255 251 248 237 234 231 229 231 233 233 234 235 236 237 239
247 238 231 228 229 230 231 232 233 233 234 234 235 236 237 237 238 239 239 240 241 243 248 253 259 240 227 226 225 225 225 226 226 226 230 231 233 235 236 237 239 239 237 236 235 234 235 236 236 238 242 243 244 245 246 247 247 247 247 247 245 243 242 241 241 244 244 245 243 243 244 248 251 254 257 260 261 261 259 256 251 246 243 235 232 229 227 230 231 232 234 235 236 237 238
239 235 231 228 230 231 232 233 233 234 234 235 236 237 238 238 239 239 240 241 242 246 254 258 246 232 226 226 226 225 226 227 227 227 231 232 234 236 237 238 240 239 237 236 235 235 236 237 238 240 243 244 246 247 248 249 249 249 249 249 246 244 243 242 243 245 245 245 243 243 243 247 249 251 254 259 261 259 256 250 245 241 239 234 232 228 227 229 231 232 234 235 236 237 238
239 236 232 230 231 231 232 232 232 233 233 234 235 237 238 238 238 239 240 241 243 246 249 242 235 229 225 226 226 226 226 228 229 229 232 234 235 237 237 238 240 240 238 238 237 236 238 239 240 243 245 247 249 251 251 252 252 252 251 251 248 246 245 244 244 245 246 244 242 241 242 244 244 247 252 256 257 254 250 246 243 240 239 234 232 227 226 229 231 233 235 235 236 236 236
238 236 233 232 232 232 233 234 234 234 235 236 237 238 239 239 240 241 242 244 245 246 242 236 232 228 226 227 227 226 227 228 229 230 233 235 236 238 238 239 240 239 238 237 236 236 238 239 240 243 245 247 250 252 253 254 253 253 253 252 251 249 248 247 247 248 248 247 243 242 243 244 243 245 248 247 247 246 245 243 242 240 238 235 230 226 225 228 230 233 236 236 236 237 236
237 236 234 233 235 235 236 236 237 237 238 238 239 240 241 241 242 244 246 247 245 241 237 233 231 228 226 227 228 227 227 229 230 231 234 235 237 238 238 239 239 238 237 236 235 235 236 238 239 242 243 245 248 250 251 252 252 252 253 253 253 253 252 251 252 252 251 250 246 245 245 245 243 244 244 244 244 243 242 241 239 237 235 231 228 224 224 228 230 234 238 237 237 238 237
237 236 235 235 236 237 238 238 238 239 240 240 242 242 243 243 243 246 248 244 239 236 234 232 230 228 227 228 228 228 228 230 231 232 235 236 238 238 238 239 239 238 237 236 235 234 236 237 239 242 243 245 247 248 249 250 251 252 253 255 256 256 256 256 256 255 253 251 245 243 243 243 242 242 242 242 242 241 241 240 237 235 231 227 226 223 224 228 231 235 239 237 237 238 237
235 235 235 235 237 238 240 240 241 242 242 243 245 245 245 245 245 245 242 237 235 235 234 233 231 229 228 229 230 228 229 230 232 234 235 236 238 238 239 239 239 239 238 237 234 234 235 235 238 239 239 242 245 245 246 248 250 252 254 256 258 259 259 260 261 258 254 251 242 241 242 242 241 240 239 239 239 238 237 236 233 230 225 222 224 223 225 228 230 234 236 234 235 237 238
235 235 235 236 238 239 240 241 242 243 244 245 247 248 247 247 248 239 235 233 233 234 234 232 231 230 229 230 231 229 229 231 233 235 236 237 238 239 239 240 240 240 239 238 236 235 236 237 239 239 239 241 244 243 244 245 247 249 251 251 260 264 266 277 275 258 246 241 238 239 241 242 241 240 240 239 238 237 237 235 231 228 220 219 223 225 227 229 231 235 235 234 235 236 239
236 236 236 236 238 239 240 241 242 243 244 246 249 250 251 252 245 233 232 231 232 233 234 232 231 230 230 231 231 230 231 233 234 237 237 238 239 239 239 239 240 241 241 240 238 238 240 242 243 242 240 242 244 242 242 243 244 246 246 245 243 242 242 4 246 232 233 236 237 239 242 243 242 242 241 241 240 239 238 236 231 227 218 217 223 225 231 233 235 238 236 235 235 236 239
237 237 237 237 238 239 240 242 242 243 244 247 251 253 256 246 232 230 230 230 231 233 234 233 232 231 231 232 232 231 232 234 235 238 238 239 239 239 239 240 241 242 242 241 240 240 243 244 244 242 241 243 245 242 242 243 245 246 246 246 247 251 350 64 225 226 230 233 238 240 243 244 243 242 242 241 240 239 238 235 229 226 216 216 223 226 234 234 235 236 234 234 235 237 241
240 239 237 237 239 240 241 242 242 242 244 248 254 263 254 232 229 230 230 231 230 232 233 232 231 231 231 232 233 232 233 235 237 239 239 239 240 240 240 241 242 243 243 242 242 244 246 247 247 244 242 243 243 240 240 242 245 246 245 246 248 253 259 139 223 227 231 234 239 241 244 246 245 244 243 243 241 240 238 235 230 227 216 217 223 230 233 232 234 233 234 235 236 238 241
241 241 241 241 243 244 245 245 243 244 249 262 248 235 231 230 230 231 231 232 233 236 236 234 234 234 234 235 235 235 236 238 239 240 240 241 241 241 242 243 244 245 244 243 243 244 247 248 248 248 248 248 245 242 241 242 246 245 244 250 246 244 240 232 231 232 234 234 238 240 244 246 244 243 243 242 241 239 237 234 231 228 221 220 229 233 233 232 233 232 234 237 238 242 243
242 242 242 243 246 246 248 247 246 248 260 241 234 231 230 231 231 232 232 234 235 237 237 236 235 235 235 236 236 236 237 239 240 241 241 242 242 242 243 244 245 246 244 244 243 245 248 249 249 250 250 248 244 242 241 243 249 247 246 251 242 240 239 235 233 234 235 235 238 240 243 246 244 243 243 243 241 239 237 234 232 230 224 223 229 232 232 232 233 233 235 238 239 242 243
244 244 244 246 249 250 251 250 248 250 239 230 229 230 230 231 233 233 234 236 237 238 238 237 237 237 238 238 238 238 239 241 242 242 242 243 242 243 243 244 245 245 243 243 243 245 248 250 251 252 252 250 245 243 241 243 246 242 242 245 240 239 238 235 234 234 235 235 238 240 242 243 241 241 241 242 241 239 237 235 233 231 226 225 231 232 233 234 235 235 236 237 239 242 242
