data/real/Dogrib_v624/conserv_mass_moment/windninja_240_30_100m_ang.asc
NCOLS 357 
NROWS 223 
XLLCORNER 457900 
YLLCORNER 5716800 
CELLSIZE 100 
NODATA_value -3.4e+38 
[rows 168 to 209 of 223, columns 95 to 189 of 357]
214 217 220 221 223 227 230 235 238 239 245 249 255 266 285 304 311 315 322 322 318 315 314 311 307 304 303 302 296 294 291 289 289 290 291 290 288 285 282 278 266 278 277 275 271 267 264 255 260 261 81 66 98 119 135 143 150 157 167 180 192 218 228 236 242 247 249 251 251 251 247 242 240 238 237 237 236 234 232 231 231 232 231 231 234 236 238 240 241 242 244 244 243 243 245
214 217 219 221 224 227 230 234 236 237 241 244 248 258 285 304 311 321 329 331 327 324 322 320 316 313 311 309 303 301 299 298 297 298 298 296 295 292 287 275 274 282 280 279 277 274 271 268 263 267 76 70 104 128 142 148 153 162 173 187 201 225 234 240 246 250 253 256 249 239 235 235 236 235 235 235 235 233 232 231 232 232 232 233 236 238 240 242 243 244 246 245 244 244 245
214 216 219 221 224 227 230 233 235 235 238 240 243 250 262 298 314 323 335 338 333 331 329 327 323 320 318 315 309 308 306 304 303 304 305 302 300 298 293 282 289 287 285 285 284 283 280 277 274 272 72 76 110 135 149 155 160 169 181 196 209 231 239 244 250 256 256 242 232 231 231 232 233 233 234 234 234 233 232 232 233 234 233 235 238 240 242 244 245 246 247 246 246 246 246
213 215 218 220 223 226 229 232 234 234 235 235 235 238 244 263 312 327 339 342 337 335 334 332 328 325 323 316 313 311 309 307 306 307 308 306 305 303 300 298 296 294 291 290 292 293 290 287 283 279 76 87 116 143 157 164 169 177 191 205 217 235 242 249 255 245 235 230 229 229 230 231 232 232 232 233 233 233 232 232 234 235 234 236 239 241 244 246 247 248 249 248 248 247 245
212 216 218 220 223 227 230 232 233 233 235 234 234 235 239 247 316 339 345 345 339 337 337 336 333 331 328 322 319 316 314 312 311 312 312 310 309 307 305 304 302 300 297 296 298 301 298 296 292 287 78 103 124 154 169 179 184 191 204 215 225 239 243 241 237 232 230 229 228 229 230 231 232 232 232 233 234 234 233 234 235 236 237 239 241 244 246 248 249 250 250 250 249 249 246
213 217 220 222 224 227 230 232 234 234 236 235 235 234 237 244 97 349 348 346 341 339 340 339 337 335 334 328 325 323 320 318 317 317 317 314 313 311 309 308 306 304 301 300 300 302 303 301 298 286 70 122 142 173 188 199 203 209 218 226 232 238 233 231 231 230 230 229 229 230 230 232 233 234 234 235 236 236 235 236 238 239 240 242 244 246 249 250 251 251 251 251 251 250 247
214 218 221 222 224 228 230 232 234 234 234 233 233 232 235 241 190 355 346 345 342 341 341 341 339 338 337 333 330 327 325 322 321 320 319 317 315 314 312 310 309 307 305 304 304 306 306 305 301 297 341 143 185 204 213 220 222 225 230 234 235 229 228 229 230 230 230 230 230 231 232 233 235 235 236 237 238 238 238 239 241 242 243 245 247 249 251 252 252 252 252 251 252 251 246
215 219 221 223 224 227 229 231 232 231 232 232 232 231 233 235 212 175 342 342 341 340 341 340 338 338 339 336 333 331 328 325 323 321 320 317 315 314 312 310 309 308 307 306 307 310 309 307 304 298 305 288 237 230 233 236 235 236 238 238 233 228 228 230 231 231 231 231 231 233 234 236 237 239 240 241 242 242 241 242 244 245 246 247 249 251 253 253 252 251 251 252 253 253 250
216 220 223 224 225 228 230 231 231 230 231 231 231 230 233 233 221 203 351 343 343 343 342 339 336 339 340 339 337 334 331 328 326 324 322 320 317 316 314 312 311 310 310 309 309 310 309 308 305 299 299 289 268 252 246 243 240 239 238 233 230 229 229 231 231 231 232 232 233 235 236 238 239 240 241 242 243 244 244 245 247 248 249 250 252 253 253 252 251 250 250 251 250 245 242
219 223 225 226 228 231 232 232 231 230 230 231 231 231 233 230 222 215 207 340 341 341 340 337 337 340 342 341 340 338 335 332 330 328 326 324 322 321 319 317 316 315 314 312 311 310 308 306 303 297 294 287 274 262 253 247 241 235 232 230 229 230 231 232 232 232 233 234 234 236 237 238 239 240 241 242 244 246 246 248 250 252 253 253 254 254 254 251 250 248 247 244 240 238 238
221 225 227 228 229 231 231 230 229 229 230 232 231 230 232 228 223 219 209 349 340 336 331 335 337 342 343 342 342 340 338 335 332 330 328 326 324 322 321 319 317 316 315 313 311 309 306 304 300 293 289 281 268 257 247 239 233 232 231 231 231 232 233 233 234 235 235 236 237 238 239 240 241 242 243 244 246 248 249 251 253 254 255 255 255 255 254 251 248 242 238 236 235 234 237
224 227 229 229 229 230 230 228 227 227 230 231 229 228 229 226 221 212 201 122 116 188 299 316 334 343 344 343 343 341 339 336 333 331 329 327 325 323 321 319 317 315 313 311 307 305 301 297 293 284 277 269 258 248 239 233 232 232 233 233 233 235 236 237 237 238 239 239 240 241 242 243 243 244 245 246 247 249 251 253 255 256 255 256 256 256 254 248 236 229 229 229 228 229 233
226 229 230 229 229 229 228 226 226 228 232 232 230 228 227 221 216 209 206 197 147 188 196 273 316 351 349 346 344 342 340 337 334 332 330 327 325 323 321 319 316 314 312 309 304 301 296 290 284 275 268 261 250 240 235 233 234 235 235 236 236 238 239 240 241 242 243 243 244 245 246 246 247 248 249 250 250 252 253 255 255 255 254 257 258 258 248 231 226 226 227 228 227 229 231
228 230 230 228 228 228 228 226 227 230 234 234 230 227 223 216 213 209 208 209 136 148 159 253 355 359 354 349 346 344 342 339 336 334 332 329 326 324 322 319 316 314 311 308 303 300 294 288 280 270 257 244 238 235 234 235 236 237 238 239 240 241 242 243 244 246 247 247 248 249 250 251 253 254 255 256 255 255 255 255 255 254 253 258 263 243 230 227 227 228 230 230 231 232 234
230 230 230 228 227 228 228 228 229 232 236 234 227 222 216 211 210 207 208 209 140 148 145 77 28 28 9 354 349 346 343 340 337 335 332 329 327 324 321 318 314 310 307 303 295 290 279 266 254 246 241 239 238 237 238 238 240 241 242 243 244 245 246 247 248 250 250 251 252 253 255 256 257 259 259 260 259 257 256 255 254 253 255 255 235 229 228 228 229 230 231 231 232 233 235
231 231 230 228 227 229 230 230 231 234 234 229 220 214 210 208 207 206 208 215 171 140 135 130 90 55 29 1 354 349 345 340 337 334 332 329 327 324 321 316 308 296 286 277 253 243 243 243 244 244 243 242 242 241 242 243 245 246 247 247 248 250 250 251 252 254 255 256 257 258 259 260 262 263 263 263 262 260 256 254 252 254 246 233 231 230 230 231 232 233 234 234 235 236 236
231 231 230 228 229 233 234 233 234 235 227 213 209 207 206 206 208 209 215 219 191 120 115 112 105 79 33 16 6 357 349 341 337 335 16 333 339 359 38 5 245 250 262 263 260 252 250 250 250 250 249 249 248 247 248 249 250 251 252 252 253 254 255 255 256 257 258 259 261 262 263 264 265 265 265 264 263 260 255 245 250 241 234 232 232 232 232 234 235 236 237 239 240 242 243
232 232 232 232 233 235 235 234 233 227 214 207 205 205 206 207 209 211 217 220 202 96 106 105 105 94 79 82 75 66 68 75 81 75 73 90 197 92 207 227 235 244 255 264 265 270 269 268 266 265 264 263 263 262 262 262 262 263 263 263 263 264 264 264 265 265 266 267 269 269 269 269 267 266 264 262 260 258 239 233 232 232 232 233 233 234 235 236 237 239 240 242 243 245 246
233 234 235 235 237 237 237 234 226 213 206 203 202 203 205 207 210 213 218 221 204 172 150 127 102 99 97 87 77 80 91 99 107 120 164 210 219 219 220 227 234 241 254 267 276 279 278 276 274 272 271 271 271 271 270 270 270 269 268 268 269 269 269 270 270 270 271 272 272 272 271 269 267 264 262 261 257 236 233 233 233 233 233 234 235 236 237 239 241 242 244 245 247 249 250
236 237 238 239 240 239 238 228 210 205 202 199 199 201 205 209 212 215 221 224 205 189 171 146 127 103 82 66 63 68 75 84 115 161 212 220 221 218 220 227 233 241 255 265 280 288 288 286 284 281 279 278 278 279 279 278 278 275 274 274 274 274 275 275 275 275 275 274 273 271 269 266 263 261 256 244 236 233 233 233 233 234 235 236 237 238 239 241 242 244 245 246 248 249 251
239 241 243 243 242 241 236 210 202 200 199 199 200 203 207 211 215 218 224 229 199 170 129 98 81 72 63 58 58 60 59 47 3 250 222 221 221 218 220 228 234 241 248 261 286 299 300 298 296 293 289 287 286 287 287 286 285 283 281 280 280 280 280 280 279 278 277 275 272 269 266 264 259 245 236 233 232 232 232 233 234 235 236 237 238 239 240 241 243 244 245 246 247 248 249
245 247 248 247 245 241 217 201 198 197 196 199 201 205 209 213 217 221 227 233 197 172 128 94 75 68 62 59 58 53 49 43 181 216 217 219 220 218 221 229 235 241 240 255 307 318 314 311 309 306 301 298 295 294 294 293 293 291 289 288 286 285 285 283 282 279 276 272 267 264 258 243 234 231 231 231 231 232 233 234 235 237 238 239 240 241 241 243 244 244 245 246 247 248 249
251 253 253 251 248 217 201 196 194 193 194 200 203 207 211 214 219 222 230 236 210 186 115 82 71 67 65 63 62 63 74 157 211 216 218 220 222 220 223 232 236 242 245 70 344 337 330 324 322 320 314 309 305 302 301 300 299 299 297 296 295 292 289 286 283 278 273 269 258 240 232 230 229 230 230 231 232 234 235 237 238 239 240 241 242 243 244 244 245 246 247 247 248 249 249
259 260 259 257 218 198 195 192 191 191 192 202 206 211 213 216 221 225 235 239 227 212 151 71 66 66 69 75 87 121 183 208 216 218 219 221 223 221 225 234 238 243 245 210 17 360 348 339 335 332 326 320 314 310 307 306 306 306 305 303 301 295 291 286 280 275 261 237 229 227 227 227 228 229 230 231 232 235 236 238 239 240 241 242 243 243 244 245 245 246 246 247 248 248 249
268 270 272 321 196 195 193 191 190 191 199 204 209 213 216 220 225 229 238 241 233 226 226 56 60 63 83 105 152 189 208 214 218 217 219 221 223 222 226 235 238 242 239 236 141 14 1 353 346 343 336 329 323 317 314 313 312 313 311 309 305 296 289 281 267 233 223 223 223 224 225 226 227 229 231 232 233 235 237 238 239 240 241 242 242 243 243 243 244 244 245 245 246 246 247
278 288 21 190 193 192 191 190 191 193 202 207 212 216 219 223 228 232 240 241 236 232 236 301 40 57 115 155 197 209 215 217 219 218 219 222 224 223 227 234 234 238 238 235 232 24 12 4 355 351 344 336 330 324 321 319 318 317 316 313 310 304 302 234 219 218 219 221 222 224 225 227 229 230 232 233 235 236 238 239 239 240 241 242 242 242 242 243 243 243 244 244 245 245 246
306 19 181 190 190 190 190 191 193 196 205 209 215 219 223 227 231 235 242 243 238 235 238 258 355 27 196 200 211 216 219 220 221 220 221 224 225 223 225 229 229 234 237 234 231 44 24 12 2 357 350 342 335 331 328 326 325 325 324 326 339 191 208 212 214 216 218 220 222 225 227 229 230 232 234 235 236 237 238 239 239 239 240 240 240 241 241 241 241 242 242 242 243 243 245
22 155 186 187 187 188 190 193 196 201 208 212 217 221 225 229 232 236 242 244 239 236 240 249 268 271 224 219 220 220 221 222 222 221 222 225 227 222 219 224 225 231 236 234 207 68 37 21 8 2 354 346 339 336 334 334 338 351 19 48 102 200 206 210 213 216 219 222 224 227 229 231 232 234 235 236 237 238 239 240 240 240 240 240 240 240 241 241 241 241 242 242 243 243 244
115 181 185 186 187 189 192 195 199 204 210 213 219 222 226 229 233 236 242 244 240 237 242 247 255 256 227 224 224 223 224 224 224 223 223 226 228 219 216 221 224 231 236 234 219 80 50 29 14 7 359 352 344 342 344 355 25 50 77 152 183 201 206 210 214 217 221 224 226 229 231 233 234 236 237 238 239 240 241 242 242 242 242 242 241 241 241 242 242 242 243 243 244 244 245
177 181 183 185 187 191 195 199 203 207 213 216 221 224 227 230 234 237 243 246 241 238 241 244 245 245 229 227 226 225 226 225 225 224 225 227 226 217 215 221 224 232 236 234 227 203 61 34 21 12 4 358 351 355 9 38 59 100 160 182 190 202 207 212 217 220 223 226 228 231 233 235 236 237 239 239 240 241 242 242 242 242 242 242 242 242 242 242 242 243 243 243 244 244 245
177 180 183 186 190 194 199 202 206 210 216 219 223 226 229 231 234 237 244 246 242 240 244 247 247 239 230 228 228 227 227 227 227 225 225 226 223 216 216 221 224 231 234 234 226 216 74 42 29 19 10 7 359 16 35 58 118 169 182 189 195 205 210 215 220 223 226 228 231 233 235 236 237 239 239 240 241 242 242 242 243 243 243 242 242 242 242 242 243 243 243 243 244 244 245
176 180 184 188 193 198 202 206 210 214 219 222 226 229 231 234 237 240 247 247 244 242 244 246 245 237 231 230 229 229 229 229 229 227 225 224 222 218 218 223 227 234 235 234 234 235 80 43 35 26 19 17 11 30 47 137 175 184 190 195 199 209 214 219 223 226 228 231 233 235 236 238 239 240 240 241 241 242 242 242 243 243 242 242 243 243 243 243 243 243 243 244 244 244 245
174 180 186 191 196 201 206 209 213 217 223 227 231 235 237 239 241 244 249 248 244 243 244 246 244 237 232 232 232 231 231 231 231 228 224 225 224 222 223 229 233 239 236 236 237 241 77 42 38 31 27 26 19 39 144 179 185 190 195 200 205 214 218 222 225 228 231 233 235 236 238 239 240 240 241 242 242 242 242 242 242 243 242 243 243 243 243 243 244 244 244 244 244 244 245
174 182 189 194 199 204 209 213 217 221 228 232 237 240 242 243 245 246 250 248 244 243 244 245 243 237 233 233 233 232 232 231 230 226 224 226 227 226 229 234 238 242 241 240 240 244 73 39 38 32 30 30 35 118 162 182 190 196 202 206 210 218 222 225 228 231 233 234 236 238 239 240 240 241 241 242 242 242 242 242 243 243 243 243 243 244 244 244 244 244 244 244 244 244 245
176 184 192 197 202 208 214 218 223 227 234 239 243 247 249 250 251 250 252 247 243 241 242 243 238 235 234 234 234 233 231 230 229 227 226 229 230 232 235 240 243 247 246 245 245 249 71 71 35 31 32 39 71 108 161 188 197 203 208 212 215 222 225 228 231 233 235 236 238 239 239 240 240 241 241 241 242 242 242 243 243 243 243 243 244 244 244 244 244 244 244 244 244 244 244
179 187 195 200 205 211 217 221 226 228 237 243 249 253 256 258 263 255 254 248 244 242 243 243 238 235 234 235 234 231 226 227 227 226 227 229 232 233 237 241 244 246 247 247 248 248 253 67 33 31 37 50 77 123 174 197 204 209 213 217 219 225 228 230 233 235 236 237 238 239 239 240 240 241 241 241 241 242 242 243 243 243 243 243 244 244 244 245 245 244 244 244 244 244 243
181 189 196 201 206 212 217 222 227 228 238 245 252 257 261 273 272 268 264 252 248 246 246 247 242 236 234 234 232 226 223 225 226 225 226 229 231 233 236 238 240 242 244 245 251 244 256 31 33 32 39 53 82 161 193 206 211 215 218 221 223 228 230 232 234 235 237 238 239 239 240 240 240 241 241 241 241 242 242 243 243 243 243 243 244 244 244 245 245 245 245 245 244 244 242
185 192 199 202 207 214 219 224 229 231 238 249 259 266 272 277 277 274 271 264 252 249 249 248 242 234 229 228 227 225 225 227 227 226 226 229 231 233 233 232 240 242 244 242 247 247 59 26 34 24 355 246 224 198 219 221 221 223 225 227 229 232 233 234 235 236 237 238 238 239 239 240 240 241 241 242 242 242 242 243 243 243 243 243 244 244 244 245 244 244 244 244 244 243 242
187 194 200 203 207 214 220 227 232 231 239 249 256 271 286 291 290 286 282 277 270 264 259 250 243 232 228 228 228 226 226 229 230 228 228 229 230 232 233 233 235 237 243 243 244 249 61 23 33 302 256 241 230 224 224 225 225 226 228 230 231 233 234 234 235 236 237 238 238 239 239 240 241 241 241 242 242 242 242 243 243 243 243 243 243 244 244 244 244 244 244 244 243 243 241
188 196 201 204 208 215 221 228 232 231 233 244 256 253 269 286 291 290 287 283 277 270 264 253 244 230 227 228 229 228 228 231 232 231 233 235 236 238 237 237 240 240 247 245 247 260 66 325 13 238 236 236 232 229 229 229 228 228 230 232 232 234 234 235 235 236 237 238 238 239 240 240 240 241 241 242 242 242 242 242 242 242 243 243 243 243 244 244 244 243 243 243 242 241 239
190 198 203 205 209 216 221 229 232 230 233 236 238 245 263 286 296 297 295 291 283 273 264 250 239 233 228 229 230 229 230 232 233 234 236 238 239 240 239 239 240 243 246 246 243 251 249 246 243 236 236 236 234 232 232 232 230 230 232 233 233 234 235 235 236 237 238 238 239 239 240 240 241 241 241 241 242 242 242 242 242 242 242 243 243 243 243 243 243 243 242 242 241 240 238
192 200 204 206 209 216 221 228 231 228 230 233 232 234 246 286 304 306 304 297 287 277 266 245 236 233 231 232 232 231 231 234 235 237 240 242 244 245 244 244 244 247 248 243 240 244 243 242 240 236 236 236 234 234 233 233 231 231 233 233 233 234 235 236 236 237 238 239 239 239 240 240 241 241 241 241 242 242 242 242 242 242 242 242 242 242 242 242 242 241 241 240 240 240 239
