data/real/Dogrib_v624/conserv_mass_moment/windninja_360_30_100m_vel.asc
NCOLS 357 
NROWS 223 
XLLCORNER 457900 
YLLCORNER 5716800 
CELLSIZE 100 
NODATA_value -3.4e+38 
[rows 21 to 41 of 223, columns 184 to 229 of 357]
39.1800003051758 38.5200004577637 39.9900016784668 41.189998626709 39.7799987792969 37.9500007629395 35.939998626709 34.4900016784668 33.6800003051758 37 39.1300010681152 40.0800018310547 41.8300018310547 40.9199981689453 40.5800018310547 37.6500015258789 31.5499992370605 28.0599994659424 28.0200004577637 26.3899993896484 24.6800003051758 23.4300003051758 22.5900001525879 24.8400001525879 29.8199996948242 33.2000007629395 35.7000007629395 38.189998626709 39.1800003051758 40.7799987792969 41.5 40.9000015258789 40.1199989318848 38.4500007629395 36.8499984741211 33.1199989318848 33.3499984741211 35.6699981689453 36.939998626709 36.939998626709 37.4300003051758 38.939998626709 40.9799995422363 40.3199996948242 38.7200012207031 35.3699989318848
41.6300010681152 41.1500015258789 42.0999984741211 42.439998626709 40 33.6199989318848 33.6199989318848 32.3800010681152 31.9200000762939 36.2299995422363 39.6199989318848 41.6800003051758 44.3499984741211 43.75 42.7200012207031 39.7599983215332 33.5 29.7600002288818 29.8500003814697 28.3899993896484 26.7800006866455 25.6499996185303 25 27.75 32.4900016784668 35.5999984741211 37.8899993896484 40.1800003051758 40.7700004577637 41.4799995422363 41.4099998474121 39.2599983215332 37.7099990844727 35.7799987792969 33.7400016784668 29.8700008392334 30.6800003051758 33.8600006103516 36.8600006103516 36.4900016784668 37.6599998474121 40 42.5999984741211 41.7700004577637 40.1800003051758 36.6500015258789
43.0400009155273 42.6300010681152 43.189998626709 42.9799995422363 39.7900009155273 31.5599994659424 31.5799999237061 30.5499992370605 30.4500007629395 35.8400001525879 40.3199996948242 43.1500015258789 46.4799995422363 46.0900001525879 44.3899993896484 41.4000015258789 35.0200004577637 31 31.1200008392334 29.8099994659424 28.3500003814697 27.4200000762939 27.0699996948242 30.3199996948242 34.8199996948242 37.75 39.8499984741211 41.9500007629395 42.310001373291 42.4500007629395 42.0400009155273 38.9199981689453 36.5699996948242 34.1399993896484 31.2399997711182 26.7999992370605 28.0100002288818 31.9599990844727 35.7099990844727 35.9300003051758 37.8899993896484 40.8400001525879 43.8499984741211 42.8699989318848 42.3800010681152 37.5900001525879
44.2099990844727 43.939998626709 44.1699981689453 43.3199996948242 35.9900016784668 32.4599990844727 32.8600006103516 29.9899997711182 30.0400009155273 35.4000015258789 41.0099983215332 42.75 43.5800018310547 42.6399993896484 40.1699981689453 37.8899993896484 32.4199981689453 29.2600002288818 30.1100006103516 29.1700000762939 27.9500007629395 26.8600006103516 26.0900001525879 28.3600006103516 32.5900001525879 35.5699996948242 37.9000015258789 40.060001373291 40.4599990844727 40.0400009155273 39.2400016784668 35.8300018310547 35.0699996948242 35.0099983215332 29.8999996185303 25.4500007629395 26.6700000762939 30.5400009155273 34.4599990844727 35.3699989318848 38.3499984741211 39.6699981689453 40.8699989318848 39.5200004577637 39.6800003051758 37.2299995422363
45.0999984741211 44.6500015258789 45 44.6199989318848 36.8800010681152 33.5800018310547 34.310001373291 34.4199981689453 34.9199981689453 38.5800018310547 41.2200012207031 41.4700012207031 40.1300010681152 38.6199989318848 36.2099990844727 34.3600006103516 29.5900001525879 26.9799995422363 28.2399997711182 27.5599994659424 26.5200004577637 25.3099994659424 24.2299995422363 25.6200008392334 29.6100006103516 32.8400001525879 35.5 37.8800010681152 38.5200004577637 38.060001373291 37.0999984741211 33.8300018310547 34.4300003051758 36.1599998474121 35.0499992370605 33.7599983215332 34.8899993896484 36.6399993896484 38.439998626709 37.9000015258789 38.6399993896484 38.3699989318848 38.2299995422363 36.7799987792969 37.9000015258789 36.4700012207031
45.6300010681152 45.0499992370605 45.3199996948242 44.9000015258789 37.1800003051758 34.0699996948242 35.1300010681152 35.5999984741211 36.2799987792969 39.3600006103516 41.3800010681152 40.8400001525879 38.0200004577637 36.0400009155273 33.4099998474121 31.5900001525879 27.0799999237061 24.7900009155273 26.4500007629395 26.1100006103516 25.2999992370605 24.0900001525879 22.9099998474121 23.7900009155273 27.7199993133545 31.4099998474121 34.4799995422363 37.0900001525879 37.8800010681152 37.1599998474121 35.7599983215332 32.3600006103516 33.9700012207031 37 36.7000007629395 36.7599983215332 37.7200012207031 38.7200012207031 39.7299995422363 38.9799995422363 38.9799995422363 37.6699981689453 36.5299987792969 35.0499992370605 36.7700004577637 36.1199989318848
46.0099983215332 45.1699981689453 45.3699989318848 44.8600006103516 37.310001373291 34.4099998474121 35.7400016784668 36.5900001525879 37.5 40.2400016784668 41.5999984741211 40.4500007629395 36.9500007629395 34.6699981689453 31.8999996185303 30.0499992370605 25.9200000762939 23.9099998474121 25.5100002288818 25.4200000762939 24.8199996948242 23.6900005340576 22.5599994659424 22.9300003051758 26.5799999237061 30.6599998474121 33.9199981689453 36.4900016784668 37.4000015258789 36.4900016784668 34.7599983215332 31.3199996948242 33.5099983215332 37.2900009155273 37.9900016784668 39.7700004577637 40.7400016784668 41.0200004577637 40.9500007629395 38.8699989318848 39.7200012207031 37.2900009155273 35.2200012207031 33.7000007629395 35.939998626709 36.1500015258789
46.2200012207031 45.310001373291 45.5900001525879 45.0999984741211 37.8800010681152 34.9599990844727 36.1399993896484 36.9000015258789 37.6699981689453 40.3499984741211 42.0999984741211 41.439998626709 38.3300018310547 36.4500007629395 33.9700012207031 32.4199981689453 28.8199996948242 26.9400005340576 28.1599998474121 28.0200004577637 27.2800006866455 26 24.7800006866455 24.3899993896484 27.3299999237061 30.7800006866455 33.0099983215332 34.2400016784668 34.9099998474121 34.5400009155273 33.2599983215332 30.4599990844727 32.7599983215332 35.7700004577637 36 37.8400001525879 39.1699981689453 40.5400009155273 41.2000007629395 39.8899993896484 40.3499984741211 36.8199996948242 33.2099990844727 31.5499992370605 34.6699981689453 36.2299995422363
46.4199981689453 44.9199981689453 45.0800018310547 44.5699996948242 42.1399993896484 35.0800018310547 36.2299995422363 37.0699996948242 37.8199996948242 40.4300003051758 42.3899993896484 41.9900016784668 39.1399993896484 37.5 35.2799987792969 34.0499992370605 30.9300003051758 29.2199993133545 30.1200008392334 29.9899997711182 29.25 27.9699993133545 26.7800006866455 25.7299995422363 28.0100002288818 30.9799995422363 32.4599990844727 32.6500015258789 33.1199989318848 33.0999984741211 32.060001373291 29.7099990844727 32.1699981689453 34.8600006103516 35.1800003051758 37.3600006103516 38.9599990844727 40.8899993896484 41.9199981689453 40.9000015258789 40.8600006103516 36.25 31.2299995422363 29.4799995422363 33.4199981689453 36.3199996948242
46.9700012207031 44.3600006103516 44.0200004577637 43.4199981689453 41.25 34.7700004577637 36.0400009155273 37.1199989318848 38.0099983215332 40.5999984741211 42.6599998474121 42.3199996948242 39.5099983215332 38.0499992370605 36.0299987792969 35.0699996948242 32.4000015258789 30.8899993896484 31.5400009155273 31.5 30.8600006103516 29.6800003051758 27.3700008392334 27.0900001525879 28.7199993133545 31.2000007629395 32.0800018310547 31.4599990844727 31.7099990844727 31.9500007629395 31.0699996948242 29.1000003814697 31.7000007629395 34.3400001525879 35.1100006103516 37.75 39.6500015258789 41.8699989318848 42.939998626709 41.8800010681152 41.3699989318848 35.5900001525879 29.2000007629395 27.3099994659424 32.0499992370605 36.2999992370605
47.5299987792969 43.3800010681152 42.4500007629395 42.0699996948242 40.4700012207031 34.9599990844727 36.1599998474121 37.3600006103516 38.2999992370605 40.7700004577637 42.8600006103516 42.6300010681152 40.0400009155273 38.6300010681152 36.75 35.9599990844727 33.6500015258789 32.3199996948242 32.7099990844727 32.7700004577637 32.2400016784668 31.3299999237061 28.4799995422363 27.3700008392334 28.1900005340576 30.3700008392334 31.0400009155273 30.0200004577637 30.2700004577637 30.7299995422363 29.9699993133545 28.25 30.8400001525879 33.3899993896484 34.5099983215332 37.5 39.5900001525879 42.2099990844727 43.5900001525879 42.8199996948242 41.5699996948242 35.0400009155273 28.0799999237061 26.3799991607666 31.3400001525879 36.310001373291
48.6800003051758 47.2999992370605 46.8800010681152 46.1699981689453 44.3800010681152 38.3899993896484 39.2099990844727 40.2599983215332 41.0200004577637 43.189998626709 45.0900001525879 44.7599983215332 42.1599998474121 40.5999984741211 38.7099990844727 37.8800010681152 35.7299995422363 34.4300003051758 34.3600006103516 34.2999992370605 33.5800018310547 32.3600006103516 26.7600002288818 23.8299999237061 23.5300006866455 26.0900001525879 27.3999996185303 26.9400005340576 27.6200008392334 28.3099994659424 27.6599998474121 26.1100006103516 28.4899997711182 30.6599998474121 31.7399997711182 34.5699996948242 36.310001373291 38.6199989318848 39.7799987792969 40.2299995422363 40.7000007629395 35.75 30.0499992370605 28.7999992370605 33.0800018310547 37.4700012207031
50.0999984741211 51.1599998474121 50.8199996948242 50.0800018310547 48.0800018310547 41.810001373291 42.310001373291 43.2200012207031 43.8600006103516 45.7700004577637 47.4099998474121 46.8699989318848 44.2400016784668 42.560001373291 40.7799987792969 40.060001373291 38.1399993896484 36.9500007629395 36.4000015258789 36.1699981689453 35.1699981689453 30.4200000762939 25.6399993896484 21.2399997711182 20.0100002288818 22.7299995422363 24.4400005340576 24.3099994659424 25.2999992370605 26.1800003051758 25.6700000762939 24.2999992370605 26.4500007629395 28.4099998474121 29.5699996948242 32.3199996948242 33.8800010681152 36.060001373291 37.1500015258789 38.5200004577637 40.1500015258789 36.25 31.5799999237061 30.6800003051758 34.5 38.6199989318848
51.3199996948242 54.6699981689453 54.3600006103516 53.6800003051758 48.2099990844727 45.2000007629395 45.3600006103516 46.0900001525879 46.560001373291 48.1199989318848 49.4300003051758 48.7299995422363 46.0999984741211 44.3800010681152 42.7799987792969 42.189998626709 40.5499992370605 39.5200004577637 38.560001373291 38.1599998474121 36.810001373291 30.8899993896484 24.9400005340576 19.3600006103516 17.25 19.9599990844727 21.8999996185303 21.9799995422363 23.2000007629395 24.25 23.8899993896484 22.7000007629395 24.6900005340576 26.5499992370605 27.8799991607666 30.6299991607666 32.1199989318848 34.25 35.4000015258789 37.4599990844727 39.810001373291 36.7599983215332 32.9000015258789 32.3400001525879 35.9000015258789 39.9099998474121
49.4599990844727 55.810001373291 55.2000007629395 54.7000007629395 52.4099998474121 45.9599990844727 46.1699981689453 47.0900001525879 47.7700004577637 49.5499992370605 50.9099998474121 50.0499992370605 47.4900016784668 45.810001373291 44.2700004577637 43.8400001525879 42.4900016784668 41.6599998474121 40.2099990844727 39.6599998474121 38.0200004577637 30.6299991607666 24.0699996948242 18.1100006103516 15.789999961853 18.4099998474121 20.4899997711182 20.75 22.1000003814697 23.2000007629395 22.8999996185303 21.7800006866455 23.4200000762939 25.1100006103516 26.4500007629395 29.0799999237061 30.5100002288818 32.689998626709 33.9799995422363 36.3699989318848 39.0200004577637 36.1800003051758 32.5699996948242 31.7099990844727 34.7999992370605 38.9000015258789
39.8199996948242 43.7799987792969 41.5299987792969 42.3499984741211 41.25 37.4000015258789 38.189998626709 39.689998626709 41.0499992370605 43.8300018310547 46.560001373291 46.7900009155273 45.5400009155273 44.0699996948242 41.7400016784668 40.5900001525879 38.6399993896484 37.6100006103516 35.9300003051758 35.5200004577637 34.1100006103516 32.8199996948242 23.4099998474121 18.3299999237061 16.3899993896484 18.9300003051758 21.0100002288818 21.3099994659424 22.6399993896484 23.6299991607666 23.2099990844727 21.9500007629395 23.0200004577637 24.2700004577637 25.2800006866455 27.4400005340576 28.8799991607666 31.6399993896484 33.6500015258789 36.1100006103516 36.8300018310547 32.1699981689453 26.8999996185303 24.7000007629395 26.9200000762939 30.7800006866455
32.9500007629395 35.6300010681152 32.189998626709 33.7799987792969 33.1699981689453 32.2900009155273 32.1399993896484 34.189998626709 36.1399993896484 39.7400016784668 43.5999984741211 44.6500015258789 44.4599990844727 43.2099990844727 40.2799987792969 38.6800003051758 36.4099998474121 35.2999992370605 33.3800010681152 33.0099983215332 31.7199993133545 30.9200000762939 22.7199993133545 18.2800006866455 16.7099990844727 19.2000007629395 21.2900009155273 21.6100006103516 22.9799995422363 23.8799991607666 23.3999996185303 22.0499992370605 22.5900001525879 23.5 24.2299995422363 25.9699993133545 27.3899993896484 30.6700000762939 33.3699989318848 35.9799995422363 35.060001373291 28.9500007629395 22.4400005340576 19.2800006866455 20.7999992370605 24.5799999237061
28.4599990844727 30.6800003051758 26.9899997711182 28.8700008392334 27.9699993133545 26.8099994659424 28.2199993133545 30.5599994659424 32.8699989318848 37.0999984741211 41.8300018310547 43.4799995422363 44.1500015258789 43.1199989318848 39.7700004577637 37.9000015258789 35.4700012207031 34.2900009155273 32.1800003051758 31.75 30.4300003051758 29.7700004577637 22.0900001525879 18.0900001525879 16.8799991607666 19.2800006866455 21.2900009155273 21.6000003814697 23.0200004577637 23.8899993896484 23.3799991607666 21.9899997711182 22.0499992370605 22.6900005340576 23.1900005340576 24.6000003814697 26.0400009155273 29.7800006866455 33.1399993896484 36.0200004577637 33.7099990844727 26.5400009155273 19.2399997711182 15.3599996566772 16.2399997711182 19.8400001525879
20.8299999237061 20.8299999237061 17.1000003814697 20.7000007629395 22.1100006103516 21.8999996185303 24.1000003814697 27.2999992370605 30.3400001525879 35.060001373291 40.2000007629395 42.0099983215332 43.0800018310547 42.2099990844727 38.5699996948242 36.7799987792969 34.5099983215332 33.4000015258789 31.0799999237061 30.4899997711182 29.0599994659424 28.4099998474121 20.9699993133545 17.3600006103516 16.6100006103516 19.0900001525879 21.1499996185303 21.5799999237061 23.0799999237061 23.8899993896484 23.3600006103516 21.9200000762939 21.5400009155273 21.9799995422363 22.2800006866455 23.3999996185303 24.4899997711182 28.1299991607666 31.6599998474121 34.4099998474121 31.3500003814697 23.8500003814697 16.5699996948242 12.8400001525879 13.5600004196167 17.2099990844727
8.10000038146973 3.45000004768372 1.16999995708466 6.76999998092651 12.8699998855591 14.7200002670288 18.8299999237061 24.0200004577637 28.9799995422363 34.189998626709 38.2099990844727 38.5800018310547 38.3800010681152 37.2700004577637 34.3600006103516 33.6599998474121 32.6500015258789 31.9300003051758 29.2900009155273 28.3799991607666 26.6700000762939 23.0200004577637 18.7700004577637 15.6400003433228 15.5699996948242 18.3600006103516 20.6900005340576 21.5100002288818 23.2000007629395 23.9400005340576 23.3700008392334 21.8999996185303 21.1299991607666 21.4899997711182 21.6900005340576 22.5900001525879 22.8299999237061 24.9500007629395 27.0799999237061 28.3999996185303 26.6800003051758 20.6700000762939 14.6899995803833 11.9799995422363 13.3599996566772 17.8199996948242
0.709999978542328 3.10999989509583 4.65000009536743 6.23999977111816 2.75 9.05000019073486 14.2799997329712 20.8999996185303 27.4599990844727 33.2700004577637 36.4300003051758 35.7900009155273 34.6599998474121 33.4500007629395 31.1200008392334 31.2399997711182 31.3099994659424 30.8799991607666 27.9500007629395 26.6900005340576 24.7000007629395 20.8799991607666 16.8500003814697 14.1800003051758 14.7700004577637 17.7900009155273 20.3299999237061 21.4799995422363 23.3299999237061 24 23.4099998474121 21.9300003051758 20.7999992370605 21.0699996948242 21.1499996185303 21.8299999237061 21.3700008392334 22.2999992370605 23.4899997711182 23.7299995422363 22.7600002288818 17.7700004577637 12.8299999237061 10.9300003051758 12.8299999237061 17.9599990844727
