data/real/Dogrib_v624/conserv_mass_moment/windninja_240_30_100m_ang.asc
NCOLS 357 
NROWS 223 
XLLCORNER 457900 
YLLCORNER 5716800 
CELLSIZE 100 
NODATA_value -3.4e+38 
[rows 0 to 41 of 223, columns 0 to 94 of 357]
243.000000000000000 243 248 250 246 246 246 245 241 242 243 246 259 260 258 260 252 254 256 256 244 244 243 238 237 236 239 254 259 312 0 4 3 358 356 304 256 240 233 233 234 233 230 230 230 233 237 236 236 237 240 239 226 226 214 220 230 238 239 238 240 246 241 230 226 220 217 217 216 218 227 228 228 231 233 237 246 248 250 259 315 346 351 351 359 2 1 3 3 3 3 2 1 1 0
243 243 246 248 246 246 246 245 241 242 243 246 259 260 258 260 252 254 256 256 244 244 241 238 237 236 239 254 259 312 0 4 3 358 356 304 256 240 233 233 234 233 230 230 230 233 237 236 236 237 240 239 226 226 214 220 230 238 239 238 240 246 241 230 226 212 213 214 213 215 219 228 228 231 233 237 246 248 250 259 315 346 351 351 359 2 1 1 3 3 3 2 1 1 0
241 241 241 242 244 245 245 245 245 246 248 251 253 252 252 253 250 250 250 248 245 246 246 247 249 251 255 256 247 328 4 7 4 349 343 264 238 228 223 225 228 230 235 237 238 241 242 242 240 241 239 237 231 231 234 254 260 262 265 272 282 246 213 214 218 216 217 218 216 217 222 224 227 229 231 235 239 239 243 249 268 254 340 344 359 6 5 4 6 7 6 4 3 2 1
240 240 239 240 237 244 245 245 245 247 248 250 250 249 250 250 249 249 249 248 247 247 241 244 246 250 253 253 248 250 14 7 3 338 327 256 229 222 221 225 229 233 239 240 241 243 245 244 244 243 242 242 242 236 242 252 254 250 239 225 218 219 219 221 225 223 224 224 223 222 225 224 228 229 231 236 236 236 242 241 252 286 330 343 1 9 11 8 6 6 5 4 4 4 4
236 236 236 236 238 238 239 240 242 244 245 247 246 245 244 244 243 242 241 240 239 241 242 244 246 247 250 252 248 250 11 349 1 317 277 221 215 216 219 225 230 236 239 239 240 242 244 244 243 243 244 245 244 242 265 248 229 216 214 214 216 217 218 220 224 223 224 230 230 229 229 228 228 230 232 235 237 237 237 240 252 286 329 345 1 11 11 8 8 3 2 2 3 4 4
239 239 240 240 241 241 242 243 245 246 246 248 248 247 247 246 247 247 246 245 244 245 246 247 247 247 249 251 248 252 6 340 8 328 118 215 217 221 224 231 236 241 242 241 241 242 244 242 241 240 243 245 243 225 215 208 212 212 212 212 215 216 219 222 225 225 230 230 230 229 235 234 235 235 237 239 240 240 240 242 245 265 344 353 12 12 10 10 3 353 354 357 0 1 3
239 239 241 242 242 242 243 244 246 246 247 248 248 248 247 247 248 248 247 246 245 247 247 247 247 247 249 250 246 251 3 354 25 16 218 220 222 227 231 237 241 245 244 243 243 244 245 242 240 238 244 247 224 202 202 203 207 210 213 215 220 220 219 222 225 230 232 233 235 239 242 234 237 240 241 243 243 242 242 244 246 116 3 1 9 9 8 6 353 352 353 356 359 0 2
241 241 243 243 243 243 243 244 246 247 248 249 249 249 249 249 249 249 249 248 248 248 248 246 245 245 247 249 245 253 27 31 48 213 221 225 228 233 237 243 247 249 249 248 247 248 246 241 237 234 247 209 207 205 204 207 211 216 221 225 229 229 229 230 233 233 235 237 240 245 248 241 245 245 248 248 247 245 244 246 249 123 30 10 8 7 6 357 354 353 354 356 359 359 1
241 241 243 244 243 243 244 245 247 247 248 249 250 249 249 249 250 250 250 250 252 253 251 248 246 246 248 250 243 281 37 47 197 222 226 230 233 239 244 249 252 254 254 253 253 253 249 241 236 235 182 201 203 203 206 209 212 216 221 224 228 229 229 230 231 234 236 238 241 247 247 254 254 254 253 253 250 248 247 249 252 124 44 14 8 2 360 358 357 356 356 357 359 359 360
240 240 242 243 242 243 244 245 247 247 247 249 250 250 249 250 250 251 251 252 255 258 258 253 251 249 250 254 243 56 43 232 225 229 232 236 239 245 250 254 256 258 259 259 259 258 252 242 233 38 192 196 197 197 199 205 208 212 215 219 223 226 228 230 232 233 235 236 239 240 247 245 253 253 257 257 253 251 250 252 254 117 55 20 10 2 358 357 357 357 357 357 357 357 357
240 240 242 243 242 243 244 246 247 247 248 249 250 250 250 250 250 251 253 257 261 263 265 261 257 254 255 260 262 114 58 228 231 235 239 242 246 251 255 258 260 262 263 263 262 260 252 237 204 179 189 191 192 193 195 202 205 209 213 217 221 225 227 229 230 231 233 235 237 234 239 260 260 253 260 260 261 258 256 257 258 116 63 28 14 5 359 343 341 356 356 357 335 356 355
240 240 241 242 242 243 244 246 247 247 247 249 250 250 250 251 251 252 255 259 264 268 275 276 269 263 262 263 266 259 248 237 240 244 247 250 252 256 259 262 263 264 265 265 264 262 252 227 169 186 186 187 187 188 190 198 202 206 209 213 218 222 223 226 228 229 232 233 236 238 233 305 305 250 270 273 271 267 263 263 261 247 68 35 21 14 3 352 354 355 357 356 357 355 352
240 240 241 242 243 244 245 246 247 246 247 249 250 249 249 250 251 251 252 254 264 272 294 297 283 274 270 264 263 260 256 251 250 252 254 256 258 260 262 264 265 266 267 267 265 264 253 180 186 184 182 182 182 183 186 195 200 205 209 213 218 222 223 225 226 228 231 232 235 237 226 35 272 272 289 290 287 279 273 269 264 104 69 36 21 7 353 345 346 351 358 6 13 15 355
240 240 242 243 243 245 246 247 247 247 247 248 249 248 248 249 249 249 250 252 256 275 309 309 294 283 276 266 263 261 259 258 258 259 260 261 262 264 266 267 267 268 268 268 266 269 237 181 180 179 179 179 180 182 191 196 203 208 212 216 221 224 224 226 226 228 231 233 235 237 232 235 202 202 319 306 298 284 276 273 267 96 75 33 12 8 1 351 343 343 4 16 41 131 142
240 240 242 243 244 245 246 247 247 247 247 248 249 248 248 248 249 248 249 250 253 279 321 319 303 292 282 269 264 262 262 264 264 265 265 266 267 269 270 270 270 269 268 269 276 30 168 176 176 176 177 177 180 187 193 198 204 210 214 218 221 223 224 226 227 229 230 232 235 237 234 257 249 245 243 248 259 261 259 261 268 64 107 7 357 2 3 3 343 343 348 352 108 108 123
240 240 242 244 246 247 248 248 248 247 247 248 248 247 247 247 247 247 247 248 255 283 332 326 310 299 289 275 269 268 267 269 270 270 270 271 272 273 274 274 273 272 271 288 37 150 170 173 174 174 176 178 182 185 189 201 207 211 216 219 221 223 223 224 225 226 227 229 232 233 230 225 222 224 225 226 228 231 232 238 239 223 221 228 273 350 360 360 358 356 358 355 351 149 138
239 239 242 244 245 248 248 249 248 248 248 249 248 247 247 247 247 246 245 246 247 289 348 337 320 308 298 284 279 277 276 277 277 276 276 276 275 274 276 276 275 277 341 50 142 167 170 171 172 172 176 180 185 189 193 198 203 212 216 219 221 222 223 224 226 227 228 230 234 235 230 227 226 227 227 227 229 230 230 236 233 229 228 230 237 253 342 355 358 356 358 355 351 335 2
239 239 242 243 245 248 248 249 248 248 248 249 248 247 247 247 246 245 244 244 237 274 358 343 328 316 306 296 291 289 288 288 287 285 284 282 280 276 280 284 320 49 97 143 161 166 168 169 170 171 176 181 187 192 196 200 205 212 216 219 222 224 226 228 230 232 233 235 239 239 235 232 232 232 232 232 233 233 232 234 228 227 227 229 232 230 278 350 0 359 0 357 354 344 350
239 239 242 244 248 248 249 249 248 248 248 249 248 247 247 247 246 245 243 243 229 159 9 351 336 323 315 307 303 302 300 300 299 297 294 290 285 285 3 51 86 122 145 155 160 164 166 168 170 171 176 182 189 194 202 206 209 212 216 220 223 225 228 230 233 235 236 237 241 241 237 233 233 230 228 227 226 225 224 224 223 225 226 228 231 227 231 345 1 1 3 360 357 350 350
240 240 243 245 248 248 248 249 248 248 248 249 248 246 246 246 246 244 243 242 224 135 32 3 345 330 320 316 314 313 314 315 314 314 311 307 308 69 90 116 134 144 151 156 159 162 164 167 169 171 176 182 188 195 202 205 208 211 216 220 223 226 229 232 234 237 238 239 241 240 233 231 230 226 226 226 227 225 223 220 221 225 226 228 229 226 225 229 6 5 6 2 0 354 352
241 241 244 246 248 248 248 249 249 249 249 249 248 246 246 246 246 244 242 242 225 150 83 31 6 343 327 323 323 324 327 329 331 334 338 4 49 116 130 138 144 147 150 153 156 159 162 166 169 170 173 179 186 193 203 207 209 213 218 222 226 229 232 235 238 241 241 242 244 243 235 234 232 230 229 228 228 225 222 216 218 224 226 229 229 227 226 225 22 13 11 4 1 355 353
241 241 245 247 249 249 249 249 249 249 249 249 248 247 246 246 246 244 243 242 228 158 109 72 47 12 339 336 338 341 345 349 356 7 29 62 99 134 141 144 147 148 149 151 153 156 160 165 169 170 174 180 187 196 208 212 214 218 224 228 231 234 237 240 243 246 247 247 249 248 241 239 235 232 230 229 228 223 220 216 217 225 227 229 229 228 226 225 49 21 17 9 4 6 24
241 241 246 248 250 249 249 249 249 249 249 249 248 246 246 246 246 244 243 243 234 189 126 99 91 85 34 5 4 5 8 15 27 44 69 98 120 139 144 146 147 148 148 149 151 154 159 164 169 172 176 182 190 199 212 217 226 230 236 240 236 239 241 244 247 250 250 250 252 245 241 238 233 231 229 229 228 223 222 219 221 228 230 229 229 228 225 225 68 32 29 16 20 25 36
242 242 247 249 250 248 248 248 249 248 248 248 247 246 246 246 246 244 243 243 237 211 143 108 100 96 82 46 39 35 38 45 56 69 88 109 126 141 144 145 146 146 145 146 147 151 155 162 170 174 180 187 195 204 224 229 231 235 241 244 242 245 247 248 251 253 252 252 253 251 240 234 229 230 227 228 226 225 222 219 224 231 230 231 230 229 226 230 84 61 51 27 20 25 36
243 243 248 250 249 248 248 248 248 248 247 247 246 246 246 247 247 245 245 246 244 237 210 115 92 89 83 67 59 57 59 63 70 80 96 117 133 144 146 146 146 145 144 143 144 148 154 161 170 178 188 199 208 216 223 229 231 235 241 244 247 249 251 252 254 255 254 254 254 244 238 230 225 225 226 227 225 224 224 224 224 231 231 231 231 231 231 236 240 94 35 27 29 39 36
243 243 248 249 248 248 248 248 248 247 247 247 246 246 246 247 247 246 246 247 246 243 237 140 87 73 77 72 67 65 66 69 76 88 104 121 136 146 149 149 147 145 144 143 144 147 154 161 172 180 193 204 214 222 233 238 240 244 249 252 254 256 257 258 259 258 255 254 254 242 235 227 223 225 225 226 224 224 224 225 225 229 229 231 234 233 233 237 237 230 275 25 37 35 124
242 242 246 248 247 247 247 248 247 247 247 247 247 247 247 248 247 246 246 247 247 246 246 238 89 68 60 59 70 98 124 144 152 125 133 131 150 149 152 151 149 146 144 143 143 145 152 160 172 182 196 210 221 229 239 243 245 249 253 255 257 258 259 259 259 257 254 252 252 240 234 227 224 227 228 228 226 227 227 227 227 229 230 233 236 234 233 238 237 219 221 240 158 166 163
242 242 245 247 246 247 247 248 247 247 247 247 247 247 248 248 248 247 246 248 248 248 249 253 255 60 52 49 57 90 125 155 161 168 176 168 154 152 156 154 151 148 146 144 144 145 152 159 171 181 198 215 227 236 247 250 253 257 259 260 260 260 260 259 259 256 252 249 248 237 232 227 225 228 229 228 228 227 228 227 228 230 232 235 238 236 234 236 224 223 228 235 213 188 181
242 242 244 246 245 247 248 248 248 248 248 248 248 248 249 249 248 247 247 248 249 249 250 254 259 278 330 10 65 89 129 159 164 171 178 170 158 157 158 155 152 149 147 145 145 146 151 157 166 175 195 216 232 243 255 259 262 267 267 265 264 262 260 258 257 254 249 245 245 235 230 226 225 227 228 222 222 215 228 228 231 233 234 239 242 239 239 241 232 228 233 235 218 201 191
241 241 243 244 244 246 248 249 249 249 249 249 249 249 249 250 249 248 248 249 249 249 250 254 256 261 265 282 46 124 146 168 169 174 179 172 163 161 159 155 151 148 145 144 143 142 144 146 149 150 160 182 212 238 258 264 271 279 273 267 262 257 254 251 252 249 244 241 241 233 229 225 225 228 227 218 215 222 227 230 234 235 237 241 244 235 234 217 217 226 233 234 221 209 200
241 241 242 243 244 248 250 251 253 253 253 252 252 252 251 251 250 249 248 250 249 249 250 252 253 253 253 254 232 207 169 175 169 174 179 173 167 164 160 156 150 145 142 140 138 135 133 129 124 116 108 99 90 86 100 116 136 173 216 230 238 240 241 242 245 244 240 237 237 231 230 228 228 232 232 223 220 226 229 232 237 237 238 242 242 228 221 181 210 221 226 233 224 218 211
240 240 241 242 243 246 249 250 252 253 253 253 253 253 252 252 251 250 250 251 249 249 250 251 252 251 251 250 242 221 183 168 157 161 165 162 160 158 155 151 146 141 137 134 131 126 121 114 107 100 95 93 96 103 133 151 168 182 199 212 224 230 233 236 241 241 237 235 235 232 232 228 231 236 235 228 223 228 231 236 241 241 241 246 242 219 190 190 206 218 232 230 225 221 216
239 239 240 240 240 240 246 247 250 251 251 252 252 252 252 252 251 251 251 252 252 250 251 252 251 251 250 249 242 226 195 155 143 145 148 151 151 150 146 142 137 132 130 126 123 118 114 109 106 106 108 111 118 128 154 166 177 187 198 209 219 226 230 234 239 240 236 235 234 232 232 233 233 235 234 229 227 232 236 241 247 246 247 251 245 216 195 195 203 221 227 225 222 220 218
239 239 240 241 239 240 245 247 250 250 251 251 251 251 252 252 251 251 251 252 252 250 251 252 251 250 249 248 243 232 209 159 142 141 141 144 142 141 136 131 127 124 122 119 117 114 113 112 113 117 120 125 133 142 163 172 180 188 198 208 217 224 228 232 238 238 235 234 234 232 233 236 236 237 235 233 233 237 240 246 250 247 247 251 241 213 201 201 201 217 221 220 221 219 219
240 240 242 242 240 240 243 245 247 247 247 248 249 249 250 251 251 252 252 253 251 250 250 251 249 247 246 244 240 231 215 183 151 140 135 136 133 125 122 118 117 116 115 114 114 114 115 117 120 126 131 136 143 151 168 176 184 191 200 209 218 224 228 231 236 236 235 236 237 237 240 238 239 239 239 238 240 243 245 249 249 244 243 246 231 217 209 209 206 215 218 219 221 219 223
241 241 242 242 241 244 245 247 248 248 248 248 249 249 250 251 252 252 252 253 251 250 250 251 249 247 246 244 240 232 215 196 164 145 135 133 127 116 113 111 111 111 112 112 114 116 120 123 128 134 140 144 150 157 172 180 187 194 203 211 219 224 227 230 234 233 233 234 235 236 239 238 239 240 241 241 245 249 251 255 250 243 243 232 218 220 218 218 215 220 221 220 221 222 233
241 241 242 243 242 247 249 251 251 250 250 250 250 250 250 251 253 253 254 254 252 251 251 251 249 247 246 244 241 222 193 188 165 144 131 129 121 111 109 108 109 109 110 112 115 119 124 129 134 140 146 150 156 162 176 183 190 197 205 212 219 225 227 228 230 229 230 230 230 232 234 235 238 240 240 242 248 253 257 261 253 244 260 188 210 221 220 220 218 220 222 225 228 232 244
241 241 242 243 244 249 250 252 252 251 251 251 250 250 251 252 253 254 254 255 253 252 252 251 248 246 245 243 235 199 176 177 157 133 118 114 107 103 104 105 106 107 109 112 117 122 128 134 139 145 150 154 160 166 179 187 193 200 207 214 221 225 226 227 227 226 228 229 230 232 233 234 237 239 240 242 249 252 256 262 251 207 63 190 222 222 222 223 223 224 226 230 233 237 246
241 241 244 245 246 251 253 255 255 254 254 253 252 252 253 254 255 256 256 256 254 252 252 250 247 246 246 246 224 187 154 150 129 107 94 92 92 94 100 102 104 106 109 113 118 124 131 137 142 148 153 158 163 169 183 190 196 203 209 215 222 226 227 229 228 227 230 230 229 230 230 232 235 235 235 238 242 241 243 253 250 83 186 196 196 223 223 225 225 226 229 234 236 240 246
241 241 243 244 245 247 252 254 255 254 254 253 252 253 253 254 256 256 256 256 254 253 253 250 247 247 247 246 229 203 146 117 93 84 81 82 85 89 97 100 103 105 108 114 120 127 134 141 146 151 156 161 167 173 186 193 200 206 211 217 223 226 227 229 227 226 229 230 230 230 232 234 237 237 237 241 242 239 240 249 249 205 211 199 199 223 223 226 228 228 234 237 239 242 245
240 240 241 242 243 245 248 250 252 252 251 251 251 251 252 254 255 255 255 256 254 253 253 250 247 247 246 245 238 229 198 142 108 92 85 83 84 87 95 98 101 104 108 114 121 129 136 143 148 153 159 164 170 177 190 196 203 209 213 218 222 224 225 226 224 225 229 231 233 234 237 240 243 243 243 246 245 240 241 264 206 204 207 198 199 211 221 225 231 232 239 241 242 243 245
240 240 240 241 243 245 247 249 251 250 250 250 250 251 252 254 255 255 255 255 253 252 252 249 248 247 246 245 242 238 232 171 90 83 81 80 82 85 94 97 100 104 108 115 122 130 138 144 150 155 161 166 174 180 193 200 206 211 215 219 222 223 225 227 225 227 230 232 234 235 237 242 245 245 245 247 244 235 255 177 199 203 207 200 199 211 220 228 236 238 241 242 239 241 241
