data/real/Dogrib_v624/conserv_mass_moment/windninja_315_30_100m_ang.asc
NCOLS 357 
NROWS 223 
XLLCORNER 457900 
YLLCORNER 5716800 
CELLSIZE 100 
NODATA_value -3.4e+38 
[rows 168 to 209 of 223, columns 94 to 187 of 357]
311 310 309 309 308 308 306 305 303 301 300 295 295 295 295 295 305 318 323 325 325 324 323 322 320 318 316 316 315 313 313 313 315 317 320 322 320 319 317 315 315 312 314 310 309 311 61 81 301 346 347 350 347 349 350 348 346 345 342 339 335 331 325 323 321 320 319 318 317 316 315 314 312 311 310 310 309 309 310 311 310 307 304 316 324 322 320 317 315 313 312 308 306 306
313 313 312 311 311 310 308 307 305 302 302 298 298 298 297 295 305 318 321 326 326 324 323 323 322 319 318 317 317 314 313 313 314 315 316 317 315 315 313 311 312 312 312 310 313 46 1 21 18 302 329 353 345 349 349 347 347 346 345 341 337 333 326 324 322 320 319 317 316 315 315 314 312 311 311 311 310 310 310 311 311 309 306 313 323 323 321 318 315 314 312 309 306 306
315 314 314 313 313 312 310 309 307 305 305 301 300 299 298 297 303 312 316 325 326 323 322 322 322 320 318 318 317 314 313 313 313 313 314 315 313 312 312 310 312 313 310 308 292 147 345 337 336 302 303 24 344 347 347 346 347 348 347 344 340 336 328 325 323 321 319 318 317 316 315 314 313 312 312 312 311 310 311 312 311 309 308 310 318 321 321 318 315 314 313 310 308 307
318 317 317 316 316 315 313 311 309 308 309 307 306 305 303 299 303 308 312 320 324 321 321 321 320 319 318 317 313 312 311 310 310 310 311 311 309 310 310 310 312 314 312 308 294 125 341 334 333 310 304 81 340 342 345 345 346 348 348 346 342 338 331 327 324 322 320 319 318 317 316 315 314 314 314 314 313 312 311 312 312 310 309 310 314 318 320 318 316 315 314 312 310 309
319 319 319 319 318 317 315 313 311 310 310 310 308 308 306 301 303 309 312 315 315 315 318 320 319 318 317 317 314 313 312 311 310 309 310 311 309 308 309 308 310 312 313 311 204 116 341 332 332 317 314 115 202 317 337 342 346 348 349 346 343 340 333 329 326 323 321 320 319 318 316 316 314 314 314 314 313 313 312 313 312 310 310 310 311 313 317 317 316 316 315 313 311 310
320 319 319 319 319 318 315 314 311 311 311 309 307 306 305 299 300 307 310 312 312 309 313 319 319 318 318 318 316 315 315 314 313 312 313 313 311 310 310 309 309 309 309 307 294 163 132 333 331 317 308 144 173 198 331 340 345 348 349 347 344 341 334 330 326 323 321 320 319 318 316 315 314 313 313 312 312 311 311 312 312 310 309 309 309 309 311 312 314 316 315 314 312 311
321 321 320 320 320 319 317 315 312 311 311 310 308 306 305 299 299 306 308 309 308 306 306 312 316 316 317 318 317 316 316 315 314 313 313 313 311 310 310 309 308 308 308 306 300 247 142 331 328 316 300 161 166 156 341 341 345 348 349 348 346 343 335 331 327 324 322 320 319 318 316 315 313 312 312 311 311 311 311 312 312 310 310 309 309 308 308 308 310 312 313 313 312 311
322 322 322 321 323 322 320 318 315 313 313 310 309 308 307 301 299 305 305 304 303 300 298 299 301 307 312 316 316 316 315 315 313 312 312 311 309 307 306 304 302 302 301 298 294 286 4 329 326 317 297 156 155 148 121 350 347 349 350 349 347 345 337 333 328 325 323 321 320 318 316 314 312 311 310 309 308 308 310 311 312 311 310 311 310 308 308 306 306 307 307 306 306 305
324 323 322 322 323 323 321 319 317 315 315 310 309 308 307 303 300 304 304 301 300 298 295 294 296 307 315 317 317 317 316 316 314 313 312 311 309 307 305 304 302 301 301 299 298 297 299 314 322 320 302 138 141 138 128 55 357 353 352 351 349 346 338 334 330 327 325 323 321 319 317 315 313 311 310 309 307 308 310 311 312 311 311 311 310 309 308 306 305 305 303 302 301 301
324 324 322 322 323 322 320 318 316 314 312 309 309 309 308 304 300 302 302 300 302 301 299 298 304 307 316 319 319 319 319 318 317 316 315 314 312 310 309 308 307 305 305 304 302 302 302 304 313 320 332 123 131 131 126 93 15 358 354 352 350 348 340 336 333 329 327 325 323 321 319 317 316 314 313 311 310 310 311 312 313 312 311 312 310 309 307 306 304 304 303 302 302 302
324 324 323 322 323 323 320 319 317 315 312 309 309 309 309 307 302 302 301 299 301 302 302 300 306 308 315 319 318 319 319 319 318 317 317 315 314 312 311 310 308 307 306 306 304 304 304 305 308 318 334 112 128 129 125 102 33 2 355 352 350 349 342 338 335 332 329 327 325 323 321 319 318 316 315 313 311 311 312 313 313 312 312 312 311 309 308 307 306 305 304 303 303 303
325 325 323 323 324 323 321 319 319 317 316 310 310 310 310 309 306 305 305 303 306 310 307 306 306 309 313 315 313 316 318 318 318 317 317 316 314 312 311 310 308 307 306 305 303 302 301 300 299 301 305 321 142 134 128 111 48 7 356 352 350 349 343 340 337 334 331 329 327 325 323 321 320 319 318 317 315 314 314 313 313 312 312 313 312 310 309 309 308 308 308 307 307 307
326 325 324 323 324 324 321 320 320 319 316 311 310 311 311 310 308 306 306 303 306 310 310 309 308 313 316 315 309 313 318 319 319 318 318 317 315 314 312 311 310 308 307 306 304 303 302 300 298 297 296 294 283 201 141 122 66 12 357 352 350 349 345 342 339 336 333 330 329 327 324 323 321 320 318 318 316 315 315 314 314 313 312 313 313 310 309 309 309 309 309 308 308 309
326 326 325 324 325 324 322 321 321 320 317 310 309 311 311 311 310 307 305 300 301 306 308 305 302 314 318 318 312 312 318 321 321 321 321 320 318 317 316 314 312 311 310 309 308 307 305 303 302 301 300 298 295 288 261 147 100 15 357 352 349 348 345 343 341 338 335 332 330 328 326 323 322 320 318 317 315 314 314 313 313 313 313 314 313 311 310 309 309 308 307 306 305 305
327 326 325 325 325 325 322 322 322 321 318 311 309 311 312 312 311 308 306 300 303 307 308 306 313 315 315 320 314 312 316 320 321 322 322 322 320 319 318 316 314 313 311 310 309 309 307 305 304 302 301 301 299 297 293 282 150 32 356 351 348 347 345 344 342 339 336 334 332 330 327 324 322 320 319 317 316 314 313 312 312 312 312 313 313 311 309 309 308 307 307 306 305 304
328 327 326 325 326 325 323 322 323 323 319 317 312 313 314 314 314 312 310 303 304 310 310 309 306 316 320 322 316 312 313 316 319 321 322 322 321 320 320 318 315 313 310 309 309 309 308 306 304 303 303 303 302 301 299 297 291 128 357 349 346 345 345 344 343 341 338 335 333 331 328 325 323 321 319 317 316 315 314 312 312 313 312 313 312 310 309 308 307 306 306 305 304 304
328 328 327 326 326 326 324 324 325 324 320 318 313 314 315 314 314 312 311 305 302 311 314 312 312 317 323 323 318 314 312 313 316 320 322 323 322 322 322 320 318 315 311 310 309 310 310 308 306 305 305 305 304 304 303 302 301 297 350 347 344 343 344 344 343 342 340 337 335 332 329 326 324 322 320 318 317 315 315 313 312 313 312 312 312 310 309 308 308 307 306 305 304 303
330 329 328 327 327 327 325 324 325 325 321 319 315 315 315 314 314 313 311 306 304 312 315 313 313 317 325 325 320 317 315 314 313 316 322 324 324 324 324 323 320 319 313 312 313 314 315 313 311 310 309 309 308 308 308 306 306 306 307 316 337 338 340 341 342 342 342 341 339 336 333 330 328 325 323 321 320 318 317 314 313 312 312 311 311 310 309 308 308 306 306 305 304 303
331 330 329 328 328 327 325 325 326 325 321 319 316 317 318 317 316 315 313 308 306 315 319 319 321 315 319 318 323 322 319 317 317 317 322 326 326 327 329 329 325 321 315 313 315 316 316 314 313 312 310 310 309 309 308 307 307 308 308 310 317 333 337 338 340 341 341 341 339 337 334 331 329 326 324 322 320 319 315 314 313 312 312 311 311 310 309 308 307 305 304 303 302 301
331 331 330 329 328 327 326 325 326 326 322 320 317 317 318 317 317 316 314 309 308 317 325 327 328 328 329 328 327 330 323 321 321 322 327 331 330 330 333 333 328 323 315 315 316 317 317 315 314 313 312 311 310 310 309 309 309 309 309 310 310 318 336 337 338 340 340 340 340 338 336 333 331 328 326 324 322 320 317 315 314 313 312 311 311 310 309 308 307 305 304 303 302 301
332 332 330 329 329 328 326 326 327 326 323 321 317 317 317 316 315 314 313 307 305 317 321 195 173 179 189 197 188 183 192 201 274 311 331 339 336 334 337 336 330 324 315 316 316 318 318 316 315 315 314 313 312 312 312 311 311 311 311 310 310 310 334 336 337 339 339 340 340 339 338 335 333 331 328 326 324 322 319 317 316 315 313 312 311 310 310 309 308 307 306 305 304 303
333 332 331 330 329 328 327 326 328 327 324 322 318 318 317 317 316 314 313 307 304 325 353 165 157 163 175 187 183 160 134 126 117 84 42 13 357 347 345 342 334 326 315 315 316 318 318 316 315 316 316 314 314 313 313 313 313 313 312 311 310 309 323 333 335 337 338 339 339 339 339 337 335 333 331 328 326 324 320 319 317 316 314 313 312 311 310 309 308 307 306 306 305 303
333 333 331 330 329 329 328 327 328 328 325 323 319 319 318 318 317 316 315 310 304 4 141 151 151 153 158 158 151 126 116 107 96 83 66 42 26 7 357 348 337 328 315 311 315 316 316 315 315 317 317 315 315 314 314 314 313 314 313 312 311 311 316 327 333 335 337 338 338 339 339 338 337 335 332 330 328 325 321 319 318 316 314 313 312 311 310 309 308 307 306 305 304 303
333 333 331 330 329 328 327 327 328 327 324 323 320 320 319 318 318 316 316 313 306 85 148 147 149 147 138 125 113 106 103 100 94 82 68 49 36 21 9 354 341 329 315 310 315 315 316 315 315 318 318 316 316 315 315 315 315 315 315 313 312 312 315 319 328 333 334 336 337 338 339 339 339 337 335 332 330 327 323 321 319 318 316 314 313 312 311 310 309 308 307 306 305 304
333 332 330 329 329 328 327 326 327 326 323 320 319 318 318 317 317 315 315 313 308 87 149 148 148 144 139 113 103 98 95 91 86 77 63 47 36 24 14 358 344 331 315 313 314 317 317 317 317 320 320 318 317 317 316 316 316 317 317 315 314 313 315 316 321 328 331 333 334 336 338 339 339 339 337 334 332 330 328 324 322 320 319 317 316 315 314 313 312 311 310 309 308 307
332 332 330 329 328 327 326 326 326 325 322 320 319 318 317 317 316 315 315 312 309 71 154 154 149 142 132 107 99 96 93 89 83 73 60 45 34 23 15 359 345 331 315 312 313 314 316 317 318 321 321 318 318 318 317 317 317 317 317 316 315 315 315 316 318 323 328 330 332 334 336 338 339 339 338 336 334 332 330 326 324 322 321 319 318 317 316 315 314 313 312 311 310 309
331 331 329 328 328 327 326 325 325 324 322 320 319 317 316 316 315 313 313 310 308 335 162 162 150 142 130 103 95 92 89 86 79 69 57 44 32 21 14 359 345 331 315 312 313 313 314 316 317 320 321 318 318 319 319 318 319 319 319 318 317 316 316 316 317 319 323 328 330 332 334 336 338 339 338 338 336 334 332 328 326 325 323 322 320 319 318 317 316 315 314 313 313 312
329 330 329 328 327 326 325 325 325 324 322 321 320 318 317 316 315 313 312 308 306 315 171 163 149 140 112 100 93 89 86 82 75 65 54 42 30 20 12 358 344 331 315 309 313 313 312 317 318 321 321 318 318 320 320 319 319 319 319 318 318 317 317 316 316 317 319 324 328 330 332 334 336 337 338 338 337 336 333 329 328 326 325 323 322 321 320 319 318 317 316 315 314 313
324 327 327 327 326 325 324 323 323 323 322 322 322 319 318 317 316 314 313 309 307 318 179 163 146 138 125 96 89 85 81 76 69 61 50 39 29 18 11 357 344 331 315 309 313 311 310 316 319 322 322 320 319 322 322 320 320 319 319 318 318 318 317 317 316 316 317 320 325 329 331 333 335 336 337 338 338 336 335 330 328 327 325 324 322 321 320 319 318 317 316 315 314 313
320 323 324 325 325 324 323 323 323 322 322 322 322 320 319 318 317 316 314 309 307 322 163 158 143 136 124 93 85 81 77 72 65 57 47 37 27 17 9 357 344 332 317 310 314 310 307 315 318 321 322 320 320 323 323 321 320 320 319 319 318 318 317 317 316 316 317 318 320 324 328 331 333 334 336 337 337 337 336 332 330 328 326 325 323 322 321 320 319 317 316 315 315 314
319 319 319 320 322 323 322 322 322 322 321 322 323 321 321 320 320 318 317 312 308 329 149 152 140 134 104 90 82 77 73 68 61 53 45 35 26 15 8 356 345 335 322 315 315 313 308 315 318 320 321 320 320 323 325 322 321 321 320 319 318 318 317 317 317 317 317 317 318 320 323 328 331 333 334 335 336 337 336 333 331 329 327 326 324 323 322 321 319 318 317 316 316 315
320 319 317 317 319 320 320 320 321 321 320 321 322 321 321 321 320 319 318 314 310 353 151 150 140 133 103 88 79 74 69 64 58 51 42 33 24 13 5 353 342 333 323 317 315 314 308 316 319 318 319 319 319 325 326 323 322 322 321 320 319 319 318 317 317 317 317 317 317 317 318 322 327 330 332 334 335 336 336 335 333 331 329 327 325 324 322 321 320 319 318 317 316 315
323 320 317 316 316 317 317 318 319 319 319 320 321 320 320 320 320 318 318 315 310 352 156 150 139 134 103 86 77 71 66 62 56 49 42 33 24 13 4 351 341 332 323 315 314 305 304 314 316 308 310 314 318 325 328 325 324 323 322 321 320 320 318 318 317 317 317 317 316 316 317 318 321 327 330 331 333 334 336 335 334 332 330 329 327 325 323 322 321 320 319 318 317 316
322 321 318 316 315 314 314 314 315 316 317 319 319 319 319 320 320 318 318 315 312 341 153 151 138 133 105 86 75 69 64 60 55 49 42 34 25 14 4 351 340 332 324 318 315 304 303 314 317 298 281 305 316 327 329 327 325 325 324 322 321 321 319 318 318 317 317 317 316 316 316 316 318 321 326 329 331 333 335 336 335 334 332 330 328 326 324 323 322 320 319 318 317 317
316 319 316 315 314 313 310 309 307 309 311 316 317 317 317 319 320 318 319 317 315 332 343 146 135 124 106 86 74 67 63 58 54 49 43 36 27 17 6 352 340 331 325 319 316 306 304 316 316 307 268 272 312 331 332 329 327 326 325 323 322 321 319 319 318 318 317 317 316 316 316 316 317 318 321 326 329 331 334 335 335 334 333 331 329 327 325 324 322 321 320 319 318 318
312 315 313 313 315 314 311 308 305 306 308 313 315 316 316 318 319 317 318 318 316 332 5 130 131 122 107 87 74 66 61 57 54 50 44 38 31 22 10 356 344 334 327 322 318 309 309 304 326 169 162 161 234 13 337 332 329 328 326 324 323 322 320 319 319 318 318 317 317 316 316 316 316 317 318 321 325 329 331 334 335 335 334 333 331 328 327 325 323 322 321 320 319 318
311 313 310 311 316 316 313 310 306 307 308 312 313 314 316 318 317 316 317 317 316 324 333 150 137 129 108 88 74 65 60 56 53 49 44 38 31 22 10 357 346 338 331 326 322 317 315 305 107 149 156 162 226 81 343 335 332 330 328 326 324 323 321 320 320 319 319 318 317 317 317 317 317 317 317 318 320 325 329 333 334 335 335 334 332 330 328 326 324 323 321 320 319 318
315 319 313 309 314 316 315 312 306 307 309 310 306 306 308 312 314 313 314 315 315 320 323 311 306 128 108 92 76 66 58 53 50 48 43 37 30 20 7 352 345 338 332 328 328 324 324 87 121 136 154 157 136 43 351 346 338 334 331 329 327 326 323 322 322 321 320 320 319 318 318 317 317 317 317 316 316 317 319 329 331 333 334 334 334 332 330 328 326 325 323 322 320 320
319 322 316 311 312 313 312 311 306 305 307 307 306 305 306 310 312 312 313 314 314 314 316 316 315 123 105 94 79 67 58 53 48 43 37 28 17 5 353 347 343 338 331 328 328 330 349 93 118 138 156 153 137 71 19 354 341 337 333 330 328 327 324 323 322 322 321 320 319 319 319 318 318 317 317 316 316 316 316 325 329 331 333 334 334 333 332 329 327 326 324 323 321 321
322 325 318 312 308 304 306 308 305 304 308 307 305 305 308 311 313 314 315 316 316 316 317 318 315 118 101 95 83 70 59 52 46 40 32 23 11 360 350 345 341 317 327 325 319 328 26 100 147 160 164 158 142 101 37 3 346 339 335 332 330 328 325 323 323 322 321 320 320 319 319 319 318 318 317 317 316 316 315 320 325 329 331 333 334 333 333 331 329 327 326 324 323 322
326 326 318 312 306 298 297 302 301 302 307 308 309 309 309 310 312 313 314 316 317 317 318 320 320 67 93 94 89 77 63 53 45 37 28 18 7 357 349 344 339 334 313 315 325 327 0 132 189 184 177 169 152 123 60 13 351 343 338 334 331 329 325 324 323 322 321 321 320 320 319 319 319 318 318 317 317 316 316 316 320 326 329 331 333 333 333 332 330 329 327 326 324 323
331 328 319 312 305 297 293 296 297 301 307 308 309 309 309 309 310 311 312 314 315 316 317 319 322 21 91 98 99 89 74 60 46 34 23 14 4 355 348 343 338 335 324 320 327 328 305 214 208 200 191 184 170 146 101 23 356 346 340 336 332 330 326 325 324 323 322 321 321 320 320 319 319 319 318 318 317 317 316 315 316 321 327 330 331 333 333 332 331 331 329 328 326 325
