data/real/Dogrib_v624/conserv_mass_moment/windninja_270_30_100m_ang.asc
NCOLS 357 
NROWS 223 
XLLCORNER 457900 
YLLCORNER 5716800 
CELLSIZE 100 
NODATA_value -3.4e+38 
[rows 126 to 167 of 223, columns 188 to 281 of 357]
285 279 279 279 279 283 285 286 288 289 289 288 287 286 285 285 284 285 286 291 295 293 291 289 285 284 283 283 283 283 282 282 281 280 279 276 276 274 269 258 253 252 245 256 268 274 275 274 274 274 274 273 272 272 273 274 274 275 278 279 278 277 273 271 269 268 264 264 265 266 271 272 272 271 270 270 270 271 271 272 272 272 273 274 274 278 281 286 290 291 290 291 290 287
288 279 278 278 278 283 286 287 289 290 290 289 289 286 285 285 284 282 286 289 294 293 292 291 287 284 284 283 283 283 283 283 284 283 281 277 277 274 270 262 259 260 260 266 273 277 278 274 273 272 272 273 274 274 275 275 276 277 280 280 280 278 271 268 267 265 264 264 266 267 271 274 274 272 271 270 270 271 272 272 273 272 272 273 275 281 285 291 295 295 295 297 296 292
292 282 279 278 278 282 286 287 288 290 290 290 290 288 286 286 285 283 283 288 292 293 293 292 289 286 285 284 283 283 283 284 284 284 282 278 277 276 272 266 264 265 267 274 278 280 280 276 274 273 273 274 274 275 276 276 277 277 279 280 279 277 271 268 268 266 266 267 268 270 273 276 275 273 272 272 271 272 272 273 273 273 273 274 275 279 288 295 297 298 298 300 300 296
295 292 285 283 282 283 286 286 287 289 289 289 289 288 287 286 285 284 284 287 291 292 292 292 290 288 287 286 285 285 285 285 285 284 282 278 277 276 274 270 269 269 272 277 281 282 281 278 276 275 275 274 275 276 277 277 277 277 278 278 276 275 270 268 267 267 268 269 270 272 277 277 277 276 275 274 273 273 273 274 274 274 274 276 278 283 299 317 305 303 303 305 304 301
298 296 291 289 286 283 284 284 284 286 288 288 288 288 287 287 286 285 287 287 289 291 291 291 291 290 289 288 287 286 286 286 285 284 282 278 278 277 276 274 273 274 275 280 282 283 282 280 279 278 277 274 274 276 277 277 278 277 276 275 274 273 270 269 270 270 272 273 274 275 278 279 279 278 278 277 276 274 274 275 275 276 276 277 278 285 292 10 297 305 306 309 308 305
301 299 294 292 289 283 282 281 281 285 288 288 289 290 289 288 288 287 287 287 288 290 291 292 293 292 291 290 288 288 287 287 286 285 283 280 279 279 279 278 277 277 277 281 283 284 283 282 281 279 278 273 274 275 277 278 278 278 276 274 274 273 273 272 272 273 275 277 277 279 280 280 280 280 280 279 277 275 275 275 276 276 276 277 277 278 279 288 285 294 300 306 309 309
303 302 297 295 292 286 284 283 282 284 287 288 289 289 289 288 288 288 287 287 288 289 290 291 293 293 292 291 290 289 288 288 287 286 284 280 280 280 282 282 281 280 279 281 283 283 282 281 280 279 278 273 274 275 279 280 280 280 277 276 275 275 275 275 275 276 279 280 280 280 281 281 281 281 281 280 278 275 275 275 275 276 276 276 275 275 276 278 279 284 289 295 305 313
303 303 299 297 295 291 289 287 285 286 288 288 288 289 288 288 288 287 287 287 287 288 289 290 291 291 291 290 289 288 288 288 288 287 286 282 281 282 284 287 286 284 282 282 282 282 281 279 278 276 275 272 272 274 278 280 281 281 280 279 279 279 279 280 280 281 284 285 285 284 284 284 284 283 282 280 278 275 274 274 274 275 276 275 274 274 275 277 281 285 291 295 302 314
304 304 303 299 297 295 293 292 289 287 287 287 287 288 287 287 287 287 287 286 287 288 289 290 290 290 290 289 289 289 288 289 290 289 288 283 282 283 286 290 289 288 285 282 281 280 278 276 274 273 272 271 273 275 279 282 282 284 284 284 284 284 285 285 285 285 286 287 287 286 286 285 285 283 282 280 278 275 273 272 272 275 275 274 273 272 273 277 283 290 296 300 304 314
305 305 304 301 299 298 295 293 291 286 285 285 285 286 286 286 287 288 287 287 288 289 289 290 290 290 290 290 291 290 290 291 292 291 290 283 282 283 286 291 290 289 286 280 278 277 276 274 272 272 271 272 274 275 279 282 283 286 287 287 287 288 288 288 288 287 287 287 287 285 284 284 283 282 280 279 277 273 271 270 270 273 274 272 270 267 269 275 287 297 303 309 312 316
305 305 303 302 300 299 297 295 292 288 286 286 285 286 286 286 286 287 287 286 286 287 287 288 289 289 289 289 290 290 290 290 291 290 289 283 282 283 285 290 290 288 286 280 277 276 275 273 272 271 271 272 274 275 278 281 283 285 288 288 289 289 290 289 289 288 288 288 287 284 284 283 282 281 279 278 276 272 270 269 269 271 271 270 267 254 256 264 292 310 316 323 322 322
301 303 303 301 300 299 297 295 293 289 288 288 287 288 288 288 288 288 288 286 284 285 285 285 287 287 287 288 289 290 289 289 289 288 285 282 281 281 283 287 287 285 283 278 275 274 273 273 273 273 272 272 273 274 277 279 281 284 288 288 289 290 290 290 290 289 288 287 287 283 283 282 281 280 279 277 276 273 271 270 269 269 268 267 261 180 159 119 57 31 359 356 344 337
292 303 303 302 301 300 297 295 293 291 290 289 289 288 288 288 288 288 287 285 281 280 280 279 283 284 285 285 288 289 289 288 286 285 283 281 280 280 281 284 283 281 279 275 273 273 273 275 276 276 276 274 275 275 276 278 280 283 287 288 288 289 289 289 289 288 286 285 285 281 280 279 279 280 278 277 276 274 273 272 272 268 263 259 158 125 103 93 83 71 56 39 18 2
283 302 304 303 303 302 299 297 295 292 290 289 288 287 286 285 284 283 282 279 274 272 272 271 274 275 277 278 284 286 285 284 281 280 280 286 282 279 277 280 280 279 278 275 274 274 274 278 278 277 275 272 270 270 273 274 275 276 280 281 282 284 285 286 286 285 283 282 281 278 277 276 276 278 277 275 274 274 273 273 272 267 261 86 106 103 98 94 89 83 75 66 54 42
287 297 303 305 305 304 300 298 295 293 290 289 287 286 285 284 283 282 281 279 275 273 273 273 275 276 276 275 283 287 282 280 279 295 62 6 244 249 254 260 263 265 265 263 262 263 264 267 268 268 267 265 264 265 268 269 270 271 272 273 274 275 277 278 279 279 278 278 278 274 273 272 271 275 273 271 270 270 270 270 271 269 270 76 90 93 95 94 92 89 84 79 74 69
290 295 299 303 307 306 302 298 295 291 288 286 284 283 281 280 279 278 277 274 269 267 266 266 267 268 269 269 277 283 284 288 272 63 126 221 236 243 247 251 254 256 257 256 257 258 260 263 264 265 265 263 263 264 265 265 266 267 268 270 271 273 275 276 276 276 275 274 273 273 272 270 262 249 252 255 257 260 262 263 265 271 280 329 33 92 95 98 100 99 97 95 95 101
294 295 296 299 305 302 297 294 291 287 283 281 279 278 276 275 274 274 273 270 269 268 268 268 268 268 268 269 272 275 275 276 277 275 254 241 244 247 250 252 254 256 256 257 259 260 262 264 265 265 265 265 264 265 264 264 265 265 266 267 268 270 273 275 275 276 274 273 273 274 274 271 265 254 254 255 257 259 260 262 264 269 274 276 279 336 97 107 118 120 125 130 148 182
291 293 294 295 298 295 292 289 287 283 281 279 277 276 275 274 274 273 272 271 273 272 272 272 271 270 270 270 269 270 270 271 273 273 259 248 248 251 253 254 256 258 259 261 263 264 265 267 267 267 267 267 267 267 265 265 265 265 266 267 268 269 272 274 275 275 274 273 273 273 273 271 266 264 258 258 259 261 262 263 265 269 272 274 276 285 282 246 207 187 197 197 206 212
288 290 292 293 295 293 290 288 287 285 283 281 280 279 278 277 277 276 275 274 275 274 274 274 273 272 272 271 270 268 268 268 271 268 262 254 253 254 256 257 258 260 262 264 266 268 269 269 270 270 269 269 269 268 267 267 267 266 267 267 268 269 272 274 273 273 273 273 273 273 273 271 268 268 267 267 266 263 264 265 266 269 271 273 274 279 277 267 245 232 236 226 223 223
281 285 288 290 294 295 293 290 289 287 285 283 282 281 280 279 279 278 277 276 276 276 276 275 275 274 274 273 272 271 271 270 269 268 262 257 257 257 258 260 261 263 265 268 270 275 275 274 273 273 272 270 268 268 268 268 269 269 271 272 272 272 271 271 271 271 273 274 274 274 274 274 273 272 271 271 270 269 268 268 269 270 271 272 272 274 271 266 256 247 239 228 226 227
279 284 287 291 296 298 296 293 291 289 287 285 284 283 282 282 281 280 279 278 278 278 278 278 277 277 276 276 275 274 273 272 270 268 263 259 259 258 259 262 263 265 267 271 276 277 277 276 275 274 273 271 269 269 270 270 270 271 273 274 274 274 271 270 270 271 273 274 275 275 276 276 277 276 275 274 273 271 270 270 270 271 272 272 272 272 270 265 256 246 236 228 228 231
278 283 286 291 299 301 299 296 294 292 289 287 286 285 284 283 283 282 281 280 280 280 280 280 279 279 278 278 277 276 275 274 271 269 266 266 263 264 264 266 268 269 270 274 276 277 277 276 275 274 274 273 272 271 271 272 272 272 274 274 274 274 271 270 270 270 272 274 275 275 276 277 279 279 278 278 277 275 273 273 272 272 272 272 272 272 269 263 249 240 236 232 233 235
277 283 286 293 305 308 305 301 298 295 292 289 287 286 285 284 284 283 283 282 282 282 282 282 281 281 280 279 278 278 277 275 273 272 271 270 269 269 269 270 271 271 272 274 276 276 276 275 275 274 274 275 274 273 273 273 273 273 273 274 274 273 271 271 271 271 272 273 273 274 276 277 280 282 282 281 280 278 277 276 275 273 272 272 271 272 269 261 246 241 240 237 238 241
278 276 263 278 314 317 312 307 303 299 295 291 289 286 285 284 284 285 285 284 284 284 284 284 283 283 282 281 280 279 278 277 276 275 275 275 276 275 275 274 274 274 273 274 275 275 275 275 275 275 275 277 277 275 275 274 274 274 273 273 273 273 274 275 274 274 272 271 272 274 276 277 280 283 283 282 282 282 281 279 277 274 272 271 271 272 268 259 248 245 244 242 243 246
280 271 221 189 11 333 324 314 309 303 298 294 291 288 287 286 286 287 287 287 286 286 286 286 285 285 284 283 282 281 280 280 279 279 279 280 282 280 279 277 276 275 275 274 274 274 274 275 276 276 277 279 278 277 276 276 275 274 273 272 272 273 276 277 276 275 271 270 270 273 275 277 280 282 283 283 283 284 283 281 279 274 271 270 270 270 266 259 251 248 247 246 247 250
283 276 208 120 66 355 345 324 315 306 299 295 291 289 287 286 286 287 287 287 287 287 287 287 287 287 286 285 284 283 283 282 282 282 282 284 286 283 282 280 278 277 276 274 274 275 275 276 276 277 278 279 279 279 278 277 277 276 274 273 273 273 276 277 276 275 271 270 269 272 274 276 279 283 284 284 284 284 283 281 279 274 271 270 269 268 264 258 253 251 250 249 251 254
285 285 261 119 84 54 35 350 329 310 300 295 292 289 288 287 286 286 286 286 286 286 287 287 288 288 288 288 287 286 285 285 284 284 285 286 287 285 284 282 281 280 278 276 275 275 275 275 276 276 277 278 279 280 279 279 278 277 276 275 275 275 276 276 275 274 271 270 269 271 273 275 278 284 285 285 285 285 283 281 279 275 272 270 269 266 263 258 254 253 253 253 255 258
286 288 287 221 88 44 59 325 307 293 290 289 288 287 287 286 285 284 284 284 285 285 286 287 289 290 290 290 289 288 288 287 287 286 287 288 288 287 286 284 283 282 280 277 276 275 275 274 274 275 277 279 280 281 280 280 280 279 279 278 278 277 276 275 274 273 272 271 271 271 272 274 276 282 284 285 285 284 283 281 279 275 273 271 270 264 261 257 254 254 255 255 258 261
286 289 290 288 305 280 278 277 276 278 280 281 282 283 283 283 283 282 282 283 284 285 286 287 290 291 292 292 292 291 290 290 289 289 289 291 290 289 288 287 286 284 282 278 277 276 275 273 273 274 276 279 281 282 281 281 281 281 280 280 280 278 275 274 274 273 272 272 271 271 271 273 275 280 283 284 285 283 282 280 279 277 274 273 271 263 260 256 252 253 254 256 260 263
286 289 290 289 288 277 275 275 276 278 280 281 281 281 281 281 281 280 281 282 283 285 286 287 290 292 292 293 294 293 292 292 291 291 291 292 292 290 289 288 287 285 283 279 277 276 275 274 273 274 275 279 282 283 283 282 282 282 281 281 281 279 276 275 274 274 274 273 273 271 271 272 273 278 281 282 283 281 280 279 278 276 274 273 270 262 260 255 251 253 255 257 262 264
286 288 289 288 287 281 279 280 281 282 284 284 284 284 283 282 281 280 280 282 284 287 289 289 291 294 294 295 297 295 294 294 293 292 292 293 293 291 289 288 287 286 283 279 277 276 275 274 273 274 275 278 281 282 283 283 283 283 282 282 281 280 278 276 276 275 275 275 274 272 271 272 273 277 279 280 280 279 278 277 276 275 274 272 270 262 259 254 251 254 257 260 264 267
287 288 289 289 289 286 284 285 285 285 286 286 286 285 284 283 282 281 281 282 285 288 290 291 292 296 297 299 301 297 296 296 295 293 292 293 293 291 290 288 287 286 283 279 277 276 276 274 274 274 274 277 281 282 284 285 285 284 283 282 282 281 279 278 278 277 277 277 276 275 273 273 273 275 276 277 278 277 277 276 276 276 275 273 271 266 260 256 255 257 260 263 268 270
287 289 290 290 290 289 287 287 287 286 287 287 287 286 285 284 283 283 282 282 284 287 288 289 290 294 296 299 297 294 293 294 292 290 290 291 292 291 289 288 287 286 284 280 278 277 277 276 275 275 275 277 281 282 285 286 286 285 284 283 282 282 281 280 279 279 279 278 277 276 274 274 274 273 274 276 277 277 278 277 277 278 277 275 272 267 262 259 259 261 264 266 270 272
288 289 290 290 291 291 290 289 289 288 288 288 288 287 286 286 285 284 283 282 284 285 286 287 288 290 291 293 290 288 287 287 285 284 285 286 289 289 288 287 286 285 284 281 279 279 278 278 277 276 275 277 280 281 283 285 285 285 284 283 283 283 282 282 281 281 281 280 279 277 275 274 274 273 274 275 276 277 277 277 277 278 278 276 273 268 264 263 264 266 267 269 271 273
290 290 291 291 291 291 290 289 289 289 289 289 289 289 288 288 287 286 285 283 284 284 284 284 285 287 288 289 288 286 286 286 284 283 283 286 287 287 286 285 284 284 283 281 281 281 281 281 280 279 278 278 279 279 282 283 283 283 282 282 282 282 283 283 282 283 282 281 280 279 276 275 275 274 274 275 276 278 278 278 278 279 279 277 274 269 266 266 268 270 271 272 272 272
292 291 291 291 291 291 290 289 289 290 290 290 291 291 290 290 289 288 287 285 284 283 283 283 284 286 287 288 288 287 287 288 286 285 285 286 286 286 285 284 283 282 282 283 283 283 284 285 283 282 280 278 277 277 279 281 281 281 282 282 282 283 285 285 284 285 285 283 282 280 277 276 276 275 276 276 277 278 278 279 278 278 278 277 275 271 268 269 273 275 276 275 272 271
294 291 291 291 291 291 290 290 290 291 292 292 293 293 292 291 291 290 288 286 284 283 283 283 284 286 287 289 289 289 289 290 289 287 286 286 286 286 285 283 283 282 282 284 285 285 286 286 285 283 281 277 275 275 277 279 280 281 282 283 284 285 287 287 287 288 287 285 283 280 278 277 277 276 277 277 277 278 278 278 278 277 277 277 275 272 271 271 277 279 279 277 271 269
295 293 292 292 292 292 291 291 290 291 292 293 294 294 293 292 292 291 290 287 285 284 284 283 284 286 287 289 290 290 290 292 291 289 288 287 287 287 286 284 283 283 283 285 286 286 287 287 286 284 282 278 275 274 276 278 279 280 282 283 284 285 287 288 288 290 289 287 285 283 279 278 277 277 277 278 278 278 278 278 278 278 278 277 277 276 274 274 278 280 279 278 272 269
296 295 296 296 294 294 292 292 291 292 293 294 294 294 293 293 293 292 293 291 290 289 286 285 286 287 288 290 291 291 291 293 293 292 290 288 288 287 287 285 284 284 284 286 287 288 290 290 288 286 285 280 278 276 276 276 278 279 282 284 286 286 288 288 288 291 291 289 286 284 280 278 277 277 278 278 278 278 279 279 278 278 278 278 280 280 279 277 279 279 277 276 272 270
297 298 298 298 298 297 295 293 292 292 294 294 295 295 294 294 294 295 294 293 292 290 290 288 286 287 288 289 290 291 292 294 295 294 293 291 290 289 289 289 288 287 286 287 289 290 291 291 289 287 286 285 283 280 275 273 273 273 282 285 286 286 285 285 287 291 294 292 289 288 282 280 277 278 279 279 279 280 280 280 280 279 280 282 286 289 286 284 279 277 276 276 277 277
298 299 299 299 300 299 296 295 292 292 294 295 296 296 295 294 294 295 295 294 293 292 291 289 287 288 288 289 290 291 292 294 295 295 294 292 291 291 290 290 289 288 287 288 289 290 291 291 289 288 287 286 284 281 276 274 273 273 278 282 283 284 284 284 285 288 291 290 289 289 284 281 279 278 278 279 279 279 280 280 281 281 282 284 288 291 288 286 281 279 278 277 279 279
298 298 299 300 301 301 299 297 294 294 295 296 297 297 296 295 295 295 294 294 293 292 291 290 288 288 288 289 290 291 292 294 295 295 295 293 293 292 292 292 291 290 289 288 289 290 291 291 288 287 286 286 285 283 279 277 277 276 279 282 283 284 286 287 287 289 289 288 287 289 286 283 281 278 278 278 278 278 279 280 281 282 284 286 290 293 289 288 284 282 281 281 282 282
