data/real/Dogrib_v624/conserv_mass_moment/windninja_315_30_100m_vel.asc
NCOLS 357 
NROWS 223 
XLLCORNER 457900 
YLLCORNER 5716800 
CELLSIZE 100 
NODATA_value -3.4e+38 
[rows 126 to 146 of 223, columns 46 to 91 of 357]
39.6300010681152 36.3800010681152 35.4199981689453 35.3899993896484 35.4599990844727 35.6800003051758 35.8899993896484 35.6300010681152 31.2000007629395 28.1800003051758 25.5900001525879 23.9699993133545 25.6100006103516 26.3700008392334 26.6599998474121 26.9099998474121 28.2600002288818 29.7700004577637 31.25 32.6100006103516 33.4700012207031 34.0900001525879 34.1500015258789 33.6300010681152 33.189998626709 32.2000007629395 31.8899993896484 32.6800003051758 33.6500015258789 34.1800003051758 34.5400009155273 34.25 34.9500007629395 34.7599983215332 36.060001373291 30.1200008392334 30.3500003814697 28.0400009155273 27.7399997711182 31.9500007629395 34.5699996948242 34.5400009155273 37.2900009155273 38.9500007629395 39.689998626709 39.2099990844727
40.9700012207031 36.439998626709 34.5699996948242 34.1199989318848 34.2099990844727 34.9300003051758 35.5999984741211 35.4199981689453 31.2299995422363 28.8999996185303 27.2000007629395 26 26.6200008392334 26.25 25.4599990844727 24.8999996185303 26.3500003814697 27.8700008392334 29.4500007629395 31.0100002288818 32.0999984741211 33.0099983215332 33.4799995422363 33.4000015258789 33.3800010681152 32.2599983215332 31.4699993133545 31.75 32.1500015258789 32.1699981689453 31.8500003814697 31.8999996185303 32.810001373291 32.6399993896484 34.0999984741211 30.7299995422363 30.4799995422363 32.2000007629395 25.9500007629395 29.3700008392334 33.4900016784668 34.4500007629395 37.3400001525879 39 39.3699989318848 38.7400016784668
42.5699996948242 36.75 33.7999992370605 32.5800018310547 32.4300003051758 33.560001373291 34.8300018310547 35.2900009155273 32.0699996948242 30.1200008392334 28.8099994659424 27.8799991607666 27.3799991607666 25.9500007629395 24.2299995422363 23.1100006103516 24.6900005340576 26.1800003051758 27.7199993133545 29.3299999237061 30.5100002288818 31.6499996185303 32.5 32.8499984741211 33.4000015258789 32.7799987792969 31.8400001525879 31.9099998474121 32.0400009155273 31.9799995422363 31.3899993896484 31.9899997711182 33.1500015258789 33.0800018310547 34.3400001525879 32.2700004577637 33.5099983215332 36.560001373291 43.5699996948242 37.2900009155273 34.4900016784668 32.810001373291 35.810001373291 37.1300010681152 37.2299995422363 36.7799987792969
43.810001373291 36.9700012207031 33.1199989318848 31.0799999237061 30.4599990844727 31.7099990844727 33.3600006103516 34.4500007629395 32.8199996948242 31.3799991607666 30.3299999237061 29.5300006866455 27.7999992370605 25.4599990844727 23.0100002288818 21.4799995422363 23.2199993133545 24.6599998474121 26.0900001525879 27.5699996948242 28.7000007629395 29.9699993133545 31.1499996185303 32 33.1500015258789 33.2999992370605 32.4199981689453 32.4599990844727 32.4599990844727 32.5299987792969 31.9599990844727 33.1699981689453 34.2400016784668 33.9300003051758 34.2299995422363 33 34.439998626709 36.4199981689453 46.1399993896484 39.689998626709 31.9599990844727 30.6900005340576 34.310001373291 35.4900016784668 35.2200012207031 34.6300010681152
44.939998626709 37.1300010681152 32.5999984741211 29.9500007629395 28.9099998474121 29.7700004577637 31.3400001525879 32.7900009155273 33.0099983215332 32.3699989318848 31.5799999237061 30.6100006103516 27.7700004577637 24.75 21.8899993896484 20.3199996948242 22.1599998474121 23.5 24.6900005340576 25.8400001525879 26.8400001525879 28.1399993896484 29.6000003814697 31.0200004577637 32.8400001525879 34.0900001525879 33.5400009155273 33.7999992370605 33.8400001525879 34.25 34.2599983215332 36.689998626709 38.75 39.439998626709 39.5800018310547 39.6699981689453 41.75 41.3300018310547 44.060001373291 32.7900009155273 29.2399997711182 29.0499992370605 31.9500007629395 32.8199996948242 32.6399993896484 31.8400001525879
45.1500015258789 37.3400001525879 32.7000007629395 29.8400001525879 28.2700004577637 27.9200000762939 28.5300006866455 29.5699996948242 31.1200008392334 31.4599990844727 31.2099990844727 30.4200000762939 27.2399997711182 24.1499996185303 21.2999992370605 19.75 21.3099994659424 22.2299995422363 22.8999996185303 23.5900001525879 24.5699996948242 25.8899993896484 27.5300006866455 29.3099994659424 31.3400001525879 33.1500015258789 32.8899993896484 33.4300003051758 33.4300003051758 33.7799987792969 33.5299987792969 34.9099998474121 35.9199981689453 35.8600006103516 34.5400009155273 34.4099998474121 35.8600006103516 34.9799995422363 35.0699996948242 45.4799995422363 46.1800003051758 34.5200004577637 40.7999992370605 37.8699989318848 34.3400001525879 31.7000007629395
46.1300010681152 38.4500007629395 33.7700004577637 30.5799999237061 28.3099994659424 26.5900001525879 26.0200004577637 26.3099994659424 28.8899993896484 30.3299999237061 30.9699993133545 30.5799999237061 27.0699996948242 23.7700004577637 20.7600002288818 19.1800003051758 20.5699996948242 21.1700000762939 21.4400005340576 21.75 22.6399993896484 23.8500003814697 25.4599990844727 27.3999996185303 29.5699996948242 32.1199989318848 32.2599983215332 33.2900009155273 33.4799995422363 33.8199996948242 33.5800018310547 34.2900009155273 34.689998626709 34.4199981689453 32.7599983215332 33.4599990844727 35.0200004577637 34.4799995422363 34.1399993896484 44.5400009155273 46.1699981689453 38.7599983215332 48.5800018310547 40.5400009155273 33.5699996948242 29.5699996948242
45.3699989318848 38.3499984741211 34.1699981689453 31.1100006103516 28.4699993133545 25.6700000762939 24 23.3899993896484 26.3099994659424 28.5699996948242 30.0900001525879 30.2000007629395 26.5799999237061 23.2099990844727 20.0799999237061 18.4799995422363 19.7700004577637 20.1900005340576 20.1900005340576 20.2199993133545 21 22.0400009155273 23.4799995422363 25.3600006103516 27.5599994659424 30.8299999237061 31.5100002288818 33.1699981689453 33.7099990844727 34.0400009155273 33.7599983215332 34.0099983215332 34.060001373291 34.0099983215332 32.439998626709 34.2099990844727 35.7400016784668 35.1199989318848 34.0699996948242 30.7399997711182 45.5900001525879 41.0099983215332 46.3600006103516 38.4799995422363 31.6000003814697 27.1100006103516
43.2200012207031 36.0400009155273 31.8899993896484 28.8400001525879 25.9200000762939 22.8099994659424 20.7999992370605 19.9099998474121 23.1900005340576 26 28.25 28.7900009155273 25.5699996948242 22.6399993896484 19.8099994659424 18.4300003051758 19.5400009155273 19.8299999237061 19.6599998474121 19.4500007629395 20.0699996948242 20.8400001525879 21.9400005340576 23.5200004577637 25.5599994659424 29.3799991607666 30.5699996948242 32.8499984741211 33.9799995422363 34.560001373291 34.1599998474121 34.0499992370605 33.6800003051758 33.8499984741211 32.9900016784668 36.2099990844727 38.8899993896484 39.8300018310547 40.4500007629395 40.5800018310547 44.9500007629395 53.4000015258789 51.25 34.0800018310547 27.8400001525879 25.7099990844727
33.6599998474121 27.7399997711182 24.2399997711182 21.7399997711182 19.4300003051758 17.3899993896484 16.1700000762939 15.7600002288818 16.7999992370605 22.1100006103516 24.9099998474121 26.2800006866455 24.5799999237061 22.9699993133545 21.1499996185303 20.1200008392334 20.8299999237061 20.7800006866455 20.2900009155273 19.7700004577637 20.1399993896484 20.4699993133545 21.0300006866455 22.1299991607666 23.9699993133545 28.0699996948242 29.6800003051758 32.060001373291 33.3600006103516 33.9199981689453 33.560001373291 33.9599990844727 33.8199996948242 34.3699989318848 33.6699981689453 36.060001373291 37.7599983215332 38.2299995422363 37.2400016784668 36.8199996948242 38.8400001525879 41.9199981689453 50.6100006103516 20.3099994659424 22.7399997711182 29.3899993896484
27.2099990844727 22.4699993133545 19.5200004577637 17.4599990844727 15.6300001144409 14.2200002670288 13.4499998092651 13.1999998092651 14.1199998855591 18.8600006103516 21.9300003051758 23.8500003814697 23.3999996185303 23.0200004577637 22.2399997711182 21.6800003051758 21.9699993133545 21.5499992370605 20.7399997711182 19.9899997711182 20.2399997711182 20.25 20.3400001525879 20.9500007629395 22.4500007629395 26.3700008392334 28.3500003814697 30.8500003814697 32.4300003051758 33.2599983215332 33.0800018310547 34.0699996948242 34.2000007629395 34.8899993896484 34.3800010681152 36.189998626709 37.2900009155273 37.7700004577637 36.3699989318848 36.9599990844727 38.9300003051758 40.5200004577637 50.2799987792969 43.8899993896484 16.5100002288818 29.9799995422363
22.1399993896484 18.4599990844727 15.960000038147 14.2200002670288 12.9099998474121 12.0699996948242 11.7600002288818 11.7700004577637 12.5500001907349 16.4899997711182 19.3999996185303 21.4899997711182 21.9500007629395 22.5799999237061 22.7399997711182 22.7800006866455 22.7399997711182 22.0300006866455 20.9500007629395 20.0900001525879 20.3299999237061 20.1499996185303 19.8700008392334 19.9899997711182 21.0799999237061 24.4599990844727 26.6700000762939 29.3899993896484 31.1900005340576 32.4300003051758 32.6500015258789 34.2799987792969 34.7000007629395 35.3800010681152 34.8899993896484 36.2099990844727 36.8499984741211 37.5 36.0999984741211 37.8899993896484 39.8300018310547 40.439998626709 32.9900016784668 44 13.9399995803833 30.5799999237061
19.7600002288818 16.9699993133545 14.8000001907349 13.1000003814697 11.9799995422363 11.2799997329712 11.039999961853 10.9399995803833 11.3599996566772 14.3000001907349 16.8999996185303 18.8500003814697 19.9899997711182 21.4599990844727 22.5599994659424 23.2900009155273 23.1200008392334 22.3700008392334 21.3099994659424 20.4799995422363 20.6900005340576 20.4300003051758 19.8899993896484 19.5699996948242 20.2299995422363 22.7299995422363 24.8099994659424 27.5499992370605 29.6399993896484 31.4400005340576 32.189998626709 34.5099983215332 35.5699996948242 36.3899993896484 35.9099998474121 36.9199981689453 37.1300010681152 37.9099998474121 37.0699996948242 40.4500007629395 43.6699981689453 44.9700012207031 35.4599990844727 43.2999992370605 19.2000007629395 28.9500007629395
20.2600002288818 17.5 15.2299995422363 13.3000001907349 11.960000038147 11.0100002288818 10.4700002670288 9.93000030517578 9.77000045776367 11.1700000762939 13.0600004196167 14.8100004196167 16.7099990844727 19.0499992370605 21.1399993896484 22.9500007629395 23.2900009155273 23.0900001525879 22.5200004577637 21.8999996185303 21.7700004577637 21.1900005340576 20.3099994659424 19.6200008392334 19.9899997711182 21.5300006866455 23.3199996948242 25.9699993133545 28.2000007629395 30.4300003051758 31.6299991607666 33.7999992370605 34.6599998474121 34.9900016784668 34.4099998474121 35.8499984741211 36.2200012207031 37.1399993896484 36.4700012207031 39.3800010681152 42.0699996948242 43.7599983215332 35.6300010681152 41.189998626709 42.6399993896484 23.7600002288818
19.3400001525879 16.6800003051758 14.5600004196167 12.6999998092651 11.3699998855591 10.3999996185303 9.85999965667725 9.26000022888184 8.97000026702881 9.34000015258789 10.5699996948242 12.1899995803833 14.460000038147 17.2800006866455 19.9599990844727 22.5100002288818 23.2199993133545 23.5300006866455 23.4099998474121 23.0499992370605 22.6299991607666 21.7399997711182 20.6000003814697 19.7099990844727 19.9500007629395 20.5599994659424 21.8899993896484 24.2000007629395 26.3299999237061 28.7399997711182 30.4200000762939 32.6599998474121 33.4900016784668 33.7200012207031 33.2000007629395 35.1399993896484 35.7999992370605 36.8300018310547 36.2599983215332 38.9000015258789 41.3400001525879 43.5299987792969 21.5400009155273 14.1000003814697 17.7999992370605 21.8099994659424
17.4400005340576 15.1000003814697 13.3599996566772 11.75 10.539999961853 9.59000015258789 9.10000038146973 8.57999992370605 8.05000019073486 7.92000007629395 8.43000030517578 10.1800003051758 12.7600002288818 15.9399995803833 18.9799995422363 21.8400001525879 22.6800003051758 23.3899993896484 23.7099990844727 23.7299995422363 23.1499996185303 22.0699996948242 20.7700004577637 19.8600006103516 20.1700000762939 19.9899997711182 20.6100006103516 22.3799991607666 24.2199993133545 26.5200004577637 28.75 31.1700000762939 32.1500015258789 32.4799995422363 32.1699981689453 34.7299995422363 35.7700004577637 36.9300003051758 36.3800010681152 38.7200012207031 40.7200012207031 42.4000015258789 30.5900001525879 24.2399997711182 25.0100002288818 25.3799991607666
13.9700002670288 11.9799995422363 10.7799997329712 9.67000007629395 8.94999980926514 8.3100004196167 8.14000034332275 7.92999982833862 8.52999973297119 8.55000019073486 8.52000045776367 10.1400003433228 12.4099998474121 15.4200000762939 18.4200000762939 21.0799999237061 21.8799991607666 22.8299999237061 23.4500007629395 23.7999992370605 23.2999992370605 22.4300003051758 21.3600006103516 20.6800003051758 20.9400005340576 20.1399993896484 19.8999996185303 20.9899997711182 22.3500003814697 24.2700004577637 26.5 29.0900001525879 30.5200004577637 31.2900009155273 31.0599994659424 34.0499992370605 35.6300010681152 37.189998626709 36.9300003051758 39.2900009155273 41.189998626709 42.7700004577637 43.7999992370605 36.2400016784668 33.8499984741211 23.3600006103516
9.07999992370605 7.76000022888184 7.23999977111816 6.73999977111816 6.69999980926514 6.48999977111816 6.84999990463257 7.09999990463257 8.96000003814697 10.289999961853 10.460000038147 11.8699998855591 13.5 15.6700000762939 17.8099994659424 19.7900009155273 20.9300003051758 22.3999996185303 23.6299991607666 24.7199993133545 24.9200000762939 24.8299999237061 24.5100002288818 24.25 22.7000007629395 21.3400001525879 20.25 20.9599990844727 21.9500007629395 23.5300006866455 25.6399993896484 28.2199993133545 29.9500007629395 31.2800006866455 31.2700004577637 33.4300003051758 34.7999992370605 35.7900009155273 36.3300018310547 38.6300010681152 40.1800003051758 41.310001373291 41.6399993896484 36.4700012207031 32.5499992370605 16.9899997711182
1.79999995231628 1.12000000476837 0.310000002384186 0.709999978542328 2.29999995231628 2.47000002861023 3.88000011444092 4.92999982833862 9.35999965667725 11.789999961853 12.5 15.710000038147 16.25 17.1800003051758 18.0799999237061 18.9099998474121 20.2299995422363 22.0100002288818 23.7399997711182 25.3299999237061 26.0100002288818 26.5599994659424 26.8799991607666 27.2600002288818 24.3099994659424 22.2999992370605 20.6000003814697 21.0900001525879 21.6599998474121 22.75 24.5 26.75 26.3600006103516 28.25 29.5599994659424 32.6699981689453 34.0499992370605 34.9199981689453 34.7599983215332 37.5099983215332 38.9599990844727 39.8800010681152 40.439998626709 39.2999992370605 38.0999984741211 19.9200000762939
5.03000020980835 5.07000017166138 4.67999982833862 3.08999991416931 0.870000004768372 1.6599999666214 3.5699999332428 5.32000017166138 9.59000015258789 13.539999961853 15.8299999237061 17.6399993896484 17.7800006866455 18.3099994659424 18.8099994659424 19.2900009155273 20.6200008392334 22.3600006103516 24.1000003814697 25.7900009155273 26.8700008392334 28.1900005340576 29.2900009155273 29.6000003814697 26.2999992370605 23.5799999237061 21.2399997711182 21.75 21.75 21.7399997711182 22.2600002288818 23.2199993133545 24.2700004577637 26.1100006103516 27.7999992370605 31.2099990844727 33.0299987792969 34.0299987792969 33.9199981689453 36.9799995422363 38.7200012207031 39.6599998474121 39.5 40.7999992370605 40.3199996948242 30.0499992370605
6.03000020980835 6.51999998092651 7.01000022888184 6.53000020980835 4.11999988555908 1.73000001907349 3.73000001907349 6.21000003814697 10.5500001907349 14.7299995422363 17.1700000762939 19.2000007629395 19.1200008392334 19.3400001525879 19.5100002288818 19.5499992370605 20.5900001525879 21.8600006103516 23.1900005340576 24.5599994659424 26.1100006103516 27.9599990844727 29.5 32.0400009155273 26.8500003814697 24.2600002288818 21.8899993896484 22.4400005340576 22.2600002288818 21.8199996948242 21.8700008392334 22.6399993896484 23.6100006103516 25.5599994659424 27.4799995422363 30.4899997711182 32.060001373291 32.8800010681152 32.689998626709 35.6599998474121 37.1500015258789 37.6300010681152 37.0400009155273 38.6599998474121 38.5900001525879 31.4300003051758
