data/real/Dogrib_v624/conserv_mass_moment/windninja_90_30_100m_vel.asc
NCOLS 357 
NROWS 223 
XLLCORNER 457900 
YLLCORNER 5716800 
CELLSIZE 100 
NODATA_value -3.4e+38 
[rows 42 to 62 of 223, columns 184 to 229 of 357]
21.7099990844727 23.0799999237061 15.3599996566772 19.2299995422363 15.9499998092651 12.4200000762939 11.789999961853 13.1099996566772 14.6999998092651 14.460000038147 13.4099998474121 11.8900003433228 9.60000038146973 10.3900003433228 14.2399997711182 20.4200000762939 29.9200000762939 29.1000003814697 27.2600002288818 25.2700004577637 23.7999992370605 21.2299995422363 19.5499992370605 17.4500007629395 17.6000003814697 17.7900009155273 17.6499996185303 17.1299991607666 16.9300003051758 16.7099990844727 16.1100006103516 15.0799999237061 15.4799995422363 16.3600006103516 17.0599994659424 17.7099990844727 18.2999992370605 19.0699996948242 20.6700000762939 19.4699993133545 14.8000001907349 10.789999961853 7.51000022888184 5.48999977111816 7.59000015258789 10.1000003814697
16.3400001525879 16.5 15.3599996566772 13.5500001907349 12.1499996185303 11.3599996566772 13.75 15.2799997329712 16.9599990844727 16.5 15.460000038147 13.8699998855591 11.4799995422363 12.3400001525879 15.960000038147 23.7800006866455 29.3500003814697 29.3299999237061 27.7099990844727 25.9899997711182 24.8299999237061 23.6200008392334 20.5300006866455 18.5 18.6499996185303 18.7800006866455 18.6100006103516 18.0599994659424 17.9400005340576 17.7999992370605 17.2999992370605 16.3700008392334 16.7299995422363 17.3999996185303 17.9500007629395 20.0799999237061 18.8899993896484 19.4400005340576 20.9400005340576 19.2600002288818 15.4499998092651 11.7700004577637 8.25 6.82999992370605 10.0699996948242 13.3999996185303
14.460000038147 15.25 16.0900001525879 16.9599990844727 17.7000007629395 18.1299991607666 19.8600006103516 20.6700000762939 21.4599990844727 21.2600002288818 20.9699993133545 20.2800006866455 19.2099990844727 20.3600006103516 22.3199996948242 24.9500007629395 28.2199993133545 28.2199993133545 27.9200000762939 26.9300003051758 28.0400009155273 26.1800003051758 23.0499992370605 21.3899993896484 21.5 21.5300006866455 21.2999992370605 20.6700000762939 20.9200000762939 21.1100006103516 21.0400009155273 20.6900005340576 21.0100002288818 21.2399997711182 21.2900009155273 21.1900005340576 21.1100006103516 21.0499992370605 21.1299991607666 19.2700004577637 16.8899993896484 14.4399995803833 11.6700000762939 11.8699998855591 14.6999998092651 17.7399997711182
21.1900005340576 21.3400001525879 21.7000007629395 22.0900001525879 22.3700008392334 22.4599990844727 22.8999996185303 23.0100002288818 23.0200004577637 22.8199996948242 22.5 21.9699993133545 21.2299995422363 21.7199993133545 22.6900005340576 23.8500003814697 25.1100006103516 25.5699996948242 25.8700008392334 26.9099998474121 28.9500007629395 27.4300003051758 24.5599994659424 23.1599998474121 23.1900005340576 23.1200008392334 22.7800006866455 22.0300006866455 22.3999996185303 22.6399993896484 22.7099990844727 22.5400009155273 22.6100006103516 22.5799999237061 22.3299999237061 21.9099998474121 21.6399993896484 21.3500003814697 21.0300006866455 19.3500003814697 17.9300003051758 16.3400001525879 14.3800001144409 15.0299997329712 17.3899993896484 19.9599990844727
25.3600006103516 24.9200000762939 24.9200000762939 24.9200000762939 24.9099998474121 24.8199996948242 24.6100006103516 24.4400005340576 24.1800003051758 24.1200008392334 24.0300006866455 23.8400001525879 23.5900001525879 23.8400001525879 24.2099990844727 24.5799999237061 24.7299995422363 25.1299991607666 25.8500003814697 27.2700004577637 29.6499996185303 28.4500007629395 26.0200004577637 24.8700008392334 24.8299999237061 24.7000007629395 24.3400001525879 23.6000003814697 24.0499992370605 24.3600006103516 24.5599994659424 24.6000003814697 24.6299991607666 24.5499992370605 24.2700004577637 23.7999992370605 23.5400009155273 23.1800003051758 22.6700000762939 20.9300003051758 19.9200000762939 18.6700000762939 17.1100006103516 17.7999992370605 19.7399997711182 21.8199996948242
28.0300006866455 27.5100002288818 27.5699996948242 27.5699996948242 27.6100006103516 27.6000003814697 27.1700000762939 26.9099998474121 26.5799999237061 26.5699996948242 26.5499992370605 26.5400009155273 26.5699996948242 26.6800003051758 26.8799991607666 27.0100002288818 26.9500007629395 27.1700000762939 27.4599990844727 28.1800003051758 29.4699993133545 28.5699996948242 26.8600006103516 26.0100002288818 25.8400001525879 25.6200008392334 25.1900005340576 24.4699993133545 24.8299999237061 25.1200008392334 25.3600006103516 25.4899997711182 25.4799995422363 25.3700008392334 25.0900001525879 24.6700000762939 24.5100002288818 24.2700004577637 23.8700008392334 22.5699996948242 21.7900009155273 20.7299995422363 19.3500003814697 19.8299999237061 21.1399993896484 22.3999996185303
28.6100006103516 28.1499996185303 28.4200000762939 28.6299991607666 28.9200000762939 29.1800003051758 28.7800006866455 28.5100002288818 28.1700000762939 28.2099990844727 28.2299995422363 28.3199996948242 28.5699996948242 28.4699993133545 28.5499992370605 28.5300006866455 28.4200000762939 28.4799995422363 28.4899997711182 28.5799999237061 28.8600006103516 28.2600002288818 27.1700000762939 26.6100006103516 26.3600006103516 26.1200008392334 25.7299995422363 25.1499996185303 25.5300006866455 25.8700008392334 26.2199993133545 26.5200004577637 26.5300006866455 26.4599990844727 26.2399997711182 25.8799991607666 25.8199996948242 25.6399993896484 25.3400001525879 24.3099994659424 23.6299991607666 22.6900005340576 21.4599990844727 21.6499996185303 22.2900009155273 22.75
28.3999996185303 27.9500007629395 28.4899997711182 29.0599994659424 29.7299995422363 30.3500003814697 29.8199996948242 29.4400005340576 29.0200004577637 29 29.0200004577637 29.1700000762939 29.5599994659424 29.2000007629395 29.1499996185303 29.0200004577637 28.8700008392334 28.7099990844727 28.4400005340576 28.0400009155273 27.5499992370605 27.4500007629395 27 26.8099994659424 26.5900001525879 26.4699993133545 26.2199993133545 25.8799991607666 26.3299999237061 26.7999992370605 27.2800006866455 27.75 27.7700004577637 27.7099990844727 27.5200004577637 27.2099990844727 27.2099990844727 27.0900001525879 26.8700008392334 26.1100006103516 25.5400009155273 24.7299995422363 23.6700000762939 23.4899997711182 23.4400005340576 23.1200008392334
25.8299999237061 25.2600002288818 26.1800003051758 27.4099998474121 28.8500003814697 30.4899997711182 30.0200004577637 29.6700000762939 29.3500003814697 29.2199993133545 29.0699996948242 28.9699993133545 29.0200004577637 28.7700004577637 28.8099994659424 28.9300003051758 29.1599998474121 28.7199993133545 28.1100006103516 27.2800006866455 26.2099990844727 26.4099998474121 26.8400001525879 26.9899997711182 27.0699996948242 27.1900005340576 27.1599998474121 27.0200004577637 27.6800003051758 28.4200000762939 29.1399993896484 29.8199996948242 29.9799995422363 30.0200004577637 29.9599990844727 29.8400001525879 29.8899993896484 29.8099994659424 29.7000007629395 29.2000007629395 28.7299995422363 28.0599994659424 27.1900005340576 26.9799995422363 26.7199993133545 26.1299991607666
22.1299991607666 21.1000003814697 22.6499996185303 25.0499992370605 28.0499992370605 31.6499996185303 31.1499996185303 30.7399997711182 30.5599994659424 30.0699996948242 29.5499992370605 28.8700008392334 28.1399993896484 28.4400005340576 28.8700008392334 29.6299991607666 30.6599998474121 29.6700000762939 28.7299995422363 27.4799995422363 26.0599994659424 26.3999996185303 26.8099994659424 26.8199996948242 27.0799999237061 27.25 27.2099990844727 26.9599990844727 27.7199993133545 28.6100006103516 29.5 30.3500003814697 30.6900005340576 30.8400001525879 30.9699993133545 31.1499996185303 31.1900005340576 31.1399993896484 31.1000003814697 30.7800006866455 30.3700008392334 29.7900009155273 29.0400009155273 28.9699993133545 28.8700008392334 28.4699993133545
17.3700008392334 15.960000038147 17.7099990844727 21.1499996185303 25.5 31.1399993896484 30.6900005340576 30.1599998474121 30.1000003814697 29.0900001525879 28.1499996185303 26.8400001525879 25.2999992370605 26.1200008392334 27.3400001525879 29.1200008392334 31.4699993133545 30.2199993133545 28.9099998474121 27.2099990844727 25.4200000762939 25.8600006103516 26.2800006866455 26.1299991607666 26.5200004577637 26.75 26.7000007629395 26.3299999237061 27.2099990844727 28.3600006103516 29.5499992370605 30.6700000762939 31.25 31.6499996185303 32.0999984741211 32.689998626709 32.7799987792969 32.75 32.7900009155273 32.5999984741211 32.2000007629395 31.6499996185303 30.9200000762939 30.8799991607666 30.75 30.4500007629395
12.039999961853 9.94999980926514 11.3100004196167 15.8299999237061 21.5900001525879 29.6100006103516 30.0699996948242 29.7900009155273 30.1200008392334 28.6499996185303 27.0200004577637 24.8099994659424 22.1900005340576 23.2999992370605 25.3799991607666 28.2299995422363 32.0699996948242 30.6499996185303 29.0499992370605 27.0400009155273 24.9400005340576 25.4799995422363 25.8799991607666 25.5300006866455 26.0699996948242 26.3600006103516 26.2600002288818 25.7199993133545 26.6599998474121 27.9500007629395 29.3899993896484 30.7800006866455 31.5300006866455 32.0999984741211 32.8600006103516 33.8800010681152 34.0499992370605 34.060001373291 34.2000007629395 34.1399993896484 33.7299995422363 33.2099990844727 32.5800018310547 32.6399993896484 32.5200004577637 32.3199996948242
13.8999996185303 11.2799997329712 12.4200000762939 17.0599994659424 22.9500007629395 31.1499996185303 32.2400016784668 32.3199996948242 33.3800010681152 31.0300006866455 28.9200000762939 26.1700000762939 23.0599994659424 24.3999996185303 26.7099990844727 29.7299995422363 33.7099990844727 31.9400005340576 30.0699996948242 27.6900005340576 25.2199993133545 25.4599990844727 25.2199993133545 24.3899993896484 24.9099998474121 25.2700004577637 25.1700000762939 24.6000003814697 25.8600006103516 27.9200000762939 30.4500007629395 33.4000015258789 34.4700012207031 34.8899993896484 35.5200004577637 36.4099998474121 36.5200004577637 36.5400009155273 36.7099990844727 36.7000007629395 36.3199996948242 35.9000015258789 35.5200004577637 35.4199981689453 35 34.560001373291
16.2099990844727 13.3100004196167 14.1000003814697 17.8400001525879 22.2600002288818 28.0499992370605 30.7199993133545 32.560001373291 35.8899993896484 33.310001373291 30.7199993133545 27.5100002288818 24.1200008392334 25.2299995422363 27.0699996948242 29.3600006103516 32.2900009155273 30.8299999237061 29.2000007629395 27.0799999237061 24.7700004577637 24.7999992370605 24.3899993896484 23.3099994659424 24.1499996185303 24.8799991607666 24.9400005340576 24.2900009155273 25.8299999237061 28.6800003051758 32.6699981689453 37.9099998474121 38.4799995422363 37.9500007629395 37.5900001525879 37.6300010681152 37.5400009155273 37.439998626709 37.4900016784668 37.3499984741211 37.060001373291 36.939998626709 37.1399993896484 36.7099990844727 36.1699981689453 35.4300003051758
19.4099998474121 16.1599998474121 16.6800003051758 19.7800006866455 22.9300003051758 26.4099998474121 30.4500007629395 33.9199981689453 39.6199989318848 36.5299987792969 33.7400016784668 30.1900005340576 26.7399997711182 27.8199996948242 29.0599994659424 30.4599990844727 32.1699981689453 30.7800006866455 29.2800006866455 27.3299999237061 25.1399993896484 24.9300003051758 23.9899997711182 22.3400001525879 22.7999992370605 23.2600002288818 22.8899993896484 21.7900009155273 23.2199993133545 26.7900009155273 32.5499992370605 41.189998626709 41.9500007629395 40.689998626709 39.560001373291 38.8300018310547 38.6500015258789 38.5099983215332 38.4599990844727 37.9900016784668 37.6399993896484 37.6599998474121 38.3300018310547 37.3699989318848 36.5999984741211 35.4700012207031
23.1499996185303 19.1200008392334 18.5499992370605 20.2999992370605 21.7800006866455 23.0200004577637 28.3099994659424 33.439998626709 41.6599998474121 38.4799995422363 35.5999984741211 31.8899993896484 28.3999996185303 29.3400001525879 30.0599994659424 30.8799991607666 31.6800003051758 30.6900005340576 29.3999996185303 27.6900005340576 25.7000007629395 25.2299995422363 23.1499996185303 20.4699993133545 19.5499992370605 18.8899993896484 17.6800003051758 16.2199993133545 17.7000007629395 22.2700004577637 30.1599998474121 43 45.0099983215332 43.1300010681152 41.4900016784668 40.2599983215332 40.2799987792969 40.310001373291 40.310001373291 39.8300018310547 39.4900016784668 39.5800018310547 40.4599990844727 38.4700012207031 37.0900001525879 35.2900009155273
29.1100006103516 24.8999996185303 24.5699996948242 25.4599990844727 25.8700008392334 25.6499996185303 30.8600006103516 36.0900001525879 44.4199981689453 40.8800010681152 37.9199981689453 33.9599990844727 30.3400001525879 30.75 30.9599990844727 31.2099990844727 31.2700004577637 30.3199996948242 29.0400009155273 27.3099994659424 25.1299991607666 24.1800003051758 20.3899993896484 16.7600002288818 14 11.9200000762939 10.0100002288818 8.67000007629395 10.0200004577637 15.25 24.8899993896484 40.7299995422363 43.7000007629395 41.5299987792969 39.7200012207031 38.2999992370605 38.3899993896484 38.3899993896484 38.2999992370605 37.810001373291 37.6199989318848 37.9000015258789 38.8899993896484 37.2000007629395 36.0800018310547 34.5200004577637
32.4900016784668 28.3500003814697 29.0499992370605 30.0100002288818 30.3899993896484 29.8700008392334 33.5900001525879 37.2400016784668 43.2200012207031 39.9199981689453 37.5699996948242 34.2200012207031 31.1499996185303 31.1599998474121 31.0400009155273 30.9200000762939 30.5599994659424 29.4300003051758 27.9300003051758 25.9200000762939 23.3400001525879 22.0699996948242 17.3099994659424 13.3100004196167 8.98999977111816 5.96000003814697 4.80000019073486 5.17000007629395 7.63000011444092 13.3599996566772 24.0499992370605 41.9099998474121 45.6800003051758 43.4199981689453 41.5900001525879 40.2000007629395 40.0400009155273 39.6800003051758 39.2599983215332 38.2299995422363 37.8199996948242 37.7000007629395 37.8800010681152 36.6500015258789 35.6500015258789 34.3499984741211
33.7700004577637 29.6900005340576 31.2099990844727 32.3400001525879 32.8899993896484 32.3699989318848 35.4099998474121 37.9599990844727 41.9099998474121 38.8600006103516 36.8300018310547 33.9300003051758 31.2600002288818 30.7099990844727 30.1100006103516 29.4899997711182 28.6499996185303 27.3099994659424 25.6000003814697 23.4099998474121 20.5599994659424 18.9500007629395 16.4300003051758 9.32999992370605 4.46999979019165 2.20000004768372 2.44000005722046 3.48000001907349 6.21000003814697 12.0900001525879 23.3799991607666 42.2599983215332 46.189998626709 44.0299987792969 42.3400001525879 41.189998626709 40.8300018310547 40.1800003051758 39.4900016784668 38.1300010681152 37.6399993896484 37.189998626709 36.5999984741211 35.8800010681152 35.1300010681152 34.2099990844727
34.1599998474121 30.1200008392334 32.1100006103516 33.1800003051758 33.7000007629395 33.0699996948242 35.4799995422363 37.2299995422363 39.7599983215332 37.3300018310547 35.3400001525879 32.7700004577637 30.4599990844727 29.5200004577637 28.6399993896484 27.7000007629395 26.5599994659424 25.1800003051758 23.3400001525879 20.9699993133545 17.8299999237061 15.6800003051758 12.6400003433228 5.80000019073486 1.5 1.58000004291534 2.75999999046326 3.1800000667572 5.73999977111816 11.5799999237061 23.1700000762939 42.5699996948242 46.5200004577637 44.4500007629395 42.939998626709 42.0699996948242 41.4500007629395 40.5 39.4900016784668 37.8300018310547 37.3199996948242 36.6599998474121 35.560001373291 35.5 35.0999984741211 34.5699996948242
34.7299995422363 30.3099994659424 31.4799995422363 31.8999996185303 31.9200000762939 30.8400001525879 32.7400016784668 34.2200012207031 36.3300018310547 34.1199989318848 32.3300018310547 30.2099990844727 28.25 27.4599990844727 26.4599990844727 25.2600002288818 23.7700004577637 22.3199996948242 20.25 17.6900005340576 14.4899997711182 11.8900003433228 8.81999969482422 3.10999989509583 2.05999994277954 1.46000003814697 3.24000000953674 4.98999977111816 8.47999954223633 14.6400003433228 25.4699993133545 42.9500007629395 46.689998626709 44.9700012207031 44.0400009155273 44 42.6800003051758 41.2999992370605 39.8199996948242 37.8199996948242 37.2900009155273 36.5099983215332 35.1300010681152 35.1500015258789 34.8199996948242 34.3499984741211
