data/real/Dogrib_v624/conserv_mass_moment/windninja_90_30_100m_ang.asc
NCOLS 357 
NROWS 223 
XLLCORNER 457900 
YLLCORNER 5716800 
CELLSIZE 100 
NODATA_value -3.4e+38 
[rows 49 to 97 of 223, columns 0 to 95 of 357]
121 121 122 123 121 114 111 106 103 101 100 99 99 98 97 96 94 94 94 93 93 93 93 94 95 95 96 98 99 100 101 102 104 106 107 109 111 116 117 119 121 123 124 126 128 130 134 139 145 152 155 154 156 159 161 163 164 164 160 158 155 152 148 144 139 134 129 125 122 119 117 115 132 154 175 195 217 221 222 224 225 231 238 242 242 245 237 224 224 205 197 194 200 200 233 233
120 120 122 122 121 115 112 108 106 104 102 100 98 97 96 95 94 93 93 93 93 93 94 94 95 95 96 97 98 99 100 101 103 104 105 105 108 112 113 115 116 119 120 122 124 126 129 134 140 147 150 150 154 158 160 162 163 163 159 158 156 154 150 147 142 136 130 126 122 119 117 112 123 145 170 195 221 222 223 226 230 235 240 241 242 242 237 230 198 180 168 171 179 179 207 207
120 120 121 121 121 117 114 111 108 106 104 101 98 97 96 95 94 93 93 93 94 94 94 95 95 95 95 96 97 97 98 99 100 101 101 102 103 105 108 110 111 114 115 117 119 121 124 129 134 141 146 147 152 158 160 162 163 162 159 159 157 155 152 150 147 142 135 130 125 122 119 111 115 137 170 205 232 234 236 240 241 241 240 238 237 235 229 221 169 155 145 153 161 161 210 210
120 120 120 120 120 118 115 113 110 108 106 103 100 98 97 95 94 94 93 93 94 94 94 95 95 95 95 95 96 96 96 97 98 99 99 99 100 103 104 106 107 109 111 112 114 116 119 124 129 135 141 145 150 159 164 163 163 162 160 160 159 158 155 153 152 149 143 138 132 127 123 112 110 133 187 229 244 245 246 246 244 242 240 238 236 234 228 219 148 136 127 136 148 160 177 215
120 120 120 120 120 119 117 115 112 110 107 105 102 100 99 97 95 94 94 94 94 94 95 96 96 96 95 94 94 94 94 95 95 96 96 96 97 99 101 102 103 105 106 107 109 111 114 119 124 130 136 142 149 159 166 164 164 163 162 162 162 161 158 156 155 153 150 147 143 138 133 117 106 161 242 254 254 254 255 254 251 248 245 241 239 236 230 220 131 123 116 123 134 144 161 218
120 120 120 119 120 119 118 116 114 111 109 106 104 103 101 99 96 95 94 94 94 94 94 96 96 96 95 93 92 92 92 92 92 92 93 94 95 96 97 98 99 100 101 102 104 106 109 113 119 125 133 141 150 161 167 165 166 166 164 165 165 164 160 158 157 155 153 151 149 149 149 139 119 241 255 256 253 253 253 253 251 249 246 242 240 237 233 229 121 117 110 114 125 138 158 212
121 121 120 119 119 119 119 118 115 113 111 108 107 105 103 100 97 96 95 94 94 94 94 96 96 96 94 91 90 89 89 88 88 88 89 91 91 92 93 94 94 95 95 97 99 101 104 108 114 122 131 140 151 162 168 167 169 171 169 169 169 168 163 161 159 157 155 153 152 153 159 179 215 245 250 249 247 247 247 246 245 245 242 240 241 241 262 65 118 117 108 108 120 136 160 194
122 122 121 120 119 120 119 118 117 115 112 110 109 108 105 103 99 97 96 95 95 94 95 96 96 95 94 91 90 89 88 87 86 86 87 88 88 89 89 89 89 90 90 92 94 97 100 105 112 122 133 144 155 166 169 172 174 177 174 174 174 173 168 165 161 158 157 156 154 157 166 194 219 234 239 239 240 241 240 240 240 240 240 243 248 254 286 349 149 128 110 108 124 140 158 153
123 123 122 122 120 120 119 118 117 115 114 112 112 111 109 106 101 99 97 96 95 95 95 95 95 95 94 92 91 89 88 86 85 85 85 85 84 84 83 83 83 83 85 88 91 94 98 105 114 127 142 152 162 170 174 177 181 184 181 180 180 178 173 170 165 161 160 158 157 160 184 201 220 229 233 234 235 235 233 230 229 227 227 235 246 254 263 280 245 147 110 110 119 125 131 126
125 125 123 123 120 120 119 118 118 116 115 114 114 114 113 111 106 102 100 98 98 97 96 96 96 95 94 93 92 91 89 87 86 85 84 83 82 81 78 78 78 78 82 86 91 96 103 112 126 143 158 164 170 174 178 182 186 190 188 187 186 184 180 177 172 167 166 165 166 170 193 206 217 223 227 227 228 226 223 220 218 218 220 228 240 250 259 267 269 249 101 107 111 113 116 117
126 126 124 124 121 120 120 119 119 118 117 116 116 117 118 118 112 107 103 101 101 100 98 98 98 97 97 96 95 94 92 89 88 87 86 83 81 80 78 78 78 81 88 95 101 108 117 129 142 156 165 167 171 173 178 182 188 192 191 191 190 188 186 185 183 181 182 182 187 193 199 210 215 217 220 220 221 219 216 215 214 214 216 222 231 242 255 268 276 230 96 102 104 99 99 100
125 125 124 124 122 121 120 119 119 119 118 117 117 118 119 121 114 109 105 103 104 102 101 102 103 103 103 101 99 97 95 92 91 89 88 84 83 82 82 84 87 93 102 109 116 123 130 139 147 156 161 163 165 167 173 177 183 188 188 188 188 189 189 192 194 199 206 213 221 226 226 225 222 221 220 219 217 214 212 211 210 210 213 217 226 239 256 279 313 54 94 98 100 101 104 98
123 123 123 124 122 121 121 120 120 119 118 117 118 119 119 121 117 114 113 111 111 109 107 107 109 110 111 110 107 105 102 100 99 97 94 92 94 96 98 101 105 110 114 119 123 127 133 138 143 149 153 155 158 159 166 170 176 179 179 181 182 184 186 192 199 210 224 237 247 251 250 247 236 231 226 222 218 214 213 212 211 211 213 216 226 238 258 306 45 95 96 97 99 99 101 105
123 123 122 124 123 122 121 121 120 119 118 118 118 119 119 121 119 117 116 115 114 113 110 109 111 112 114 115 113 116 111 109 108 106 103 110 105 107 109 111 114 117 121 123 127 130 133 137 141 145 148 150 152 154 161 164 168 170 171 172 173 176 180 186 196 208 222 235 246 254 256 252 247 241 235 229 224 220 217 216 213 211 210 209 215 223 259 74 88 98 99 94 95 95 94 99
122 122 122 124 124 123 122 122 120 119 118 117 118 119 120 121 121 120 120 119 117 116 114 110 112 113 115 116 116 118 118 114 113 112 115 114 115 114 116 118 120 122 124 127 129 131 134 137 140 143 146 147 149 151 157 159 163 164 164 166 167 169 173 179 187 198 209 220 232 245 255 255 252 247 242 236 231 226 223 219 215 210 206 201 199 182 71 94 95 98 99 96 97 96 93 93
120 120 121 123 124 121 121 121 120 118 117 116 116 118 118 120 120 120 119 118 117 116 114 112 113 114 115 117 118 117 117 117 116 116 116 115 116 118 121 123 124 126 128 130 132 133 136 138 140 143 144 146 148 149 155 155 158 159 159 160 160 162 164 167 171 175 193 200 210 224 237 249 250 249 246 242 238 233 229 225 220 212 204 194 179 133 98 96 96 97 98 92 95 95 92 88
116 116 118 120 121 120 121 122 120 118 117 116 116 117 118 119 120 119 119 119 117 117 116 115 115 116 116 116 117 117 117 117 117 117 118 118 119 120 123 124 126 127 129 131 132 134 136 138 140 142 144 145 147 149 153 155 157 158 157 158 159 161 163 164 167 168 169 172 176 180 187 205 217 226 233 237 239 240 239 236 232 216 204 186 138 111 99 82 80 79 80 86 92 95 91 77
114 114 116 118 120 120 121 123 121 118 117 116 116 118 118 119 119 119 119 119 118 118 117 116 116 116 116 116 117 117 118 119 119 119 120 120 121 122 124 125 127 128 130 131 133 134 136 138 140 141 143 145 146 148 152 154 156 156 156 157 158 160 161 163 164 165 165 167 170 173 178 190 199 208 217 226 233 237 240 239 237 231 220 169 124 101 94 71 69 67 69 81 90 96 92 74
113 113 114 116 118 119 120 122 120 118 117 115 116 117 117 118 118 118 119 119 118 117 117 116 116 116 116 116 116 117 118 119 119 120 120 121 122 122 124 126 127 128 130 131 132 134 135 137 139 141 142 144 145 147 151 152 155 155 155 156 157 159 160 162 163 163 164 165 167 170 172 180 185 191 197 206 215 223 231 235 238 237 236 165 101 74 70 54 54 53 55 72 86 94 91 69
112 112 114 115 116 117 118 120 119 117 116 115 116 117 117 117 117 117 117 117 116 116 115 115 115 115 115 115 115 116 117 118 118 119 120 120 121 122 124 125 126 128 129 130 132 133 134 136 138 139 141 142 144 146 149 151 153 153 153 154 156 157 159 160 162 162 163 164 166 168 170 175 178 181 185 191 197 205 213 223 231 238 249 265 51 5 11 14 22 25 27 46 71 89 86 51
111 111 112 113 114 115 116 118 118 117 116 115 115 116 116 116 116 116 116 116 115 115 115 115 115 115 115 115 115 116 117 117 118 119 119 120 121 122 123 125 126 127 128 129 131 132 133 135 137 138 140 141 143 144 147 149 151 152 152 153 154 155 157 158 160 161 162 163 165 167 168 172 174 176 179 183 187 193 200 210 222 236 255 281 340 331 333 329 330 333 333 324 310 285 249 3
109 109 110 111 111 113 114 116 117 116 116 115 114 115 115 115 115 115 115 115 115 115 115 115 115 115 116 116 116 117 117 117 118 118 119 120 121 121 123 124 125 126 127 128 129 131 132 134 135 136 138 140 141 143 146 148 150 151 151 152 153 154 155 157 158 160 161 162 164 165 167 170 171 173 175 179 182 187 191 200 211 226 247 272 306 313 315 307 302 298 295 286 278 273 270 295
108 108 109 110 110 111 112 114 116 116 115 115 114 114 114 114 114 114 114 114 114 115 115 115 115 115 115 116 116 116 117 117 117 118 118 119 120 121 122 123 124 125 126 127 128 129 131 132 134 135 136 138 140 141 144 146 148 149 149 150 151 152 154 155 157 158 159 161 163 164 165 168 169 171 173 176 178 182 185 192 200 212 231 256 285 295 297 292 286 281 277 270 266 264 264 273
107 107 108 109 109 110 111 113 115 114 114 114 113 113 113 113 112 112 112 112 113 113 114 114 114 114 115 115 115 115 116 116 116 117 117 118 119 120 121 122 123 124 125 126 127 128 129 130 132 133 134 136 138 139 142 143 146 147 147 148 149 151 152 154 155 157 158 159 161 162 163 166 167 169 171 173 176 178 181 187 192 202 213 234 253 264 272 275 272 269 266 262 260 259 260 262
106 106 107 108 108 109 110 111 113 113 113 112 112 112 112 112 112 111 111 111 112 113 113 113 113 113 114 114 114 115 115 115 116 116 117 117 118 119 120 121 121 122 123 124 125 126 127 129 130 131 133 134 136 138 140 142 143 144 145 146 147 149 151 152 154 155 156 157 159 160 161 164 166 167 169 171 173 175 178 183 187 196 205 222 233 236 243 249 251 251 250 251 251 251 253 251
105 105 106 107 107 108 109 109 110 111 111 111 111 111 112 112 111 111 110 111 111 112 112 112 113 113 113 113 114 114 114 115 115 115 116 116 117 118 119 119 120 121 122 123 124 125 126 127 129 130 131 133 134 136 138 140 141 142 143 144 145 147 149 151 152 153 154 156 158 159 159 162 164 166 167 169 171 173 175 179 184 191 199 214 220 222 226 230 234 236 238 240 241 242 244 241
104 104 105 106 106 107 107 108 109 109 109 110 110 110 111 111 110 110 110 110 110 111 111 111 112 112 112 112 113 113 113 114 114 114 115 115 116 117 117 118 119 120 121 121 122 123 124 126 127 128 129 131 133 134 136 138 139 140 141 142 144 145 147 149 150 152 153 154 156 157 157 160 162 164 165 167 169 170 172 176 180 186 194 206 213 215 217 220 225 227 230 232 233 234 236 234
103 103 104 104 105 105 106 106 107 107 108 108 108 109 109 109 109 109 109 109 109 109 110 110 110 111 111 111 111 112 112 113 113 113 113 114 114 115 116 117 117 118 119 120 121 122 123 124 125 126 128 129 131 133 135 136 137 138 139 140 142 143 145 147 148 150 151 152 154 155 155 158 160 162 163 165 166 168 170 173 176 182 189 200 207 209 211 214 218 221 224 227 228 230 231 231
102 102 103 103 104 104 104 105 105 106 106 106 107 107 108 108 109 108 108 108 108 108 108 109 109 109 110 110 110 111 111 111 112 112 112 113 113 114 115 115 116 117 118 118 119 120 121 122 123 124 126 128 129 131 132 133 135 136 137 138 140 141 143 144 146 148 149 151 152 153 154 157 158 160 161 163 164 165 167 170 174 178 184 192 200 202 206 208 213 216 220 223 224 226 227 227
101 101 102 102 102 103 103 104 104 104 105 105 105 106 107 108 108 108 108 108 107 107 107 108 108 108 109 109 109 110 110 110 111 111 111 112 112 113 113 114 115 115 116 117 118 119 119 121 122 122 124 125 127 129 130 131 132 133 135 136 138 139 141 142 144 146 147 149 151 152 152 155 157 158 160 162 163 163 165 168 170 173 178 185 194 197 201 204 209 213 217 220 221 222 222 223
100 100 101 101 101 102 102 102 103 103 103 104 104 105 105 106 107 107 107 107 106 106 106 106 107 107 108 108 108 109 109 109 110 110 110 110 111 112 112 113 113 114 115 115 116 117 118 119 120 121 122 123 125 127 128 128 129 131 132 134 135 137 138 140 142 143 145 147 149 150 151 154 155 156 158 160 161 162 163 165 167 169 173 179 188 193 198 201 206 210 214 217 219 221 220 222
99 99 100 100 100 100 101 101 101 102 102 102 103 103 104 105 106 106 106 106 105 105 105 105 105 106 106 107 107 107 108 108 108 109 109 109 110 111 111 112 112 113 113 114 115 115 116 118 119 119 120 121 123 124 125 126 127 128 130 131 133 134 136 137 139 141 143 144 146 148 149 152 153 154 156 158 159 160 161 163 164 165 168 173 183 190 195 198 203 207 212 215 218 220 221 223
99 99 99 99 99 99 100 100 100 100 101 101 101 102 102 103 104 104 104 105 105 104 104 104 104 104 104 105 106 106 106 107 107 108 108 109 109 110 110 110 111 111 112 112 113 114 115 116 117 118 118 119 120 122 123 124 125 126 128 129 131 132 134 135 137 139 140 142 145 146 147 150 152 153 155 157 158 158 159 161 161 161 163 169 178 187 194 197 201 205 210 214 218 220 220 222
98 98 98 98 98 98 98 99 99 99 99 100 100 101 101 102 103 103 103 104 104 104 103 103 103 103 103 104 104 105 105 106 106 107 107 108 108 109 108 109 109 110 110 111 111 112 113 114 115 116 116 117 118 120 121 122 123 124 126 127 129 130 132 133 135 136 138 140 143 144 145 149 150 152 153 156 157 157 158 159 159 159 161 165 174 184 192 196 200 204 207 210 216 218 218 222
97 97 97 98 97 97 97 98 98 98 98 99 99 99 100 100 101 102 102 102 103 103 102 102 101 101 102 103 103 104 104 105 105 105 106 106 107 107 107 108 108 108 109 109 110 110 111 112 113 114 114 115 116 117 119 120 121 122 124 125 127 128 129 131 132 134 136 138 140 142 143 147 149 150 152 154 156 156 157 158 158 157 160 163 170 180 182 194 199 203 206 210 215 218 219 224
96 96 96 96 96 97 97 97 97 97 97 98 98 98 99 99 100 100 101 101 101 101 101 101 101 101 101 101 102 102 103 103 104 104 104 105 105 106 105 106 106 106 107 108 108 108 107 110 111 110 112 113 114 115 117 118 119 120 122 123 125 126 127 128 129 131 133 135 138 140 141 145 147 148 150 153 153 153 154 155 157 157 159 160 165 173 179 194 199 204 205 207 215 217 219 225
95 95 95 95 95 95 95 95 95 95 95 95 96 96 96 97 97 98 98 99 99 99 100 100 100 100 100 99 99 99 100 101 101 102 102 103 103 104 105 105 106 106 107 107 107 107 106 106 107 108 110 111 112 113 115 115 116 117 118 119 121 122 123 124 125 127 129 131 133 135 137 142 144 145 147 150 151 152 153 155 156 157 159 159 164 171 177 193 198 202 205 205 210 214 221 230
94 94 94 94 95 95 95 95 95 95 95 95 95 95 95 96 96 97 97 97 98 99 99 99 99 99 99 98 98 99 99 100 100 101 102 102 102 103 104 104 105 105 106 106 107 107 106 106 106 107 109 110 111 112 114 114 114 115 116 118 119 120 121 122 123 124 126 128 130 132 134 140 142 143 146 148 150 151 152 154 156 157 158 159 163 171 177 194 198 201 202 205 208 213 221 231
93 93 93 94 94 94 94 94 94 94 94 94 94 94 94 95 95 95 96 96 97 98 98 98 99 99 99 98 98 98 99 99 100 100 101 101 102 103 104 104 104 104 105 105 106 106 106 106 106 107 108 109 110 111 112 113 113 114 115 116 117 118 119 119 120 122 123 125 127 129 131 137 139 141 144 146 148 149 151 154 155 156 158 158 162 171 178 185 194 200 201 204 207 213 221 231
93 93 93 93 94 94 94 94 93 93 93 93 93 94 94 94 94 95 95 95 96 97 97 98 98 98 98 98 98 98 98 99 99 100 100 101 102 103 103 103 103 104 104 105 105 106 106 106 107 107 108 108 109 110 111 111 112 112 113 114 115 116 117 117 118 119 121 123 124 127 129 135 137 139 141 144 147 149 151 153 155 156 158 159 163 171 179 185 193 196 198 202 204 210 219 230
92 92 92 93 93 94 94 93 93 92 92 92 93 93 93 93 93 94 94 94 95 96 96 97 98 98 98 98 98 98 98 98 99 99 100 101 102 103 103 103 103 103 104 105 105 106 107 107 107 107 107 107 108 108 110 110 111 111 112 113 114 115 115 116 116 118 119 121 122 124 127 132 135 137 140 143 146 147 150 153 155 156 158 160 165 172 179 184 190 193 195 200 200 206 213 223
91 91 91 92 93 93 93 93 92 92 92 92 92 92 92 92 92 92 93 93 94 95 95 96 97 97 97 98 98 98 98 98 98 99 99 100 101 102 102 102 103 103 104 104 105 106 107 107 107 107 107 107 108 108 109 110 110 111 111 112 113 114 114 115 115 116 117 119 120 122 124 129 132 135 138 142 144 146 149 152 154 156 159 161 166 172 178 184 188 191 192 196 193 199 199 200
91 91 91 91 91 91 91 91 91 91 91 91 91 91 91 91 91 91 91 92 93 93 94 95 95 96 96 97 97 97 98 98 98 98 99 99 100 101 102 102 103 103 103 104 105 106 107 107 107 107 107 108 108 109 110 110 110 110 111 112 113 113 114 114 114 115 116 117 118 119 121 125 129 132 135 140 143 144 147 151 154 156 159 162 167 172 178 183 187 188 189 191 186 188 177 158
91 91 91 91 90 90 90 90 91 91 91 91 90 90 90 90 90 90 90 91 92 92 93 94 94 95 95 96 97 97 97 97 97 98 98 98 99 100 101 102 102 102 103 103 104 105 106 106 107 108 108 109 109 109 110 110 111 111 111 112 113 113 113 114 114 114 115 116 116 117 119 122 126 130 134 138 141 143 146 150 153 156 159 162 167 171 176 182 185 186 187 189 181 182 164 143
91 91 91 90 90 90 90 90 91 91 91 91 90 89 89 89 89 89 89 90 91 91 92 92 93 94 94 95 96 96 96 96 96 97 97 97 97 99 100 101 101 101 102 102 103 104 105 106 107 107 109 109 110 110 111 111 111 111 111 112 112 113 113 113 113 113 114 115 115 115 117 120 124 128 132 137 140 142 146 150 153 155 159 162 167 171 176 180 183 183 184 183 174 172 151 131
92 92 91 91 90 90 90 90 91 91 91 90 89 89 89 88 88 88 88 88 89 90 90 91 91 92 92 93 94 94 94 94 95 95 95 95 95 97 98 99 99 100 100 101 102 103 104 105 106 107 108 109 110 110 111 111 111 111 112 112 113 113 113 114 113 113 114 114 114 115 116 117 121 126 130 135 139 141 145 150 153 155 158 162 166 170 175 179 181 180 180 177 168 164 145 127
92 92 92 91 91 90 90 90 91 90 90 90 89 88 88 87 87 87 87 87 87 88 88 89 89 89 90 91 91 92 92 92 92 93 93 93 93 95 96 96 97 97 98 99 99 101 103 104 105 106 107 108 109 110 111 112 112 112 113 114 114 115 115 115 115 114 115 115 115 115 116 116 119 124 128 133 136 139 143 149 153 154 157 161 165 169 173 178 179 176 175 172 164 158 145 126
95 95 94 94 93 93 93 93 93 92 92 91 90 90 89 88 88 87 87 87 88 88 88 88 88 88 89 89 90 90 90 90 90 90 91 91 91 92 93 94 94 95 95 96 97 99 101 102 103 104 105 107 108 109 110 111 112 112 113 114 114 115 115 115 115 115 116 116 116 116 117 116 118 122 126 130 135 138 143 149 152 153 156 159 164 168 172 176 177 173 171 168 161 156 151 139
100 100 98 97 96 95 95 95 94 94 94 93 93 92 91 91 90 89 89 89 89 89 89 88 88 88 89 89 89 89 89 89 88 88 89 89 89 90 90 91 91 92 93 93 94 96 98 99 101 102 102 103 105 106 108 109 110 110 111 112 113 114 114 115 115 115 116 116 116 116 116 115 116 120 124 128 133 137 142 149 152 152 155 159 162 166 170 174 174 171 169 166 160 154 151 150
