data/real/Dogrib_v624/conserv_mass_moment/windninja_270_30_100m_ang.asc
NCOLS 357 
NROWS 223 
XLLCORNER 457900 
YLLCORNER 5716800 
CELLSIZE 100 
NODATA_value -3.4e+38 
[rows 42 to 83 of 223, columns 188 to 281 of 357]
279 279 279 279 279 281 282 283 284 284 282 281 279 278 278 277 277 277 277 278 279 280 280 281 282 282 283 284 284 284 285 285 286 286 285 281 283 285 286 280 278 280 281 284 285 284 283 281 282 284 285 285 283 276 261 249 244 237 248 256 259 260 258 259 261 262 264 264 263 262 263 265 267 271 274 275 275 273 272 272 272 272 271 271 270 269 269 270 271 272 273 274 273 273
280 280 282 282 282 282 283 284 286 287 286 287 285 279 278 277 277 278 278 279 280 280 280 281 282 283 284 285 286 286 287 288 287 287 286 282 283 284 285 281 280 281 281 282 283 282 281 280 281 282 283 282 278 274 270 267 265 263 263 264 265 264 263 263 264 265 265 264 264 263 264 266 268 273 276 276 276 274 273 273 272 272 272 271 271 271 271 272 272 273 274 274 274 275
283 283 284 284 284 283 284 285 287 289 289 288 286 281 278 277 277 279 280 281 281 281 281 282 282 282 283 285 287 287 288 288 288 287 287 283 283 284 286 286 285 285 284 282 282 282 281 280 280 280 280 278 275 273 271 269 268 267 268 268 269 271 271 271 271 270 269 268 268 266 267 268 271 275 277 278 277 275 274 273 273 272 272 272 272 273 273 274 274 275 275 275 276 277
282 282 283 283 284 283 283 285 286 288 288 287 286 283 281 280 280 280 281 281 282 282 282 282 282 282 283 284 285 286 287 287 287 287 286 284 284 285 287 289 288 288 287 285 284 283 281 280 280 280 279 278 275 274 273 272 272 272 273 273 273 273 273 273 273 273 271 271 271 272 273 274 274 276 278 278 277 275 274 273 272 272 272 272 272 273 273 274 275 275 275 276 276 277
283 282 283 283 283 283 284 285 286 288 288 287 286 285 284 283 282 281 281 281 282 282 282 282 282 282 282 283 284 285 285 286 286 286 286 285 286 287 289 291 290 290 289 287 285 284 282 280 280 280 279 278 276 276 275 274 274 274 274 274 274 274 275 275 275 275 275 275 275 276 277 277 277 277 278 277 276 274 273 272 272 272 272 272 272 273 273 274 275 275 276 276 276 277
285 284 284 284 285 285 285 286 287 288 289 288 288 287 286 285 284 282 281 281 281 281 282 282 282 282 282 283 284 284 285 286 286 286 287 287 288 288 290 292 291 291 290 288 286 285 283 281 280 280 279 279 277 277 276 276 275 275 274 274 274 275 276 276 277 277 278 278 278 279 279 279 278 277 277 276 275 273 272 272 271 271 271 272 272 272 273 274 275 276 276 276 276 277
286 285 285 285 285 285 286 286 287 288 288 288 288 288 287 287 286 283 282 281 281 281 281 281 282 282 282 282 283 284 284 285 285 286 286 287 288 289 290 292 292 291 291 289 287 286 284 281 281 280 280 280 278 278 277 277 277 276 275 275 275 276 277 278 278 279 279 280 280 281 281 280 279 277 277 277 276 274 273 272 272 272 272 272 273 273 274 275 275 276 276 276 276 276
286 285 285 285 286 286 287 287 287 287 287 287 287 287 287 286 286 284 282 282 282 281 281 281 281 281 281 282 282 283 283 284 284 285 285 286 287 288 289 291 291 290 290 289 288 287 285 282 282 281 280 280 279 279 278 278 278 277 276 276 276 277 278 278 279 280 280 281 281 282 282 281 280 277 277 276 275 274 273 272 272 272 273 273 274 275 276 276 277 277 277 277 276 276
287 285 286 287 287 288 288 288 288 287 286 286 285 286 287 286 286 285 283 283 282 282 281 281 281 280 280 281 281 282 282 283 284 284 285 286 287 288 289 290 290 290 291 291 289 288 286 284 282 282 281 281 280 280 279 279 278 278 277 277 277 278 279 279 280 280 281 281 282 283 283 282 280 277 276 275 275 274 273 273 273 274 274 275 276 277 278 278 278 278 278 277 276 276
290 287 288 288 288 289 290 290 290 288 286 286 285 287 288 288 288 287 284 283 282 281 281 280 280 279 279 280 280 281 282 283 284 285 285 287 288 289 290 290 291 291 292 292 291 290 288 285 284 283 282 282 281 280 280 279 279 279 278 278 278 278 279 279 280 280 281 281 282 283 283 282 280 277 275 275 275 275 274 274 275 275 276 276 277 278 279 279 279 279 278 278 276 276
293 289 289 289 289 290 291 291 291 289 287 286 285 286 288 288 288 287 284 283 282 280 280 279 278 278 278 278 279 280 282 282 284 285 285 287 288 288 289 290 291 291 291 292 292 291 289 286 285 284 283 282 281 281 280 280 279 279 278 278 278 278 279 279 280 280 281 281 281 283 282 282 280 277 276 275 275 275 275 275 275 276 277 277 278 279 280 280 279 279 279 278 277 276
300 294 292 291 290 291 292 293 293 292 290 289 287 287 288 288 288 287 284 283 281 279 278 277 276 275 275 276 278 279 281 282 283 284 285 286 287 288 288 289 290 290 291 291 291 290 289 286 285 284 283 283 282 281 280 280 279 279 279 279 279 279 279 279 280 280 280 281 281 281 281 280 279 277 276 276 276 276 276 276 276 277 278 278 279 280 280 281 280 280 280 279 278 278
304 299 293 292 290 291 292 293 294 293 291 290 289 287 288 288 287 286 283 281 279 277 276 274 272 272 272 273 277 280 281 282 283 284 285 286 287 287 288 289 290 291 291 291 290 289 288 287 286 285 284 283 282 281 281 280 279 279 279 279 279 279 279 279 280 280 280 280 280 280 279 279 278 277 277 277 277 277 276 276 277 278 278 279 280 280 281 281 281 281 281 280 280 279
306 301 292 290 288 289 291 292 293 294 291 290 288 286 286 286 285 284 282 280 278 276 274 273 271 270 271 273 278 281 283 284 285 285 286 287 288 288 289 290 291 291 291 290 290 289 289 288 287 286 285 284 283 282 281 280 280 280 280 280 280 279 279 279 279 280 280 280 280 280 279 279 279 279 279 279 279 278 277 277 277 278 279 279 280 281 282 282 282 281 281 281 281 280
308 303 294 292 289 289 291 292 293 294 292 290 289 286 286 285 285 284 282 280 278 276 275 274 271 271 271 272 278 281 283 285 285 286 286 287 288 288 288 289 290 291 291 290 289 289 288 288 287 286 285 284 283 282 281 280 280 280 280 280 279 279 279 279 279 279 280 280 280 280 280 280 279 280 280 280 280 279 278 278 278 278 279 279 280 281 282 282 282 282 282 282 281 281
308 305 298 295 291 290 292 292 293 294 292 290 289 286 286 285 285 284 282 281 279 278 277 276 275 274 275 275 280 283 285 286 287 288 288 289 290 290 290 290 290 290 290 289 288 288 288 287 287 286 285 284 283 282 281 281 280 280 280 279 279 279 278 277 278 278 279 279 280 281 282 282 281 281 281 281 281 280 280 279 279 279 279 279 279 280 282 282 282 282 282 282 281 281
307 306 300 297 294 290 291 292 292 293 292 290 288 287 286 286 285 285 283 283 282 281 280 280 280 279 279 278 281 284 286 287 288 289 290 290 290 290 290 289 289 289 288 288 287 287 287 287 286 286 285 284 283 282 282 281 281 280 279 279 278 278 277 276 276 277 278 279 280 284 285 285 284 282 282 281 281 281 281 280 280 278 278 278 278 280 282 283 283 283 283 283 282 281
305 306 301 298 294 289 289 290 291 292 291 290 289 287 287 286 287 286 285 285 286 285 284 285 284 283 282 281 282 284 286 287 288 289 289 289 289 289 289 287 287 287 287 287 286 286 286 286 286 286 285 284 283 282 282 281 280 280 279 278 278 277 276 276 276 277 279 281 282 285 287 286 286 282 281 281 281 282 282 281 280 278 277 277 277 280 282 283 283 283 283 283 282 281
303 304 300 298 294 290 290 291 291 292 291 290 289 288 287 287 288 288 288 288 289 288 288 288 288 286 285 282 282 284 286 287 288 289 290 290 290 289 289 288 287 287 286 286 286 285 285 286 286 286 285 284 282 282 281 280 280 279 278 277 277 277 276 276 277 277 280 281 282 285 286 286 286 283 282 281 281 282 282 282 281 279 278 278 277 279 281 282 283 284 284 284 284 282
302 302 298 295 292 289 290 291 291 292 291 290 289 288 287 287 289 290 290 292 292 291 291 292 292 290 289 285 284 285 286 286 288 289 290 290 289 289 289 288 287 287 287 287 286 286 286 286 286 285 285 284 282 281 280 279 278 277 276 276 276 276 276 277 278 279 282 284 285 285 286 285 285 283 281 281 281 282 282 282 282 281 280 280 279 279 280 281 282 283 284 285 286 285
301 301 296 293 290 289 290 291 292 292 291 290 289 288 287 288 289 292 293 295 295 294 294 294 294 293 291 288 284 284 285 285 287 289 290 290 290 290 289 289 289 288 289 288 287 287 286 286 286 285 285 284 282 281 279 277 276 276 275 275 275 276 278 280 281 282 284 286 287 285 284 284 283 282 281 280 281 281 282 282 283 283 283 282 281 278 278 279 281 283 284 286 288 287
300 300 295 293 291 291 292 292 292 292 290 290 289 288 288 289 291 294 296 298 298 296 296 296 296 295 293 289 284 284 284 283 286 289 291 291 291 291 291 291 291 290 290 289 288 288 287 286 286 285 285 284 282 281 279 277 276 276 276 276 277 278 281 283 285 285 285 287 287 282 281 281 281 282 281 281 281 281 282 282 283 284 284 283 282 277 276 277 281 283 285 287 289 288
299 300 297 295 293 291 292 292 292 291 289 288 288 288 288 289 290 293 298 300 301 300 299 298 298 297 295 292 288 286 285 284 286 288 291 292 292 292 293 293 293 293 293 292 291 290 289 288 287 286 286 285 284 284 282 278 278 277 277 277 284 285 287 289 289 288 287 287 286 281 279 279 279 280 281 281 281 282 282 282 283 284 283 282 281 279 277 276 280 282 284 285 287 287
300 301 298 297 294 292 292 292 291 290 288 288 288 289 288 289 290 292 298 301 302 300 299 299 298 297 295 293 290 288 287 285 285 287 290 292 292 293 294 294 294 294 294 293 292 291 290 289 288 287 287 286 285 285 285 284 284 285 286 287 288 288 289 290 290 288 287 286 283 280 278 277 277 278 279 280 280 281 282 282 282 282 282 282 281 281 280 280 280 282 283 284 285 285
302 303 299 297 295 291 291 291 291 290 289 289 289 290 289 290 290 292 297 300 302 300 299 298 297 297 295 294 291 289 288 285 284 286 289 291 292 293 294 294 294 294 295 294 293 292 291 290 289 288 287 287 286 287 287 287 287 287 288 289 289 289 287 288 287 286 284 284 282 280 278 277 277 278 279 279 280 280 281 281 281 281 281 281 281 282 282 281 280 280 281 282 284 284
302 303 300 298 296 292 291 291 291 291 290 290 290 291 290 290 290 292 297 300 301 300 299 298 297 297 296 295 292 290 288 286 284 286 287 291 292 293 294 295 295 295 296 295 294 293 292 291 289 288 288 287 286 287 288 288 288 288 289 290 291 290 288 288 288 287 284 284 282 280 279 278 278 279 280 280 281 281 282 282 281 280 280 280 281 282 282 281 280 280 281 282 283 284
303 302 300 298 296 293 292 292 292 291 290 290 290 291 290 290 289 291 297 300 301 299 298 297 297 296 296 295 293 291 290 287 285 285 286 290 292 293 295 296 295 296 296 296 295 294 294 292 290 289 288 287 286 287 288 288 288 287 288 289 290 289 288 288 287 286 284 283 282 280 279 279 279 280 281 282 282 283 283 283 282 280 279 279 279 281 282 281 280 280 280 281 282 283
303 302 300 298 297 295 294 294 294 294 293 292 292 292 291 291 290 292 298 300 301 299 298 297 296 296 296 295 294 292 291 288 285 285 286 289 292 294 295 296 296 297 298 298 297 296 295 293 291 289 288 288 287 287 288 288 288 288 289 289 289 289 288 288 288 287 285 283 282 281 281 280 281 283 283 284 284 284 285 284 284 281 279 278 279 281 282 282 280 280 280 280 282 282
301 302 301 300 300 299 298 297 298 297 296 295 295 295 294 293 291 297 299 301 301 299 298 297 296 296 295 296 295 293 291 289 285 285 285 288 292 294 296 297 297 298 299 299 298 298 298 296 293 291 290 289 288 288 290 290 290 289 290 291 291 291 290 290 290 289 286 284 284 283 283 283 283 285 285 286 286 286 286 286 285 282 280 279 279 282 283 283 281 281 281 281 281 282
300 302 301 301 301 301 300 300 300 300 299 298 298 297 296 295 292 297 299 302 302 299 298 296 296 295 295 295 295 293 292 290 286 286 285 287 291 294 296 297 298 298 300 301 300 300 301 299 295 293 291 291 290 289 290 291 291 290 291 292 292 292 291 291 290 290 287 285 284 284 284 284 284 285 286 287 287 287 287 287 287 284 282 281 280 282 284 283 282 281 281 281 281 282
297 300 300 301 302 302 302 302 303 304 303 303 303 302 301 299 295 298 300 302 302 299 297 296 295 294 294 294 294 293 292 291 288 288 287 288 292 294 296 298 298 299 301 302 302 302 304 302 298 295 293 293 292 291 293 294 294 293 293 294 294 293 292 291 291 290 288 286 285 286 286 286 286 286 287 287 287 288 288 288 289 288 286 285 283 284 284 284 283 282 281 281 281 282
295 297 299 300 302 303 303 304 305 306 305 305 305 304 303 301 297 295 300 301 302 299 297 296 294 293 293 293 294 293 293 292 291 290 290 288 291 294 296 298 298 299 301 303 304 304 308 306 301 297 295 294 294 293 294 296 296 295 294 294 294 293 292 291 291 290 289 287 286 287 287 287 287 286 287 287 287 288 288 289 291 291 289 288 286 284 284 283 283 282 282 281 281 281
295 296 299 300 302 304 304 305 306 307 306 306 305 304 302 300 297 294 298 300 301 298 297 296 294 293 292 293 294 294 294 294 293 292 291 289 290 293 295 297 298 299 302 304 306 307 312 311 304 299 296 296 295 294 294 296 296 294 292 293 293 292 290 290 290 290 290 287 286 287 288 287 287 286 286 287 287 288 289 290 292 293 291 290 288 284 283 283 283 283 282 282 281 281
295 295 298 299 301 302 304 305 306 307 307 306 307 305 303 301 298 295 298 299 300 298 297 296 294 292 292 292 294 295 295 295 294 294 293 290 291 293 295 297 298 300 303 305 307 309 317 314 306 301 297 297 296 294 295 296 296 295 293 293 293 292 291 290 290 291 291 289 287 288 288 288 287 287 287 287 287 288 289 290 292 294 292 291 289 286 284 283 283 283 283 282 281 282
294 294 296 297 298 300 302 304 305 306 307 306 307 306 304 302 299 296 297 298 299 298 297 296 294 291 290 289 292 294 295 296 295 295 294 292 291 292 293 296 298 300 304 306 309 311 320 318 309 304 299 298 298 296 295 297 297 295 293 293 293 292 291 291 291 292 292 290 289 288 288 288 287 287 287 288 287 288 290 291 292 293 292 290 289 286 285 284 284 283 283 282 282 282
294 294 296 297 298 300 302 303 305 306 306 307 308 307 305 303 300 297 297 297 298 298 298 297 295 292 290 289 292 294 296 297 297 296 296 290 290 291 292 295 297 300 304 307 310 312 322 319 311 305 300 299 299 297 295 297 296 295 294 293 293 292 292 291 291 293 294 292 291 289 288 288 287 288 288 289 289 289 290 291 292 293 292 290 289 288 287 286 285 284 283 282 283 283
297 296 299 299 300 301 302 304 305 306 306 307 308 309 307 305 303 299 299 298 300 300 300 301 298 294 292 290 293 296 297 298 298 297 296 291 290 291 291 295 298 301 305 308 311 313 323 320 312 306 300 298 299 296 294 295 295 295 294 293 293 293 293 293 293 295 296 294 293 290 289 288 288 289 290 290 290 290 291 291 293 293 292 291 290 290 289 288 286 284 284 283 284 285
299 297 300 300 300 301 303 303 304 305 306 307 308 309 307 306 305 302 300 299 300 301 302 303 301 297 294 290 293 296 298 299 299 298 297 292 291 291 291 294 298 300 304 307 311 314 324 321 312 306 300 298 299 296 294 295 295 295 294 293 294 294 294 294 294 296 297 295 294 291 290 289 288 289 291 291 291 290 291 292 293 294 293 292 291 291 290 290 288 286 285 285 285 286
303 300 301 301 300 301 302 303 303 304 304 305 307 308 307 307 307 305 304 303 303 304 304 306 305 302 299 294 294 298 298 299 298 297 296 294 293 293 293 296 299 302 305 308 310 313 324 322 312 306 299 298 299 297 295 295 295 295 294 294 294 295 296 295 295 297 298 296 295 294 291 290 289 290 291 292 291 291 292 292 294 294 293 292 291 291 290 290 290 289 288 288 288 289
305 302 302 302 301 301 302 302 303 303 304 305 307 308 307 307 308 308 307 305 304 305 306 308 308 305 302 297 295 298 299 298 298 297 296 296 295 296 295 296 299 302 305 308 310 313 324 322 313 306 299 297 299 297 294 294 294 294 294 294 295 297 298 297 297 298 299 297 296 295 293 292 290 291 292 293 292 292 292 293 294 295 294 293 292 292 291 292 292 292 291 291 290 291
306 303 302 302 300 301 302 303 303 304 304 305 307 308 307 308 309 309 308 306 304 305 305 307 308 305 303 298 294 296 298 298 299 298 298 299 298 298 296 294 297 300 303 306 308 311 323 321 313 306 298 296 298 296 294 293 294 294 294 295 296 299 300 299 299 300 300 299 298 297 297 294 292 291 293 293 293 293 293 294 296 296 295 295 294 293 293 294 295 295 294 293 292 292
307 305 303 302 303 301 302 301 302 303 303 304 305 307 306 307 308 309 307 307 306 305 306 307 308 305 303 299 295 297 298 298 299 299 298 300 299 298 296 294 296 299 302 306 308 310 321 320 311 306 297 295 297 295 289 288 292 292 294 295 297 300 303 302 301 302 302 300 299 299 297 295 293 292 293 294 294 294 294 295 296 297 296 296 296 295 294 295 296 296 296 294 293 293
