data/real/Dogrib_v624/conserv_mass_moment/windninja_360_30_100m_ang.asc
NCOLS 357 
NROWS 223 
XLLCORNER 457900 
YLLCORNER 5716800 
CELLSIZE 100 
NODATA_value -3.4e+38 
[rows 100 to 149 of 223, columns 0 to 95 of 357]
61 61 40 20 13 9 6 4 3 2 2 2 2 2 2 2 2 2 1 0 358 357 356 355 356 356 356 355 353 352 349 347 345 342 340 339 337 318 319 356 356 356 355 353 352 351 350 349 347 344 339 351 353 353 351 351 346 191 169 353 355 356 356 356 356 356 356 356 356 357 358 360 356 359 1 1 0 359 357 355 351 347 344 342 341 338 336 335 332 331 331 333 333 333 332 331
61 61 40 19 12 9 6 4 3 2 2 2 2 2 3 3 3 2 2 1 359 358 356 356 357 357 357 356 354 352 350 348 345 343 341 339 338 321 318 358 358 357 355 354 352 351 350 349 347 344 339 351 353 353 350 349 344 238 168 353 354 355 355 355 355 355 355 355 356 357 359 5 349 355 358 359 360 359 358 356 352 348 345 343 341 338 336 334 331 330 330 332 333 333 332 331
61 61 39 17 11 8 5 4 3 3 3 3 3 3 4 4 4 3 3 2 360 358 357 357 358 358 358 357 355 353 350 348 346 343 341 340 338 324 316 358 359 358 356 354 353 351 349 348 346 343 338 346 353 353 349 348 343 305 165 355 355 355 354 354 354 354 354 354 354 355 357 2 345 353 357 358 359 359 359 356 353 349 346 344 342 339 336 334 330 329 329 330 331 332 331 329
61 61 37 15 9 6 5 4 3 3 3 4 4 5 5 5 5 5 4 3 1 359 358 358 359 359 359 357 355 353 351 348 346 343 341 340 338 324 304 1 2 360 358 355 353 351 348 346 344 341 336 340 352 352 349 346 342 321 165 359 356 356 355 354 353 352 349 347 346 351 353 355 148 352 355 357 358 359 359 357 354 351 348 345 342 338 335 333 328 326 326 326 323 326 327 328
61 61 34 10 5 4 3 3 4 5 5 6 7 8 8 8 8 7 6 5 2 360 360 1 2 1 0 359 356 354 351 348 346 343 341 339 338 324 329 10 7 4 0 357 354 350 347 344 341 338 333 341 354 353 348 345 342 334 216 20 5 1 359 356 353 350 348 346 344 341 338 334 156 138 349 350 352 355 356 357 357 357 352 348 343 338 334 332 326 324 323 322 321 322 323 324
62 62 32 8 4 4 4 4 5 6 7 8 8 9 9 10 9 9 8 6 3 1 2 3 3 2 1 359 357 354 351 348 345 343 341 339 338 336 350 10 8 5 2 358 355 352 348 346 343 340 338 341 354 353 348 345 342 337 341 17 4 1 359 356 353 350 347 345 342 339 336 332 177 155 354 349 352 355 356 357 358 357 355 351 345 342 338 331 328 325 323 321 319 319 319 319
61 61 30 7 4 4 4 5 6 8 8 9 10 11 11 11 11 10 9 7 4 3 4 5 5 3 2 360 357 354 350 347 344 341 339 338 337 336 353 9 8 5 2 358 356 352 349 346 344 341 339 341 354 354 348 345 342 338 337 21 4 2 359 356 353 350 347 344 341 337 334 321 267 175 149 349 353 356 357 357 358 357 356 352 348 344 339 330 327 323 321 317 314 311 309 306
60 60 25 5 4 5 6 7 8 10 11 11 12 12 13 12 12 11 10 9 6 6 7 7 6 5 2 360 357 353 349 346 342 339 337 336 334 334 355 8 7 4 2 358 356 353 350 348 345 342 340 344 358 356 349 345 340 336 332 22 7 3 358 355 352 349 347 344 340 336 332 320 302 217 123 5 2 1 359 358 357 356 354 352 350 348 343 331 327 323 320 317 313 310 306 303
59 59 23 5 5 7 8 9 10 12 12 13 13 14 14 14 13 12 11 10 7 8 9 9 7 5 3 0 357 354 350 346 343 340 338 336 335 335 356 7 6 4 2 358 356 353 351 349 346 344 342 347 359 358 350 346 342 338 336 9 6 2 358 355 352 349 347 344 340 337 333 324 315 291 164 7 4 2 360 358 357 355 354 352 352 351 347 335 331 328 326 323 319 316 313 309
54 54 19 6 7 8 10 11 12 14 14 15 15 15 15 15 14 13 12 11 9 10 10 9 8 6 3 0 357 354 350 346 343 340 338 337 336 338 357 6 6 4 2 359 356 353 352 349 347 345 344 348 359 358 351 348 344 341 340 1 6 2 358 355 352 350 346 343 340 337 333 326 321 313 317 4 2 1 359 358 356 354 353 353 353 352 350 344 336 333 330 327 324 320 317 314
47 47 16 8 10 12 13 14 15 16 17 17 17 17 17 17 16 15 14 13 12 12 12 10 8 6 3 0 357 354 350 346 343 340 337 336 336 340 358 6 6 4 2 359 356 354 352 350 348 346 346 349 358 358 352 349 345 343 342 357 6 2 359 356 353 349 346 342 339 336 333 327 324 321 328 1 360 359 357 356 355 354 353 353 354 353 352 348 341 338 334 331 327 323 321 318
42 42 19 14 15 16 17 18 18 19 19 19 19 19 18 18 17 16 15 13 13 13 12 10 8 5 2 360 356 353 349 346 343 340 337 336 336 341 359 6 6 5 2 359 356 353 351 349 347 347 347 350 358 358 352 350 347 345 345 357 8 4 1 357 354 350 345 341 338 335 332 327 326 324 329 356 356 356 355 354 352 351 351 351 352 351 352 350 349 346 342 336 330 327 324 321
27 27 16 14 17 18 19 19 20 20 20 20 19 19 18 17 16 15 14 14 14 14 12 10 8 5 2 359 356 353 349 347 344 341 338 336 337 344 0 6 7 5 3 360 357 353 350 348 347 347 347 350 357 358 353 350 348 346 346 356 8 5 3 359 355 351 346 342 339 336 333 329 328 327 330 352 354 354 353 352 350 349 348 349 349 349 350 351 353 351 346 340 335 331 328 326
354 354 12 14 19 19 20 20 21 21 21 20 20 19 18 17 17 16 15 15 14 14 12 10 8 5 2 359 356 353 349 346 344 341 338 337 338 346 2 7 8 6 4 360 357 353 350 348 346 346 347 350 357 357 353 350 349 347 347 355 7 5 3 360 356 352 347 343 339 336 333 330 329 328 330 348 352 352 351 350 349 348 347 347 348 347 348 351 354 353 349 343 338 335 332 330
328 328 10 15 21 22 22 22 22 23 22 21 20 20 19 18 17 16 16 15 15 14 13 11 8 5 2 359 355 352 348 346 343 342 339 338 340 349 3 8 9 8 5 1 357 352 349 347 345 345 346 349 356 357 353 351 349 348 348 354 7 5 4 1 357 353 348 344 339 335 330 329 328 328 329 343 351 352 351 350 348 346 345 346 345 344 345 348 354 356 353 348 344 341 338 335
330 330 14 18 23 24 24 24 24 24 23 22 21 20 18 17 17 16 16 16 16 15 14 11 9 6 2 359 356 352 347 344 341 340 338 339 343 353 7 11 13 11 7 1 357 352 348 345 343 343 343 347 355 356 353 351 349 348 348 353 5 5 6 3 360 355 350 345 340 335 330 328 327 327 328 340 353 353 352 350 349 347 345 344 342 341 341 343 345 350 351 350 349 346 343 340
339 339 18 23 24 24 24 24 24 23 23 21 20 19 18 17 16 16 16 17 17 16 14 12 9 6 2 359 355 352 347 343 341 339 338 339 343 355 8 12 14 12 8 2 357 352 348 346 344 343 343 347 354 355 353 351 350 348 348 352 4 5 7 5 1 357 352 347 342 338 332 331 330 329 330 339 354 353 352 351 350 348 346 344 341 339 339 339 340 341 345 345 346 345 342 340
351 351 21 24 25 25 25 24 24 23 22 21 20 19 18 17 17 17 17 18 18 17 15 12 9 6 2 359 355 351 346 343 341 339 338 340 344 356 7 12 13 11 7 2 358 353 349 346 345 344 344 347 353 354 353 351 350 349 348 352 3 5 6 5 2 358 353 349 345 340 335 333 332 331 332 339 354 353 352 351 350 348 346 343 341 338 337 337 337 336 336 334 337 343 342 339
1 1 23 24 25 25 25 24 24 23 22 21 20 19 18 17 17 18 18 19 19 18 16 13 10 6 2 358 353 350 346 343 341 340 339 340 345 356 6 11 12 10 6 1 358 354 350 348 346 345 344 346 353 354 352 351 350 349 348 351 2 4 5 4 1 358 355 351 347 343 337 335 333 332 333 338 354 354 353 352 350 348 345 343 339 336 335 334 332 330 329 327 332 345 343 341
4 4 23 22 25 25 25 25 24 23 22 21 20 19 18 18 18 19 20 20 20 18 17 14 11 7 2 356 350 347 344 342 342 341 340 341 345 356 5 8 8 7 4 1 358 355 353 351 348 347 345 346 351 353 352 351 350 349 348 351 359 1 2 1 0 359 356 354 351 347 345 338 335 333 333 337 353 357 354 353 351 348 346 343 340 337 334 332 330 326 322 319 317 329 336 337
8 8 23 23 25 26 25 25 24 23 22 21 20 19 18 18 19 20 20 21 20 18 16 14 11 7 1 355 350 347 344 343 343 342 342 343 346 357 4 6 7 6 4 0 358 356 354 352 350 348 346 346 351 353 352 351 350 349 348 350 357 359 1 0 359 359 357 355 353 350 347 340 337 336 336 339 352 359 356 354 352 349 346 344 341 338 335 333 330 324 321 318 312 309 307 324
12 12 24 24 25 26 26 25 24 23 22 21 20 19 19 18 19 20 20 20 20 17 15 13 10 6 1 355 350 347 345 344 344 344 343 344 347 357 3 6 6 5 3 0 358 356 354 352 350 348 347 347 351 353 352 350 349 349 348 349 355 359 360 360 359 359 358 356 354 351 349 343 340 339 339 342 353 2 358 357 354 350 347 344 341 338 335 333 330 323 321 314 309 305 302 306
15 15 25 25 26 27 26 25 25 23 22 22 21 20 19 19 19 20 20 20 19 18 13 11 3 0 358 355 351 349 347 346 346 346 345 346 352 358 3 5 5 5 3 0 359 356 354 353 351 349 348 348 351 353 351 350 349 349 348 349 354 358 359 359 359 359 358 356 355 353 351 346 343 342 343 345 355 9 4 1 356 351 346 343 340 337 334 332 325 321 318 314 309 306 303 300
20 20 27 27 27 27 26 25 24 23 23 22 21 21 20 19 19 19 18 18 18 17 12 5 0 357 356 355 355 353 352 350 350 349 350 349 354 360 2 3 3 3 2 1 359 356 354 352 351 350 350 351 352 354 350 349 349 349 349 349 354 358 358 359 358 358 357 355 354 353 353 349 348 347 348 351 3 21 15 9 360 352 346 343 340 336 334 331 325 321 318 314 313 310 307 304
21 21 27 26 26 26 25 25 24 23 23 22 22 21 20 19 18 18 17 17 17 14 9 3 359 357 355 355 355 354 353 351 351 350 350 351 355 0 2 3 3 3 2 0 359 356 353 351 350 350 351 352 353 354 350 349 349 348 348 348 352 357 357 358 358 357 356 355 354 354 354 352 351 352 351 355 8 22 18 12 3 354 348 344 340 337 333 330 326 323 321 319 315 312 309 306
19 19 24 24 24 24 24 24 24 24 24 24 23 22 21 21 20 19 18 16 14 10 7 2 358 356 356 356 355 354 353 352 352 351 351 352 356 1 3 3 3 3 2 0 358 355 353 351 350 350 351 352 353 353 351 350 349 348 348 348 351 356 357 357 357 357 356 355 354 354 354 353 352 353 355 360 12 20 18 14 5 357 350 346 339 333 329 326 324 322 321 319 315 312 309 306
16 16 21 21 23 24 24 25 25 25 25 25 24 22 21 21 21 20 19 16 11 4 3 1 359 358 357 356 356 355 354 353 353 352 352 353 356 2 4 5 5 4 2 360 358 355 352 351 350 350 350 351 352 353 353 352 350 348 347 347 349 355 357 357 357 357 356 355 354 354 353 353 352 353 356 0 11 18 18 18 16 11 354 347 339 333 329 324 322 321 321 319 317 314 311 308
14 14 20 20 23 24 24 24 25 25 24 24 23 21 21 19 19 19 17 13 4 1 0 0 360 359 358 357 356 355 355 354 353 353 353 353 356 2 5 5 5 4 2 360 357 354 352 351 350 350 350 350 351 352 354 353 351 349 347 347 348 355 356 357 357 356 356 355 354 354 353 352 352 353 356 1 12 18 19 20 19 15 8 356 339 330 325 326 323 322 322 321 319 316 315 312
12 12 18 19 21 22 23 23 23 23 23 23 21 19 19 18 18 17 15 7 3 360 360 0 0 359 359 358 357 356 355 354 354 353 353 353 353 0 5 5 5 4 2 359 357 354 352 351 350 350 350 350 351 352 354 354 352 349 347 347 349 355 357 357 357 356 355 355 354 353 353 352 352 353 356 360 11 17 18 19 19 15 10 359 347 332 330 327 323 322 322 321 319 318 316 314
10 10 16 17 19 20 20 21 21 21 21 20 19 17 17 16 16 15 13 10 2 360 360 0 0 360 360 358 358 357 356 355 354 353 353 352 352 359 359 4 4 3 1 359 357 354 352 351 350 350 350 350 351 352 354 354 352 350 348 348 349 355 357 356 356 356 355 354 354 353 353 352 352 353 356 359 9 14 15 16 16 14 10 2 351 342 328 323 319 318 320 320 318 318 317 316
5 5 14 15 17 17 17 17 18 18 18 19 18 17 16 15 14 12 11 9 4 2 2 2 1 0 1 360 360 359 358 356 355 353 352 350 349 354 354 2 2 1 0 358 357 354 353 352 351 351 350 350 351 352 354 354 353 351 350 349 350 354 357 356 356 355 355 354 354 353 352 352 352 352 355 356 4 8 9 11 11 11 10 7 2 355 345 320 316 316 319 320 318 318 318 317
3 3 13 14 16 16 16 16 17 18 15 15 19 17 16 15 13 12 10 10 5 4 3 3 2 1 1 1 1 360 359 357 356 354 352 350 349 351 351 360 1 0 359 358 356 354 353 353 352 351 350 350 351 352 354 354 353 352 351 350 351 354 357 356 355 355 355 354 353 353 352 352 352 352 354 354 1 5 7 9 10 11 11 10 8 357 351 336 321 321 324 324 321 320 320 319
3 3 13 14 16 16 16 16 16 17 17 19 18 16 16 15 13 12 11 11 7 5 5 3 3 2 2 1 1 360 359 357 356 354 352 350 349 350 350 360 360 359 358 357 356 354 353 353 352 352 351 351 351 352 354 355 353 352 352 351 351 354 357 356 355 355 355 354 353 352 352 351 351 351 353 353 359 4 5 7 9 11 10 10 11 359 354 342 325 323 327 326 322 321 322 321
4 4 13 14 16 17 17 16 15 15 15 17 16 15 14 14 13 12 11 12 8 7 6 5 3 2 2 1 0 359 358 357 356 354 352 350 349 348 353 358 358 357 357 356 356 355 354 354 353 353 352 352 352 353 355 355 354 353 353 352 352 353 356 357 355 355 354 354 353 352 351 351 351 350 352 352 358 2 4 6 7 8 8 9 12 11 358 350 329 326 328 325 321 320 322 321
10 10 14 14 18 19 19 17 13 11 10 12 12 13 13 13 14 14 14 14 10 9 8 6 4 2 1 359 359 357 357 356 355 354 352 350 349 347 349 354 355 354 354 354 354 354 354 355 355 355 355 355 355 355 355 356 355 355 354 353 353 353 355 357 356 355 354 353 352 352 351 350 350 349 350 351 357 1 3 4 4 4 3 5 7 8 7 359 345 339 331 325 320 320 322 322
13 13 14 14 16 19 18 16 11 8 8 10 11 13 13 15 15 16 16 16 12 10 8 6 4 2 1 359 357 356 355 355 354 353 352 350 349 347 346 351 353 351 352 352 353 353 354 355 355 355 355 356 356 356 356 356 356 356 356 355 354 353 355 358 356 355 354 353 352 351 351 350 349 348 349 350 355 359 1 2 1 1 1 2 4 6 6 3 357 345 340 328 324 323 325 325
15 15 15 14 15 18 18 16 12 8 8 9 11 13 14 15 16 16 16 17 12 11 9 7 5 2 1 358 357 355 355 354 353 352 351 350 348 347 344 348 352 350 351 352 353 353 354 355 355 355 356 356 356 356 356 356 356 356 356 355 354 353 355 358 356 355 354 353 352 351 351 349 349 348 348 349 354 358 360 1 360 360 359 0 1 3 3 4 357 354 344 330 326 324 327 327
17 17 15 15 14 17 17 15 12 8 9 10 12 14 15 16 17 16 16 17 13 12 10 8 5 3 1 358 356 354 353 352 351 351 350 349 348 347 344 347 351 351 351 352 353 354 355 355 355 355 355 356 356 356 356 357 357 357 357 356 355 354 355 358 357 355 354 353 352 351 350 349 348 347 347 348 353 356 358 359 359 359 358 359 359 2 3 5 359 356 350 332 328 326 328 327
18 18 16 15 14 14 13 14 13 12 13 13 14 16 17 17 16 15 14 15 13 12 11 9 7 4 1 357 355 353 351 350 349 349 348 347 346 346 344 347 352 352 353 354 355 355 355 354 354 354 354 355 355 356 356 356 357 357 358 357 357 355 356 358 358 356 354 353 352 351 350 349 348 347 346 347 350 354 355 357 357 357 357 358 357 0 1 3 1 358 345 337 332 329 329 327
19 19 16 16 13 14 13 15 15 14 15 14 14 15 15 16 14 13 12 14 13 12 11 9 6 4 1 357 354 352 351 350 349 348 348 347 346 345 344 347 352 354 354 356 356 356 355 354 354 354 354 355 355 355 356 356 356 357 358 358 357 356 356 358 359 357 355 353 352 351 350 348 347 346 345 345 348 352 353 355 355 356 356 356 356 358 359 2 2 356 351 339 335 332 331 329
21 21 17 17 14 15 14 16 17 16 15 13 13 14 14 14 13 12 12 13 12 11 9 8 5 3 0 357 354 353 352 351 350 349 348 347 346 346 345 347 352 355 355 356 357 357 356 355 354 354 354 355 355 356 356 356 356 357 358 358 357 356 357 358 359 357 355 353 352 351 349 348 347 346 345 344 347 351 352 354 354 355 355 355 354 356 357 0 5 2 353 342 338 334 333 330
21 21 19 17 16 17 17 18 19 17 16 14 12 13 12 13 12 11 12 12 10 9 7 6 4 2 360 357 355 353 353 352 351 350 349 348 347 347 346 348 352 357 357 357 357 357 356 356 355 355 355 356 356 356 356 356 356 357 358 358 357 357 357 358 360 358 356 354 352 350 349 347 346 345 344 343 345 351 351 353 353 354 353 354 353 355 356 359 6 4 356 346 349 345 334 331
20 20 22 22 19 19 20 21 20 18 15 12 9 8 8 10 12 14 14 13 6 1 360 2 1 0 358 356 355 354 354 354 354 353 351 349 348 348 348 352 355 0 359 357 356 356 356 357 357 357 356 357 357 357 358 358 357 357 356 356 356 357 358 359 1 1 358 356 353 350 347 346 346 345 344 342 342 352 351 352 352 352 352 353 352 354 354 356 358 2 358 351 354 350 338 333
20 20 23 23 19 19 19 19 18 16 13 10 7 6 6 8 11 13 13 12 3 359 358 359 359 358 357 355 355 354 355 356 356 356 353 350 349 348 350 354 356 1 360 357 356 356 357 358 358 358 358 358 358 358 358 358 358 357 356 355 356 357 358 359 2 2 359 357 353 350 346 346 346 345 344 342 342 350 351 352 352 350 350 351 351 352 352 354 355 359 358 354 357 353 343 334
18 19 23 22 19 18 18 18 17 15 13 10 7 5 5 7 9 8 8 10 359 358 357 358 358 358 357 354 353 353 354 357 357 357 356 354 353 352 354 355 357 1 0 359 358 359 360 0 0 360 359 359 359 359 358 358 357 355 355 355 355 356 357 358 2 2 360 357 354 350 346 347 346 345 344 343 342 348 350 351 350 350 349 350 349 350 350 352 353 355 357 357 357 354 346 336
18 18 19 17 17 14 14 14 14 14 14 13 10 8 5 5 2 2 1 0 358 357 357 357 358 358 357 355 354 354 355 356 357 358 358 358 359 358 355 356 357 0 1 1 0 1 2 2 2 1 0 360 359 358 357 356 355 354 354 354 355 355 356 357 0 1 0 358 355 350 347 348 347 346 345 344 343 345 351 352 350 349 348 349 348 348 349 350 351 354 355 357 358 355 351 344
19 19 18 17 15 14 14 14 14 15 14 13 11 8 6 3 359 357 356 356 356 356 357 358 359 0 358 355 354 354 354 355 355 356 357 359 1 1 357 357 359 2 3 3 3 3 4 4 3 2 1 360 358 357 356 355 354 354 354 354 354 355 356 356 359 1 0 359 355 352 348 348 348 347 345 345 344 345 351 352 350 349 347 348 347 347 348 349 349 352 354 356 358 356 353 346
20 20 19 17 15 15 14 13 13 14 13 13 11 8 6 2 358 355 354 354 354 357 358 360 1 1 360 5 1 358 356 354 354 355 356 359 1 2 359 360 2 6 6 6 5 5 5 5 4 3 1 360 358 356 355 355 354 353 353 353 354 354 355 355 358 0 360 359 355 352 349 349 349 347 346 345 344 344 349 352 350 349 347 348 347 346 346 348 348 349 352 355 357 356 354 351
24 24 21 19 16 15 15 13 12 11 10 10 9 7 6 3 357 354 353 353 354 358 359 1 2 354 12 82 33 9 359 355 354 355 356 358 1 4 360 1 6 13 13 10 8 8 7 6 5 3 0 359 357 355 354 354 353 353 353 353 353 353 354 354 357 359 359 358 355 353 350 351 350 348 347 346 345 344 348 352 350 348 347 347 346 345 345 346 346 347 351 353 356 359 356 352
31 31 22 19 17 17 16 13 8 5 3 3 3 4 6 4 357 353 354 357 1 2 3 6 4 351 46 80 74 33 9 1 356 355 355 355 357 360 6 12 19 24 19 14 10 9 8 8 5 2 358 356 354 353 353 355 354 353 353 352 352 352 352 352 354 356 356 356 355 354 354 353 352 349 348 347 345 344 346 352 351 350 349 348 346 344 343 344 345 342 346 347 349 353 352 350
