data/real/Dogrib_v624/conserv_mass_moment/windninja_360_30_100m_ang.asc
NCOLS 357 
NROWS 223 
XLLCORNER 457900 
YLLCORNER 5716800 
CELLSIZE 100 
NODATA_value -3.4e+38 
[rows 0 to 49 of 223, columns 192 to 287 of 357]
360 360 359 359 358 357 356 356 357 358 358 359 359 359 360 0 0 1 1 1 1 1 1 1 0 360 360 360 360 0 0 0 0 0 0 0 1 1 1 1 1 1 1 1 0 1 1 1 1 1 1 0 0 360 360 359 359 359 359 359 359 359 360 360 360 359 359 359 359 359 359 359 360 360 0 0 0 0 0 0 0 1 1 1 1 0 0 0 0 0 0 360 359 359 359 360
360 360 359 359 358 357 356 356 357 358 358 359 359 359 360 0 0 1 1 1 1 1 1 1 0 360 360 360 360 0 0 0 0 0 0 0 1 1 1 1 1 1 1 1 0 1 1 1 1 1 1 0 0 360 360 359 359 359 359 359 359 359 360 360 360 359 359 359 359 359 359 359 360 360 0 0 0 0 0 0 0 1 1 1 1 0 0 0 0 0 0 360 359 359 359 360
359 359 358 357 355 353 352 352 354 355 356 357 358 359 359 0 1 1 1 2 2 2 2 1 0 360 359 360 360 0 0 0 1 1 1 1 1 2 2 2 2 2 1 1 1 1 2 2 2 2 1 1 0 360 359 358 358 358 358 358 358 359 359 359 359 358 358 358 358 358 358 359 359 360 0 0 1 1 1 1 1 2 2 2 1 1 1 1 1 0 0 360 359 358 359 359
359 359 358 357 355 353 352 352 353 355 355 356 357 358 358 359 0 1 1 2 2 3 3 2 1 360 360 360 0 1 1 1 1 1 2 2 2 2 2 2 2 2 2 1 1 1 2 3 3 3 2 1 0 359 358 358 357 357 357 357 357 358 358 359 359 358 357 357 357 358 358 358 359 360 0 1 1 1 1 2 2 2 2 2 1 1 1 0 0 0 0 360 359 358 359 360
359 359 360 360 359 354 353 356 357 357 357 357 357 357 357 357 357 358 359 0 1 1 2 2 1 1 1 1 2 3 3 3 4 4 4 4 4 4 3 3 2 2 1 360 360 0 1 3 4 3 2 1 360 359 358 356 356 356 356 356 356 356 357 357 357 358 358 358 358 358 359 359 360 1 1 2 3 3 4 4 4 3 2 2 1 360 360 359 359 359 359 359 360 0 1 1
358 359 360 0 0 360 359 359 359 359 358 358 357 357 356 356 357 357 358 359 0 1 2 2 2 1 2 2 3 3 4 4 5 5 5 5 5 4 3 3 2 1 0 359 359 360 1 3 5 4 3 1 360 358 357 356 355 355 355 355 356 356 356 356 356 358 359 359 359 359 359 359 0 1 2 2 3 4 4 4 4 3 1 1 0 359 359 359 358 358 358 359 0 1 2 2
358 359 360 1 1 0 0 360 360 360 359 359 358 358 357 357 357 358 359 360 0 1 2 2 2 2 2 2 3 4 4 5 5 6 6 5 5 4 3 2 1 1 360 359 359 359 1 3 5 4 3 1 360 358 357 355 355 355 355 355 355 355 356 356 356 358 358 359 359 359 359 360 0 1 2 2 3 4 4 4 4 3 1 1 360 359 359 359 358 358 359 359 1 2 2 3
358 359 360 0 1 1 1 1 1 1 0 360 359 358 358 359 0 1 1 1 2 2 2 2 2 2 2 2 3 3 4 6 6 7 7 6 5 4 2 1 360 360 359 359 359 359 0 2 4 4 3 1 0 359 357 355 355 355 355 355 355 355 356 356 356 358 358 359 359 359 359 360 0 1 1 2 2 3 4 4 3 2 1 1 360 359 359 359 358 358 359 360 1 2 3 3
357 357 358 359 0 2 3 4 3 3 1 0 359 357 357 0 6 7 6 5 4 4 3 3 2 2 2 2 2 2 3 6 8 8 8 7 6 4 1 358 356 356 357 359 360 0 0 1 1 2 3 2 2 0 358 355 355 355 355 355 355 356 356 356 357 357 357 358 358 359 360 0 0 1 1 1 1 2 2 2 2 2 2 1 0 360 360 359 359 360 0 1 1 2 3 3
357 357 357 358 0 3 4 5 5 4 2 1 359 358 359 2 6 7 7 6 5 5 3 3 2 2 2 1 1 1 2 6 8 8 8 7 5 3 0 357 355 355 356 359 0 1 0 360 360 1 3 3 3 1 358 356 355 355 355 355 355 356 356 357 357 357 357 357 358 359 360 0 0 0 0 0 1 1 1 2 2 2 2 1 1 360 360 360 0 0 1 1 2 2 3 3
358 358 358 359 1 3 4 5 5 4 2 1 360 359 360 3 5 7 7 6 6 5 4 3 3 2 1 1 0 1 1 3 7 7 7 6 4 2 360 357 355 355 357 359 1 1 1 360 360 1 2 2 3 1 358 356 355 355 355 355 355 356 357 357 357 357 357 357 358 359 360 360 0 360 360 360 360 0 1 1 1 2 2 1 1 0 0 0 1 1 2 2 2 3 3 3
359 359 359 0 2 4 5 6 5 3 2 0 360 360 0 3 5 6 7 7 7 6 4 3 3 2 1 0 359 359 0 2 6 6 6 4 3 2 359 357 355 356 357 360 1 2 1 0 360 0 1 2 2 0 358 356 355 355 355 355 355 356 357 357 357 357 357 357 358 359 359 360 360 359 359 359 359 360 360 0 1 1 1 1 1 0 1 1 2 2 2 3 3 3 3 3
1 2 1 3 3 4 5 5 3 1 359 358 358 358 1 3 6 9 10 10 9 7 5 4 3 2 1 359 358 357 358 359 2 4 3 1 359 359 358 358 358 359 0 2 2 3 2 2 2 1 0 360 360 358 357 356 356 355 355 355 355 356 357 357 357 357 357 358 358 358 359 359 359 359 359 359 358 358 359 359 359 359 0 0 1 1 2 2 3 4 4 4 4 4 4 3
2 3 3 3 3 4 4 4 2 360 358 357 357 358 1 4 8 11 12 11 9 7 5 4 3 1 0 359 357 356 357 358 1 3 2 359 357 358 358 359 0 1 2 3 3 3 3 3 2 1 360 359 358 357 357 357 356 356 355 355 355 356 357 357 358 358 358 358 358 358 359 359 359 358 358 358 358 358 358 358 358 358 359 0 1 2 3 3 4 5 5 5 5 4 4 4
3 3 3 3 3 3 3 3 2 359 357 357 357 358 2 5 8 11 12 11 9 7 5 3 2 1 360 358 357 356 358 358 1 3 1 359 357 357 358 360 1 2 2 3 3 3 3 3 3 0 359 358 358 356 357 356 356 356 356 355 356 356 357 358 358 358 358 358 358 358 359 359 359 358 358 358 358 358 357 358 358 358 360 0 2 2 3 4 4 5 5 5 5 5 5 4
4 4 4 3 2 2 2 2 1 359 358 357 358 359 4 6 9 11 12 10 8 6 4 3 1 0 359 358 357 356 358 1 1 2 1 358 357 358 359 1 2 3 3 3 3 3 3 3 3 0 358 357 357 356 356 356 356 356 356 356 356 357 358 358 358 358 358 358 358 359 359 359 359 358 358 358 358 358 357 358 358 359 360 1 2 2 3 4 5 5 6 6 6 5 5 4
4 5 4 4 2 359 358 358 358 359 359 0 1 3 7 9 10 11 10 8 7 5 3 1 359 358 358 358 358 359 360 1 1 1 1 359 359 359 1 2 3 4 3 2 2 2 2 3 4 1 357 355 355 354 355 356 356 357 358 358 358 359 358 358 358 358 358 358 358 359 359 359 359 359 359 359 358 358 358 358 359 359 1 1 2 3 3 4 4 5 5 6 6 7 6 5
4 5 4 3 1 357 356 356 357 359 0 1 3 5 8 9 10 10 8 7 6 4 3 0 358 357 357 358 359 360 1 1 1 1 1 360 359 0 1 3 4 4 3 2 2 1 2 3 4 0 356 354 353 353 354 355 356 357 358 359 359 359 359 358 358 359 358 359 359 359 359 359 359 359 359 359 359 358 358 359 359 360 1 2 2 3 3 3 4 4 5 5 6 7 6 5
4 5 4 3 1 357 355 355 356 358 0 2 4 5 8 9 9 8 7 6 4 3 2 360 358 357 357 358 360 1 1 1 1 2 1 0 360 1 2 3 4 4 3 2 1 1 1 2 3 2 356 353 353 353 354 356 356 358 359 360 360 360 359 359 359 359 359 359 359 359 359 359 359 359 359 359 359 359 359 359 360 0 1 2 2 2 3 3 3 4 4 5 6 6 6 5
4 5 4 3 1 356 355 355 356 358 0 2 4 5 8 9 8 8 6 5 3 2 1 359 358 357 357 358 0 1 2 2 2 2 1 1 0 1 2 3 4 4 3 2 1 1 1 1 2 1 355 353 353 353 355 357 357 359 360 360 0 0 360 359 359 359 359 359 359 359 359 360 360 360 360 360 359 359 359 359 360 1 2 2 2 2 3 3 3 3 4 4 5 5 5 4
4 5 5 4 2 357 355 354 356 358 0 1 3 4 6 8 8 6 5 3 0 359 359 358 358 359 359 0 2 2 3 3 2 2 2 1 1 1 2 3 4 3 3 2 1 1 360 359 358 357 354 354 354 355 356 359 359 360 360 360 360 360 360 360 359 359 359 359 359 360 360 360 360 360 360 360 360 360 0 0 1 1 2 2 2 2 2 2 3 3 3 3 3 3 3 2
4 5 5 5 2 358 355 355 356 359 0 1 2 3 4 7 6 5 3 1 359 358 357 358 359 360 1 2 3 3 3 3 3 3 2 2 1 1 2 3 4 3 3 2 1 0 359 357 355 355 353 354 355 356 358 360 0 1 0 360 360 360 360 360 360 360 360 360 360 360 0 0 0 0 0 0 0 0 1 1 1 1 2 2 2 2 2 2 2 2 2 2 2 2 1 1
3 4 5 4 2 358 356 355 356 359 0 1 1 2 3 5 5 4 3 1 358 357 357 358 360 1 2 3 3 3 3 3 2 2 2 2 1 2 3 4 4 3 3 2 1 360 358 356 354 352 353 354 355 357 358 0 1 1 1 0 0 0 0 0 0 0 0 0 0 0 0 1 1 1 1 1 1 1 1 1 1 1 2 2 2 1 1 1 2 2 2 2 1 1 1 0
2 3 3 3 1 358 356 356 357 359 360 0 1 2 2 4 3 3 2 0 358 358 358 359 1 3 4 4 4 3 3 2 1 2 2 2 4 3 4 4 4 4 3 2 1 359 357 354 352 352 353 355 356 357 358 0 1 1 1 1 0 0 1 0 0 1 0 0 1 1 1 1 1 1 1 1 1 1 1 1 1 1 2 2 1 1 1 1 1 1 2 1 1 0 0 360
1 0 357 357 358 358 359 360 0 0 360 360 359 359 359 359 359 360 360 360 359 0 1 4 6 8 7 6 4 2 1 360 358 359 1 3 5 6 7 6 6 5 4 2 0 358 355 351 349 351 354 356 357 358 359 0 1 2 2 2 1 1 1 1 1 2 2 2 2 2 2 2 2 2 2 2 2 1 1 1 1 1 1 1 1 1 1 1 1 1 1 0 360 359 359 359
360 358 357 356 357 358 359 360 0 0 359 359 358 358 358 358 358 359 359 359 359 0 2 4 7 8 8 7 4 2 360 358 358 358 0 3 5 7 7 7 7 5 3 2 359 357 354 351 349 352 355 356 358 359 360 0 1 1 1 2 2 2 2 2 2 2 2 2 2 2 2 2 2 3 2 2 2 1 1 1 1 1 1 1 1 1 1 1 1 1 1 0 360 359 359 359
360 358 357 356 357 358 360 360 0 359 359 358 357 356 356 356 357 357 358 359 359 1 2 4 6 8 8 7 4 2 0 358 358 358 0 3 6 7 8 7 7 5 3 0 358 357 354 351 351 354 356 358 359 0 0 0 1 1 1 2 2 2 2 2 2 3 3 3 3 3 3 3 3 3 3 2 2 1 0 0 0 1 1 1 1 1 1 1 1 1 1 0 360 360 360 360
359 358 357 357 358 359 360 360 359 358 357 356 355 354 354 355 355 356 356 358 359 1 2 4 5 6 6 6 5 4 2 358 357 358 360 3 6 8 8 8 7 5 1 357 354 353 353 354 356 358 359 0 2 3 1 359 359 359 0 1 2 2 2 2 3 3 3 3 4 4 4 4 4 4 3 3 2 0 359 359 359 0 1 1 1 1 1 1 1 1 1 1 1 0 0 0
359 359 358 358 359 359 360 360 359 358 357 355 354 353 353 354 354 354 356 357 359 1 2 3 4 6 6 6 6 5 3 358 357 358 360 3 6 8 8 8 7 5 0 355 352 352 353 354 358 0 1 2 3 3 1 359 359 359 0 1 2 2 3 3 3 4 4 4 4 4 5 4 4 4 4 3 1 360 359 358 359 360 1 1 1 1 1 1 1 2 2 1 1 1 1 1
359 358 358 358 359 359 360 360 359 358 356 355 354 352 352 353 354 354 355 357 359 1 2 3 4 5 5 6 6 5 4 359 358 358 0 3 5 7 7 7 6 4 360 355 352 352 354 356 358 1 2 3 4 3 1 359 359 359 0 1 2 2 3 3 3 4 4 4 5 5 5 5 5 4 3 2 1 359 358 358 358 359 1 1 1 2 2 2 2 2 2 2 1 1 1 1
359 358 358 358 359 359 360 360 359 357 356 354 353 352 352 353 354 354 355 357 359 1 2 3 4 5 5 5 5 5 4 359 358 359 0 3 5 6 6 6 5 3 360 355 352 353 355 358 359 2 2 3 4 3 1 0 360 360 1 2 2 2 3 3 4 4 4 5 5 6 6 6 5 4 3 2 0 358 358 357 358 359 1 1 2 2 2 2 2 2 2 2 2 2 1 1
359 358 358 358 358 359 360 359 358 357 355 354 352 351 351 353 354 355 356 358 359 1 2 2 3 3 4 4 4 4 3 2 1 1 2 2 3 4 4 3 2 1 359 357 356 357 359 360 360 1 2 2 3 3 2 2 2 2 2 2 2 2 3 3 3 4 5 5 6 7 8 8 6 4 1 360 359 357 357 357 358 359 0 1 2 3 3 3 3 3 3 2 2 2 2 2
358 358 358 358 358 359 359 359 358 357 355 354 352 350 351 352 354 355 356 358 359 0 1 2 2 3 3 3 4 4 3 3 2 2 2 2 2 2 2 1 1 0 359 358 358 359 1 1 0 2 2 2 3 3 3 3 3 3 2 2 2 2 3 3 3 4 5 5 6 7 8 8 6 3 0 359 358 357 357 357 358 359 0 1 3 4 4 3 3 3 3 2 2 2 1 2
359 358 358 358 358 359 359 359 358 357 356 354 352 350 351 353 354 355 357 358 359 0 1 1 2 2 2 3 3 4 3 3 2 2 2 1 2 2 1 1 0 360 359 359 359 360 1 1 1 2 2 3 3 4 4 4 3 3 3 2 2 3 3 3 4 5 5 5 6 7 8 7 5 2 360 358 357 357 357 357 358 359 1 2 3 4 4 4 3 3 2 2 2 1 1 1
359 359 358 358 359 359 360 360 359 357 356 355 353 352 352 354 355 356 357 358 359 360 1 1 1 2 2 3 3 3 3 2 2 2 1 1 1 1 1 1 1 0 0 0 0 1 2 2 1 2 2 3 3 4 4 4 4 4 3 3 3 3 3 4 4 5 5 5 6 6 7 6 4 1 359 358 357 357 357 358 358 359 1 2 4 4 5 4 3 2 2 1 1 0 0 1
359 359 359 359 360 359 359 359 358 358 357 356 356 355 356 357 357 357 358 358 359 359 360 0 0 1 1 2 3 3 3 1 360 0 360 359 359 360 0 1 2 2 2 2 2 2 2 2 1 2 3 4 4 4 4 5 4 4 4 3 3 3 4 4 5 5 5 5 5 5 5 4 2 359 357 357 357 358 359 360 0 1 2 3 5 6 5 4 3 2 1 360 359 358 358 359
359 360 360 360 360 359 359 359 358 358 358 357 357 357 358 358 359 358 358 359 359 359 359 360 360 0 1 2 3 3 3 0 359 359 359 359 359 359 360 1 3 3 3 3 2 2 2 2 2 3 3 4 4 5 5 5 4 4 4 4 4 4 4 4 5 5 5 5 4 3 3 2 0 357 356 356 357 359 360 1 1 2 3 4 5 6 5 4 2 1 360 359 358 357 357 358
359 360 360 360 360 359 359 359 359 358 358 358 358 358 359 359 359 359 359 359 359 359 359 359 359 360 0 1 2 3 3 0 359 360 360 359 359 359 360 1 2 2 4 3 3 3 3 3 2 4 4 5 5 5 5 5 5 5 5 4 4 4 4 4 5 5 5 4 3 2 2 1 359 357 356 356 357 359 0 1 2 2 3 3 4 5 5 4 2 0 360 358 357 357 357 357
359 359 359 360 360 359 359 359 359 359 359 358 359 359 360 360 0 360 360 360 360 359 359 359 359 359 360 0 1 2 2 0 360 0 0 360 359 359 360 360 1 2 3 4 3 3 3 4 3 4 5 6 6 5 5 5 5 5 5 5 5 5 5 4 4 4 4 4 2 1 1 0 359 357 356 357 358 360 1 1 2 2 3 3 3 4 4 3 1 0 359 358 358 357 357 358
359 358 358 358 359 360 0 0 0 359 359 359 360 360 1 1 1 1 0 0 360 359 359 359 359 359 359 359 359 360 0 1 2 3 2 2 2 2 1 359 359 359 2 3 4 4 5 5 5 7 6 6 6 6 5 5 5 5 6 6 6 6 4 4 3 4 4 3 1 359 358 358 358 358 359 359 0 1 1 1 2 2 2 1 1 1 0 0 360 359 359 359 359 359 360 0
359 358 357 358 359 360 1 1 1 0 360 360 0 1 2 2 2 1 1 1 0 359 359 359 359 359 359 359 358 359 359 2 3 4 3 2 3 2 1 359 358 359 1 4 4 5 5 6 6 8 7 7 7 6 5 5 4 5 6 7 6 6 4 3 3 3 3 2 0 358 357 357 357 358 360 0 1 1 1 1 2 2 1 0 359 359 359 359 359 359 359 359 359 360 1 1
358 358 357 358 358 359 0 1 1 0 0 1 1 2 3 2 2 2 2 1 0 359 359 358 358 358 358 358 358 359 359 2 3 4 3 2 2 2 1 359 358 359 1 4 4 5 6 7 7 9 8 8 7 6 5 5 4 5 6 6 6 5 4 3 3 3 3 2 360 358 356 356 356 358 360 1 2 2 2 2 2 2 1 360 359 358 358 359 359 358 358 358 358 359 360 0
358 357 357 358 358 359 0 1 1 1 1 1 2 3 3 3 3 3 2 2 0 360 359 358 358 358 358 358 358 359 360 2 3 3 2 1 2 2 1 359 358 359 1 4 3 4 7 7 8 10 10 9 8 6 5 4 4 4 5 5 5 5 4 3 3 3 3 2 360 357 355 355 356 358 360 1 2 2 2 2 2 2 1 0 359 358 358 358 358 358 358 357 357 357 358 358
356 357 358 358 359 358 358 358 360 2 4 4 5 4 4 4 4 3 2 2 1 360 358 358 357 357 357 356 358 359 360 3 3 4 1 359 359 359 359 359 360 0 3 4 2 3 7 9 10 12 11 11 9 7 4 3 2 2 3 3 3 4 4 5 5 4 4 2 360 357 355 355 356 358 359 0 2 2 2 2 2 2 2 1 360 359 358 357 357 357 357 356 356 355 355 355
354 357 358 358 358 357 357 359 360 2 5 5 6 5 5 6 6 5 4 3 1 360 358 357 356 355 355 355 356 357 359 0 358 357 355 355 357 357 358 359 360 0 360 0 354 7 9 9 11 12 11 11 9 7 4 2 1 1 1 2 2 3 4 5 5 5 4 3 0 357 355 355 356 358 360 1 2 3 3 3 3 3 2 1 0 359 358 357 356 356 356 355 354 353 352 350
356 359 359 359 358 356 356 358 360 1 3 4 5 5 5 6 6 6 5 4 2 0 358 357 355 354 353 352 352 353 354 357 354 351 351 353 356 357 357 357 356 356 353 350 349 8 10 9 10 11 10 9 7 5 3 2 1 1 1 2 2 2 3 4 5 4 3 2 0 358 356 356 357 359 0 1 3 3 4 4 4 3 2 2 0 359 358 356 355 355 355 354 353 352 350 347
7 4 1 359 357 354 352 353 355 360 1 1 4 5 7 8 8 8 7 5 3 1 359 357 354 353 350 348 345 343 341 336 349 344 346 348 351 355 355 356 355 353 348 334 248 7 9 8 8 8 8 7 6 5 4 3 3 2 2 2 2 2 2 2 2 2 2 1 0 359 359 359 1 1 2 3 4 4 5 5 5 4 3 2 1 359 358 356 355 355 355 355 354 353 350 348
8 5 2 359 357 354 351 352 354 358 359 360 3 5 8 9 9 9 8 6 4 2 359 357 354 352 349 346 341 337 333 318 334 335 339 340 344 352 352 353 347 344 326 273 232 8 9 8 8 7 7 6 6 5 5 4 4 3 2 2 1 1 1 1 1 1 1 1 1 0 1 2 3 3 3 4 5 5 5 5 5 5 3 2 1 359 358 357 356 356 356 356 356 355 352 350
7 5 2 359 357 354 352 352 353 356 358 359 2 4 8 10 10 10 9 7 4 2 360 357 355 352 348 344 339 334 327 313 314 323 334 333 333 343 347 347 327 324 291 249 249 13 11 9 8 7 6 6 6 5 5 4 4 3 2 2 1 1 0 0 0 0 1 1 1 1 2 3 4 4 4 5 5 5 5 5 5 4 3 2 1 360 358 357 357 357 357 357 357 356 354 351
8 4 1 358 357 354 352 351 351 352 356 359 2 4 9 11 11 10 9 8 5 3 1 358 355 351 347 341 335 327 319 301 292 286 298 309 309 304 267 228 179 179 188 194 53 20 14 11 8 6 6 6 5 5 5 5 4 3 3 2 1 1 0 360 0 0 1 1 2 2 3 4 5 5 6 6 6 6 5 5 4 4 3 2 1 360 359 358 358 358 358 358 358 357 355 353
