data/real/Dogrib_v624/conserv_mass_moment/windninja_360_30_100m_vel.asc
NCOLS 357 
NROWS 223 
XLLCORNER 457900 
YLLCORNER 5716800 
CELLSIZE 100 
NODATA_value -3.4e+38 
[rows 147 to 167 of 223, columns 138 to 183 of 357]
39.810001373291 38.2400016784668 34.2999992370605 31.2900009155273 27.3799991607666 25.4099998474121 27.0100002288818 30.6200008392334 33.1500015258789 33.9099998474121 33.689998626709 34.2200012207031 34.7799987792969 35.310001373291 35.6699981689453 35.4099998474121 33.8899993896484 30.7299995422363 22 20.2700004577637 25.0599994659424 30.4300003051758 33.6300010681152 36.2200012207031 37.5800018310547 37.7599983215332 37.0800018310547 36.2400016784668 35.1100006103516 34.0200004577637 33.8499984741211 32.3800010681152 30.9899997711182 30.5699996948242 29.0100002288818 15.1400003433228 21.0599994659424 35.1199989318848 44.5900001525879 48.6500015258789 49.6100006103516 49.189998626709 46.8800010681152 45.3499984741211 44.9199981689453 46.6300010681152
39.8499984741211 38.060001373291 34.0400009155273 31.4799995422363 27.6200008392334 25.3899993896484 26.7600002288818 30.4400005340576 33.1100006103516 34 33.7000007629395 34.1100006103516 34.5400009155273 34.8800010681152 35.0499992370605 34.6100006103516 32.8699989318848 29.4799995422363 20.7099990844727 18.8199996948242 23.3799991607666 29.0799999237061 32.5 35.25 36.689998626709 37.189998626709 36.7999992370605 36.1199989318848 35.25 34.310001373291 34.1699981689453 32.7799987792969 31.25 30.5499992370605 29.0300006866455 15.0600004196167 20.0200004577637 34.25 44.5099983215332 48.6100006103516 49.5800018310547 49.0400009155273 46.5800018310547 44.5900001525879 44.3899993896484 46.9900016784668
39.2200012207031 37.4500007629395 33.6100006103516 31.7199993133545 28.1700000762939 25.6399993896484 26.6299991607666 30.2600002288818 33.0499992370605 34.060001373291 33.689998626709 33.9599990844727 34.25 34.4500007629395 34.4599990844727 33.8899993896484 32.1100006103516 28.75 20.2800006866455 18.1700000762939 22.2900009155273 28.2199993133545 31.7600002288818 34.560001373291 36.0699996948242 36.7299995422363 36.5 35.9500007629395 35.310001373291 34.5900001525879 34.4900016784668 33.2299995422363 31.5400009155273 30.5100002288818 29.0499992370605 15.1099996566772 18.9099998474121 33.1199989318848 44.25 48.9099998474121 50.0800018310547 49.25 46.6500015258789 44.3300018310547 44.2000007629395 47.810001373291
40.7200012207031 39.4700012207031 35.6100006103516 33.5400009155273 29.6499996185303 26.1499996185303 26.3899993896484 30.1299991607666 33.1100006103516 34.3499984741211 34.0900001525879 34.4300003051758 34.7900009155273 35.0999984741211 35.2299995422363 34.939998626709 33.4099998474121 30.2900009155273 21.5300006866455 18.8600006103516 22.2800006866455 28.2900009155273 32.0099983215332 34.8499984741211 36.3899993896484 37.1699981689453 37.060001373291 36.6300010681152 36.1500015258789 35.5200004577637 35.0999984741211 33.6800003051758 31.5599994659424 30.1100006103516 28.9099998474121 15.3000001907349 17.7700004577637 31.4099998474121 42.7099990844727 47.310001373291 48.5099983215332 48.0200004577637 45.9300003051758 43.9300003051758 43.4199981689453 46.3199996948242
41.7299995422363 40.6199989318848 36.7400016784668 34.5699996948242 30.5599994659424 26.4500007629395 26.0100002288818 29.7999992370605 33.0099983215332 34.4500007629395 34.2700004577637 34.6599998474121 35.060001373291 35.4300003051758 35.6199989318848 35.5200004577637 34.2099990844727 31.3199996948242 22.5 19.3700008392334 22.1399993896484 28.1399993896484 32.0400009155273 34.8800010681152 36.4599990844727 37.3400001525879 37.4099998474121 37.1500015258789 36.8300018310547 36.3600006103516 35.6199989318848 34.060001373291 31.5900001525879 29.7000007629395 28.7099990844727 15.4700002670288 16.6200008392334 29.6499996185303 41.2000007629395 45.9300003051758 47.2599983215332 47.0900001525879 45.4300003051758 43.6599998474121 43.060001373291 45.7400016784668
42.6100006103516 41.4799995422363 37.5699996948242 35.3300018310547 31.1100006103516 26.5100002288818 25.4500007629395 29.3299999237061 32.8199996948242 34.5099983215332 34.4000015258789 34.7999992370605 35.2000007629395 35.6100006103516 35.7999992370605 35.8600006103516 34.7200012207031 32.0299987792969 23.2099990844727 19.6499996185303 21.8099994659424 27.8099994659424 31.8999996185303 34.7900009155273 36.4000015258789 37.3899993896484 37.6199989318848 37.5 37.3199996948242 37.0299987792969 35.9900016784668 34.3600006103516 31.5900001525879 29.2600002288818 28.4599990844727 15.6400003433228 15.5 27.8700008392334 39.7000007629395 44.7700004577637 46.2999992370605 46.3499984741211 45.0200004577637 43.5200004577637 42.9099998474121 45.5999984741211
43.25 41.75 37.8400001525879 35.5800018310547 31.5599994659424 26.8700008392334 25.1800003051758 28.8899993896484 32.5099983215332 34.4300003051758 34.4300003051758 34.8600006103516 35.2599983215332 35.689998626709 35.8899993896484 36.0999984741211 35.1599998474121 32.7099990844727 23.9300003051758 20.1100006103516 21.7600002288818 27.5799999237061 31.6800003051758 34.5699996948242 36.189998626709 37.2799987792969 37.7400016784668 37.8300018310547 37.8199996948242 37.6699981689453 36.2400016784668 34.4900016784668 31.6599998474121 29 28.3700008392334 16.1900005340576 14.8999996185303 26.6800003051758 38.5400009155273 43.6300010681152 45.3400001525879 45.8300018310547 44.8199996948242 43.3199996948242 42.5800018310547 45.2400016784668
44.8800010681152 42.310001373291 38.8800010681152 36.7200012207031 33.0400009155273 28.3400001525879 26.1599998474121 29.6499996185303 33.3499984741211 35.4599990844727 35.5299987792969 35.939998626709 36.2700004577637 36.6500015258789 36.7299995422363 36.939998626709 36.0200004577637 33.6399993896484 25.0499992370605 21.1599998474121 22.5699996948242 28.3199996948242 32.4300003051758 35.2799987792969 36.8499984741211 37.810001373291 38.0499992370605 37.8699989318848 37.6100006103516 37.6199989318848 36.3300018310547 34.9000015258789 32.4599990844727 29.6599998474121 29.1000003814697 17.4500007629395 15.25 26.7800006866455 39.1399993896484 44.6399993896484 46.3400001525879 46.3300018310547 44.4599990844727 41.8199996948242 40.1500015258789 42.3499984741211
45.1699981689453 42.4599990844727 39.2700004577637 37.2200012207031 33.9300003051758 29.3600006103516 26.8500003814697 30.0900001525879 33.8600006103516 36.2000007629395 36.4000015258789 36.8199996948242 37.1199989318848 37.4799995422363 37.4900016784668 37.7400016784668 36.8899993896484 34.6100006103516 26.1299991607666 22.1000003814697 23.2700004577637 28.8799991607666 32.939998626709 35.7299995422363 37.2400016784668 38.0900001525879 38.1699981689453 37.8300018310547 37.3699989318848 37.5099983215332 36.2400016784668 34.9799995422363 32.8499984741211 29.9599990844727 29.5599994659424 18.7700004577637 15.6599998474121 26.7099990844727 39.4500007629395 45.2900009155273 47.0200004577637 46.5999984741211 44.0699996948242 40.4700012207031 38.0699996948242 39.9199981689453
46.439998626709 43.060001373291 39.9099998474121 37.7000007629395 34.5 30.0699996948242 27.2900009155273 30.3999996185303 34.2200012207031 36.7700004577637 37.0999984741211 37.5699996948242 37.8300018310547 38.1800003051758 38.1300010681152 38.4199981689453 37.6300010681152 35.4500007629395 27.0900001525879 22.9300003051758 23.8600006103516 29.3199996948242 33.2900009155273 36.0200004577637 37.4700012207031 38.2599983215332 38.2700004577637 37.8499984741211 37.25 37.4799995422363 36.1599998474121 34.9099998474121 33.0400009155273 30.1700000762939 29.9899997711182 20.1299991607666 16.1700000762939 26.5200004577637 39.5699996948242 45.5999984741211 47.3400001525879 46.689998626709 43.5999984741211 39.2099990844727 36.189998626709 37.75
47.3199996948242 45.6100006103516 39.4599990844727 37.5699996948242 34.9099998474121 30.9099998474121 27.7700004577637 30.6000003814697 34.4599990844727 37.2999992370605 37.7999992370605 38.3300018310547 38.5900001525879 38.939998626709 38.8699989318848 39.2299995422363 38.5400009155273 36.4300003051758 27.8899993896484 23.5799999237061 24.4200000762939 29.7299995422363 33.5999984741211 36.2599983215332 37.6699981689453 38.3899993896484 38.25 37.7099990844727 36.9500007629395 37.2099990844727 35.8499984741211 34.6599998474121 33.0699996948242 30.4400005340576 30.4799995422363 21.4899997711182 16.3899993896484 25.6000003814697 39.1100006103516 45.8600006103516 47.8300018310547 46.7900009155273 43.2299995422363 38.3499984741211 35.0800018310547 36.4199981689453
41.689998626709 44.6199989318848 41.5099983215332 39.4000015258789 36.9000015258789 32.8699989318848 29.0900001525879 31.2999992370605 34.8400001525879 37.5999984741211 38.0200004577637 38.5 38.6199989318848 38.8699989318848 38.6300010681152 38.9300003051758 38.2400016784668 36.0800018310547 27.8700008392334 23.7199993133545 24.7900009155273 30.1399993896484 33.9799995422363 36.6500015258789 38.1199989318848 38.9900016784668 39.1300010681152 38.8800010681152 38.3800010681152 38.9700012207031 37.7999992370605 36.7700004577637 35.4500007629395 32.6699981689453 31.9300003051758 22.3099994659424 15.8100004196167 23.2099990844727 36.6399993896484 43.9300003051758 46.6199989318848 46.5 43.7599983215332 39.5400009155273 36.4099998474121 37.1500015258789
52.4000015258789 44.1100006103516 43.4500007629395 41.0200004577637 38.4900016784668 34.5099983215332 30.2299995422363 31.8799991607666 35.1100006103516 37.8800010681152 38.3199996948242 38.7900009155273 38.7999992370605 38.9500007629395 38.5800018310547 38.8400001525879 38.1599998474121 35.9900016784668 28 23.9400005340576 25.2099990844727 30.6000003814697 34.4000015258789 37.0800018310547 38.5900001525879 39.5800018310547 39.939998626709 39.9199981689453 39.6199989318848 40.4799995422363 39.4199981689453 38.5099983215332 37.3699989318848 34.5499992370605 30.3099994659424 23.1599998474121 15.6099996566772 21.1800003051758 34.560001373291 42.5900001525879 46.0099983215332 46.5800018310547 44.2900009155273 40.5200004577637 37.4700012207031 37.6100006103516
52.5499992370605 50.0699996948242 45.9700012207031 42.7999992370605 40.2900009155273 36.0499992370605 31.3999996185303 32.5499992370605 35.4900016784668 38.2799987792969 38.7299995422363 39.2299995422363 39.1699981689453 39.2400016784668 38.7700004577637 39 38.3400001525879 36.1300010681152 28.25 24.25 25.6800003051758 31.0400009155273 34.7900009155273 37.4599990844727 39 40.0800018310547 40.5800018310547 40.7299995422363 40.560001373291 41.6199989318848 40.6500015258789 39.8199996948242 38.7700004577637 36.0200004577637 31.0799999237061 23.9899997711182 15.7399997711182 19.5 32.7099990844727 41.5800018310547 45.7200012207031 46.7700004577637 44.75 41.25 38.2299995422363 37.7599983215332
52.7799987792969 51.9700012207031 45.4700012207031 43.0299987792969 40.4500007629395 36.4099998474121 31.8400001525879 32.7599983215332 35.5299987792969 38.439998626709 39.1199989318848 39.7299995422363 39.5900001525879 39.5800018310547 38.9799995422363 39.1399993896484 38.4500007629395 36.2599983215332 28.5799999237061 24.5499992370605 26.0200004577637 31.4899997711182 35.2700004577637 37.9000015258789 39.4099998474121 40.560001373291 41.2700004577637 41.6199989318848 41.6100006103516 42.9099998474121 42.0099983215332 41.2700004577637 40.310001373291 37.4900016784668 31.5100002288818 24.5699996948242 15.9499998092651 17.9799995422363 30.8099994659424 40.5200004577637 45.3300018310547 46.7400016784668 44.7999992370605 41.3499984741211 38.3199996948242 37.5299987792969
47.689998626709 50.0800018310547 48.3499984741211 33.4099998474121 35.3499984741211 34.1300010681152 30.8199996948242 31.7700004577637 34.5200004577637 37.6199989318848 38.6300010681152 39.5699996948242 39.5200004577637 39.5800018310547 39.0900001525879 39.3600006103516 38.810001373291 36.7700004577637 28.8400001525879 24.5100002288818 25.7199993133545 31.1399993896484 34.9700012207031 37.6199989318848 39.1399993896484 40.2700004577637 40.9099998474121 41.1599998474121 41.0099983215332 42.2999992370605 41.3300018310547 40.560001373291 39.6300010681152 37.1399993896484 31.3299999237061 24.8600006103516 16.1200008392334 16.4400005340576 28.5200004577637 38.7099990844727 43.75 44.7999992370605 42.2700004577637 38.2900009155273 35.6599998474121 36.0299987792969
15.0699996948242 23.5599994659424 24.8299999237061 46.1199989318848 31.2900009155273 32.189998626709 29.8999996185303 30.8899993896484 33.689998626709 37.0499992370605 38.439998626709 39.7000007629395 39.7099990844727 39.7700004577637 39.2700004577637 39.5999984741211 39.1199989318848 37.1800003051758 29.0900001525879 24.5400009155273 25.5400009155273 30.9300003051758 34.7599983215332 37.3600006103516 38.7999992370605 39.8899993896484 40.6100006103516 40.9500007629395 40.8400001525879 42.2299995422363 41.25 40.4799995422363 39.560001373291 37.2700004577637 31.2000007629395 24.9699993133545 16.1800003051758 15.039999961853 26.2700004577637 36.9099998474121 42.310001373291 43.1599998474121 40.1800003051758 35.810001373291 33.4500007629395 34.7000007629395
4.69999980926514 7.01000022888184 18.7800006866455 24.7099990844727 44.2099990844727 30.7199993133545 29.3400001525879 30.2999992370605 33.1300010681152 36.689998626709 38.4199981689453 39.9900016784668 40.0400009155273 40.0800018310547 39.6100006103516 39.9199981689453 39.4599990844727 37.5900001525879 29.3400001525879 24.6200008392334 25.4599990844727 30.8099994659424 34.6500015258789 37.2000007629395 38.5900001525879 39.7999992370605 40.6199989318848 41.0699996948242 41 42.4900016784668 41.5400009155273 40.7700004577637 39.8199996948242 37.6399993896484 31.1299991607666 24.9599990844727 16.1200008392334 13.7399997711182 22.6200008392334 33.9300003051758 40.0200004577637 41.7799987792969 38.439998626709 33.7200012207031 31.5400009155273 33.439998626709
4.1100001335144 6.90999984741211 5.59000015258789 18.1399993896484 24.5699996948242 28.6900005340576 28.3899993896484 29.0799999237061 27.8299999237061 30.2900009155273 32.4199981689453 35.5099983215332 36.7000007629395 37.7299995422363 38 38.7599983215332 38.4799995422363 36.8300018310547 28.7399997711182 24.0300006866455 25.0200004577637 30.7099990844727 35.2099990844727 37.9000015258789 39.3899993896484 40.6699981689453 41.4900016784668 41.7999992370605 41.4199981689453 42.7299995422363 41.7000007629395 40.8600006103516 39.8899993896484 37.9799995422363 31.7999992370605 26.2099990844727 17.7000007629395 13.5900001525879 22.3299999237061 33.7999992370605 40.3499984741211 41.5999984741211 38.5499992370605 34.189998626709 32.0900001525879 33.4900016784668
0.46000000834465 6.84999990463257 8.52999973297119 1.52999997138977 18.5300006866455 23.8999996185303 26.4400005340576 24.4400005340576 24.5200004577637 26.1200008392334 28.3199996948242 32.2799987792969 34.2200012207031 35.9599990844727 36.7700004577637 37.7900009155273 37.6500015258789 36.1199989318848 28.2299995422363 23.6200008392334 24.75 30.7199993133545 35.7999992370605 38.8600006103516 40.689998626709 42.0800018310547 42.6199989318848 42.5900001525879 41.7700004577637 42.810001373291 41.7000007629395 40.7700004577637 39.7400016784668 38.0200004577637 32.310001373291 27.0499992370605 18.6200008392334 13.9300003051758 22 33.310001373291 40.1199989318848 41.7299995422363 39.0900001525879 35.189998626709 33.2000007629395 34.0699996948242
2.97000002861023 5.59000015258789 9.89000034332275 2.58999991416931 10.0799999237061 22.0300006866455 25.6000003814697 22.5100002288818 21.6399993896484 22.6000003814697 24.8899993896484 29.6299991607666 32.2400016784668 34.5699996948242 35.8300018310547 37.0699996948242 37.0099983215332 35.5499992370605 27.8099994659424 23.3099994659424 24.5200004577637 30.7600002288818 36.4000015258789 39.7099990844727 41.7900009155273 43.2599983215332 43.5900001525879 43.3800010681152 42.2799987792969 43.0699996948242 41.9000015258789 40.8899993896484 39.8300018310547 38.2000007629395 32.7599983215332 27.6499996185303 19.2600002288818 13.9899997711182 21.5699996948242 32.6100006103516 39.5400009155273 41.5299987792969 39.2599983215332 35.75 33.9599990844727 34.4700012207031
