data/real/Dogrib_v624/conserv_mass_moment/windninja_315_30_100m_ang.asc
NCOLS 357 
NROWS 223 
XLLCORNER 457900 
YLLCORNER 5716800 
CELLSIZE 100 
NODATA_value -3.4e+38 
[rows 126 to 167 of 223, columns 188 to 281 of 357]
321 317 319 317 314 313 313 314 316 317 317 317 317 316 317 316 315 316 316 317 317 315 316 316 315 317 318 318 319 320 319 319 319 317 317 314 332 341 343 343 345 343 347 341 334 330 324 321 322 321 317 316 322 325 324 319 318 318 321 327 328 322 318 321 322 326 329 326 324 322 315 312 309 307 305 303 300 301 305 308 311 313 316 317 318 319 319 321 321 320 320 321 322 322
320 315 319 318 315 315 315 315 316 317 316 315 315 314 314 313 312 311 313 314 315 313 314 315 314 314 315 315 316 318 318 320 320 318 317 313 328 336 275 345 346 343 344 338 331 327 322 318 320 319 316 320 322 325 324 319 317 315 316 317 319 313 303 312 320 328 333 330 328 325 322 315 313 310 308 306 302 304 307 309 311 313 315 317 319 321 322 323 323 322 322 323 323 322
320 317 319 319 315 315 316 316 316 316 315 315 315 313 313 312 311 310 311 311 312 312 312 314 313 313 313 313 313 315 317 319 320 318 317 313 325 328 146 348 347 342 341 335 329 325 322 318 320 319 316 320 321 324 324 319 317 315 314 315 315 308 281 311 323 334 337 334 330 326 323 317 316 313 311 309 305 305 309 310 312 313 315 316 319 321 322 324 324 323 322 323 323 322
320 320 323 324 320 318 319 317 316 316 314 313 313 312 311 311 310 309 310 310 310 310 309 310 310 309 310 311 312 314 315 317 318 317 316 313 322 322 134 352 348 342 338 332 327 324 322 320 321 321 318 321 321 323 323 319 317 314 313 313 312 311 141 147 334 345 343 337 333 327 321 319 318 316 314 313 308 307 311 312 313 314 315 316 318 320 323 324 324 323 322 323 323 322
319 320 321 323 320 320 322 321 318 316 314 313 313 313 311 311 310 309 309 309 309 309 308 308 307 306 307 309 309 311 313 315 316 316 316 313 319 317 339 353 348 341 335 330 326 323 321 320 320 320 319 323 323 323 322 318 316 314 312 312 309 304 290 217 63 1 350 341 334 328 323 321 320 318 316 315 310 309 313 314 314 315 315 316 317 322 323 325 325 324 323 323 323 322
319 319 319 319 318 316 319 319 317 317 317 316 317 316 314 313 313 312 310 308 308 309 309 309 309 307 307 308 308 309 310 312 313 314 315 314 319 319 335 350 345 339 331 327 325 323 321 320 319 319 318 318 317 314 316 313 313 312 311 310 308 304 299 291 350 1 350 342 336 326 324 323 321 320 318 316 311 309 313 314 315 315 315 316 316 321 323 325 326 325 325 324 324 324
319 319 319 319 318 316 319 319 316 316 317 317 318 318 316 315 314 313 310 309 308 308 309 309 309 308 307 308 307 307 308 310 312 312 314 313 320 320 334 344 341 337 328 325 324 322 321 320 319 318 317 315 313 309 311 311 311 311 310 310 308 306 303 301 306 348 347 342 337 327 326 324 323 322 319 317 313 311 314 315 315 315 315 316 316 317 323 325 326 326 325 325 325 325
318 318 318 318 318 318 321 323 320 319 320 320 320 319 317 315 314 313 309 307 307 307 308 308 308 307 305 305 303 303 303 305 308 309 312 313 320 321 334 341 337 334 326 323 324 322 321 319 318 316 314 309 298 288 285 289 296 304 307 309 309 309 308 308 312 334 343 341 338 330 330 328 327 325 323 320 317 314 316 316 315 316 316 317 317 318 323 326 327 327 327 326 326 326
318 318 318 317 318 318 319 321 319 319 323 323 322 322 320 318 316 315 310 308 307 308 309 309 309 307 306 304 303 302 302 304 306 308 310 312 318 320 328 333 329 328 322 321 323 323 322 322 320 317 313 308 300 297 297 298 300 304 308 310 311 311 311 312 313 320 333 336 335 330 329 328 328 326 324 322 319 316 317 317 315 315 316 317 318 319 323 325 326 326 326 327 327 328
319 319 319 317 318 318 317 318 317 315 320 321 322 323 322 321 320 318 315 312 311 312 312 312 311 310 308 307 307 306 306 307 309 310 312 312 316 318 321 327 323 323 319 316 320 322 324 325 324 323 319 315 309 306 305 306 307 310 312 313 314 314 314 313 313 315 322 329 330 326 326 325 324 322 320 319 317 314 315 315 313 314 316 316 317 319 321 322 323 323 324 325 326 328
319 319 318 317 318 317 317 317 317 316 319 322 323 324 323 323 322 321 318 314 313 314 314 314 313 311 310 309 308 308 308 309 311 312 313 313 315 316 317 321 320 320 318 315 319 322 326 329 328 326 323 320 315 312 311 311 312 313 315 315 316 316 316 315 315 315 317 323 327 325 325 323 322 321 319 317 316 315 315 315 311 312 315 316 317 319 320 321 322 323 323 325 326 328
317 318 316 316 316 316 316 316 316 317 320 324 326 327 327 327 327 326 324 320 318 318 317 317 316 313 311 310 310 310 311 312 313 313 314 313 313 313 313 314 314 314 315 313 317 321 327 331 331 329 327 325 321 318 317 317 317 317 318 317 318 318 318 317 317 316 317 320 324 325 325 323 323 322 319 317 317 316 317 317 313 312 316 317 317 319 320 321 323 323 324 327 328 329
317 317 316 315 316 316 315 315 316 316 318 321 323 324 325 326 326 326 325 323 321 322 321 320 318 315 313 311 311 312 313 314 315 316 316 314 312 311 311 312 311 311 313 312 316 321 329 333 331 329 327 326 324 321 320 320 320 320 320 318 318 319 319 318 318 317 317 319 322 325 325 324 324 323 319 318 317 316 316 316 312 311 318 318 318 319 320 322 324 326 328 331 331 330
319 319 318 317 318 317 316 316 316 316 317 318 318 319 320 320 320 320 320 318 316 318 319 320 320 317 315 312 312 313 314 315 316 317 317 317 313 312 312 313 313 313 315 316 318 322 328 331 331 329 328 326 324 321 320 321 320 320 320 318 318 318 318 317 317 317 317 318 320 325 328 326 326 325 321 319 318 317 315 315 310 307 314 315 314 317 320 322 325 328 333 337 335 332
319 319 318 317 318 318 316 316 316 316 316 316 317 317 317 318 317 317 317 316 315 318 320 321 321 319 316 313 312 314 315 316 317 317 319 318 314 312 312 313 313 313 315 316 317 320 324 327 329 329 328 327 325 322 321 322 321 321 320 319 318 318 317 317 317 317 317 318 319 324 331 330 329 328 324 322 319 317 315 314 310 306 313 315 313 316 320 323 325 327 332 338 337 334
318 319 317 317 317 317 315 315 315 314 314 314 314 315 315 315 315 315 315 316 317 321 324 325 325 323 321 317 315 316 316 317 318 318 320 319 314 313 312 313 313 314 315 317 318 320 322 325 328 329 329 329 328 325 324 324 324 323 321 320 318 317 317 317 317 317 317 317 318 322 331 337 336 332 327 324 321 318 315 314 309 306 313 317 312 318 320 323 326 327 330 336 337 335
319 319 318 317 317 317 315 314 314 314 313 313 313 313 313 313 313 313 313 314 315 317 320 322 322 323 322 319 317 319 318 318 319 318 321 319 314 312 312 312 313 313 315 316 317 318 320 322 326 327 328 328 327 325 324 325 324 323 322 321 319 317 316 316 316 317 317 317 317 320 326 336 357 341 332 327 323 319 316 314 309 305 311 314 309 315 317 322 325 325 328 332 336 336
320 320 318 318 318 318 316 316 315 315 314 314 314 314 314 313 313 313 313 313 312 312 312 313 312 312 312 310 309 313 315 316 318 319 321 319 313 310 309 309 310 311 313 314 315 316 317 319 322 324 326 326 324 323 321 322 322 321 320 319 318 316 316 316 316 316 316 316 316 317 321 325 346 333 340 332 326 322 318 315 310 306 310 311 306 305 311 319 324 325 326 330 334 337
321 321 319 318 319 318 317 316 315 314 313 312 312 312 312 312 312 311 310 309 309 309 309 309 308 309 310 310 309 311 314 315 317 319 321 320 313 309 307 306 307 309 311 313 314 315 316 317 320 322 324 324 322 321 320 319 319 320 319 319 318 315 315 316 315 314 314 312 312 315 314 319 324 315 314 321 325 324 320 317 311 307 309 309 301 285 294 307 320 324 327 330 334 339
324 324 322 320 320 319 317 316 315 314 313 312 312 311 311 311 311 311 310 309 309 308 308 307 307 306 307 308 307 311 315 316 318 321 324 321 313 305 301 299 299 302 305 309 312 313 315 316 318 320 322 323 322 321 320 319 318 317 317 317 317 316 315 316 315 314 313 311 311 311 312 313 314 312 310 311 314 317 319 320 315 312 316 316 307 236 258 290 315 325 329 333 336 340
325 326 324 323 322 321 319 318 317 316 315 314 313 313 312 312 312 312 311 310 310 310 309 309 309 308 308 309 309 310 313 315 315 321 328 325 325 306 301 299 298 300 301 306 311 313 315 316 318 319 321 322 322 322 321 320 319 317 317 317 317 315 314 316 316 315 315 314 313 313 314 314 316 315 311 310 311 311 312 314 312 313 323 327 314 204 211 237 314 329 333 337 339 340
324 328 326 325 325 323 321 319 319 317 316 315 314 313 313 312 312 312 311 310 310 310 310 310 309 309 309 309 309 311 313 316 317 324 332 332 329 316 311 308 307 306 304 307 311 313 315 316 317 318 321 322 321 321 321 320 319 317 316 317 316 316 315 316 316 315 315 315 314 314 315 315 317 317 313 311 311 310 310 310 309 311 324 336 283 185 181 167 330 341 341 344 343 342
318 330 329 328 327 326 323 321 320 319 317 315 314 313 312 311 311 310 310 309 309 310 310 310 309 309 309 308 309 310 311 315 318 327 330 336 333 323 319 317 316 314 311 311 314 315 316 316 317 317 320 321 320 320 321 321 320 317 316 316 315 315 316 317 318 317 317 316 314 314 315 316 318 318 314 312 312 311 311 311 310 311 321 328 248 163 157 134 46 6 353 353 348 345
317 330 331 331 330 328 325 323 322 320 318 317 315 314 313 312 311 311 310 310 310 310 310 311 310 310 310 309 309 310 311 313 316 323 327 334 326 323 320 318 318 317 314 313 316 317 317 317 317 317 320 320 318 318 319 319 319 317 316 317 316 315 316 316 317 317 317 318 314 314 315 316 318 318 315 313 313 312 311 311 310 311 319 324 255 153 143 121 74 30 8 3 354 348
319 326 330 333 333 331 327 325 324 322 320 318 317 316 315 314 314 313 312 312 312 312 312 312 312 311 311 311 311 312 312 314 316 320 324 331 329 320 317 315 315 314 310 310 314 314 314 315 315 316 318 319 317 316 316 316 317 315 315 316 316 316 316 316 316 316 315 315 315 314 315 316 318 319 315 314 314 313 312 311 310 309 314 316 288 144 134 116 81 44 20 11 359 350
313 322 326 333 339 335 331 328 326 324 322 320 319 318 317 316 315 315 314 313 313 313 312 313 313 312 312 312 312 313 313 314 315 318 321 328 327 320 317 314 314 313 309 309 313 314 313 314 314 314 316 317 315 314 314 314 315 314 314 316 316 315 315 316 316 317 316 315 315 313 315 316 318 318 315 314 314 313 312 312 311 310 313 315 304 134 128 116 90 56 30 17 2 352
313 320 323 330 344 341 335 331 328 326 324 322 321 320 319 318 317 316 314 314 313 312 311 311 312 311 312 313 313 313 313 314 315 316 317 323 321 318 316 314 313 313 310 310 314 315 314 314 312 311 312 313 312 313 313 313 314 314 315 316 318 316 316 317 316 317 317 315 315 312 314 315 316 316 313 313 313 313 312 311 310 309 311 314 312 123 122 116 100 69 41 22 6 354
312 318 321 325 339 345 339 335 331 328 325 323 322 321 320 319 318 317 316 315 314 313 312 312 312 312 313 314 314 314 314 315 315 315 316 319 319 317 316 314 313 312 310 310 313 315 315 314 312 309 308 309 309 310 311 311 312 312 313 315 316 316 316 318 317 318 318 316 315 312 315 315 315 315 313 312 313 313 311 311 310 309 310 312 313 108 120 119 111 87 54 29 9 354
310 314 317 319 328 336 336 335 332 329 326 324 323 321 320 319 318 317 316 316 315 315 314 314 314 315 315 316 316 316 316 316 316 316 316 318 318 317 316 315 314 313 310 309 312 314 313 311 309 306 304 305 306 308 309 310 310 311 311 312 313 313 312 315 316 318 319 316 315 311 314 315 314 315 314 314 314 313 312 311 311 311 311 312 313 338 120 129 129 111 63 26 6 353
309 313 314 316 320 322 322 324 326 326 326 325 323 322 321 320 319 318 317 317 316 316 316 315 315 316 317 318 318 317 317 317 317 316 315 316 316 316 315 314 314 313 311 310 312 313 313 310 307 304 301 302 303 305 307 308 309 309 310 311 312 312 311 313 315 317 319 317 316 312 314 315 313 314 314 314 315 314 312 311 311 311 311 311 312 313 306 234 189 179 113 28 360 349
308 310 311 312 316 316 316 318 320 323 325 325 324 323 322 321 320 319 319 318 318 318 318 317 317 318 318 319 319 318 318 318 317 316 315 315 314 314 313 313 313 312 311 309 311 311 311 308 303 299 297 298 298 299 302 304 306 307 308 310 310 311 311 313 315 317 319 317 316 314 316 316 314 314 315 314 314 312 310 308 308 308 308 309 309 305 298 284 262 259 260 268 348 344
308 309 310 311 313 313 312 313 315 317 321 323 324 323 322 321 321 320 319 318 318 318 318 317 317 319 319 321 321 319 319 319 319 317 316 315 313 313 312 312 312 312 311 310 311 311 311 308 303 300 297 298 298 298 300 302 305 306 307 308 309 310 310 311 313 315 317 316 316 315 315 316 314 314 316 315 314 313 310 308 308 308 308 309 309 306 298 291 282 278 279 282 300 327
308 309 311 311 313 313 311 311 311 312 315 317 319 320 320 320 320 320 319 317 317 317 317 316 315 317 318 320 321 320 319 320 320 318 317 316 314 313 312 312 312 312 312 311 313 313 314 312 307 304 301 301 301 301 303 304 305 306 307 308 309 310 310 310 311 313 314 313 313 312 312 313 311 311 314 315 316 316 313 312 311 311 312 312 312 309 302 298 292 289 288 288 296 307
308 309 310 311 312 312 310 310 310 310 311 313 315 317 318 319 320 320 319 317 316 316 316 315 315 317 318 320 321 320 320 321 321 319 318 316 314 313 312 312 312 312 313 313 314 315 316 315 311 309 305 304 304 303 304 305 306 307 307 307 308 310 311 310 311 312 313 312 312 311 311 311 310 310 313 315 316 316 315 314 313 313 314 314 314 312 306 304 301 298 296 294 298 303
309 310 311 312 312 312 310 308 308 308 308 309 311 312 314 317 319 320 320 317 316 316 316 314 315 316 318 320 321 320 320 322 322 320 319 316 316 314 313 312 312 312 312 313 315 317 319 320 317 315 311 309 307 305 305 306 306 306 305 305 306 307 309 309 310 311 311 310 310 310 310 310 309 310 313 316 317 318 318 317 316 315 316 316 317 316 312 309 309 307 306 304 303 305
309 310 311 312 312 311 309 308 307 307 307 308 309 310 310 312 315 318 318 317 316 317 316 314 314 316 317 320 321 320 320 322 322 320 319 317 316 315 314 313 313 312 312 313 315 317 320 320 318 317 314 312 310 306 306 307 307 306 305 305 305 307 309 309 309 311 311 310 310 309 309 309 308 309 312 314 316 318 318 318 317 317 319 319 321 320 316 312 312 310 310 308 306 307
308 308 309 310 310 310 309 308 307 308 308 309 310 310 310 310 312 313 315 316 315 316 316 315 315 317 318 320 321 321 321 323 322 320 319 316 316 315 314 313 313 313 312 314 315 316 319 319 317 315 313 310 309 305 305 307 307 307 307 307 308 310 312 312 312 314 313 312 311 309 309 308 307 307 310 312 313 314 315 315 315 315 318 319 322 323 318 315 313 311 310 308 305 305
308 308 309 309 310 310 308 308 307 308 309 309 310 310 310 309 310 310 311 315 315 316 317 315 315 317 319 321 322 321 321 323 323 320 319 316 316 316 315 314 313 313 312 313 315 316 319 319 317 315 314 311 309 305 305 307 308 308 308 308 309 310 312 313 313 315 315 313 312 311 308 308 306 306 309 310 311 313 314 314 314 315 318 319 324 325 319 317 312 312 311 310 308 305
307 308 308 309 310 310 309 308 307 307 309 309 310 310 309 308 309 308 306 310 312 315 318 316 316 319 319 321 322 321 321 323 323 320 319 317 316 316 315 315 314 313 312 313 314 315 318 318 316 315 315 313 313 309 307 309 308 307 308 309 310 312 313 314 314 316 316 313 312 311 308 306 304 304 307 308 309 311 312 313 314 315 318 319 325 326 321 315 314 313 313 312 308 306
307 309 309 309 310 310 308 307 305 306 309 310 311 311 310 309 309 308 308 308 309 311 314 313 313 316 318 319 321 320 321 322 322 320 319 317 317 317 317 317 315 314 312 312 314 316 318 318 315 314 314 313 312 309 306 308 308 305 308 309 311 313 314 314 315 317 319 317 315 315 311 309 304 305 308 309 310 311 312 313 315 316 319 321 325 325 317 315 312 313 313 314 313 311
307 308 309 309 311 311 308 307 305 306 308 310 311 311 310 309 309 309 308 308 308 308 310 311 312 315 317 319 320 320 320 322 322 320 319 318 318 318 318 317 316 315 313 313 315 316 317 317 314 313 313 313 312 310 308 309 309 305 307 310 311 313 314 313 314 316 317 316 316 317 313 311 307 306 308 309 310 311 312 313 315 317 319 320 324 324 317 316 313 313 313 314 314 312
306 307 308 309 312 312 309 309 306 307 310 311 312 312 310 309 309 309 308 308 307 305 306 308 310 314 316 318 319 319 320 321 321 319 319 318 318 318 319 319 318 317 314 314 315 316 317 316 313 311 311 310 310 311 310 312 313 309 309 312 312 314 315 313 314 315 316 315 315 318 315 314 310 308 310 310 310 310 312 313 315 317 319 320 323 323 316 315 314 313 314 315 315 314
