data/real/Dogrib_v624/conserv_mass_moment/windninja_90_30_100m_vel.asc
NCOLS 357 
NROWS 223 
XLLCORNER 457900 
YLLCORNER 5716800 
CELLSIZE 100 
NODATA_value -3.4e+38 
[rows 63 to 83 of 223, columns 184 to 229 of 357]
33.4700012207031 30.2900009155273 30.7099990844727 30.8299999237061 30.6399993896484 29.4799995422363 31.9099998474121 33.5299987792969 35.7799987792969 32.7999992370605 30.6800003051758 28.2099990844727 25.8899993896484 25.2700004577637 24.1900005340576 22.8500003814697 21.0799999237061 19.7999992370605 17.7700004577637 15.3400001525879 12.3400001525879 9.22000026702881 3.64000010490417 2 3.20000004768372 2.53999996185303 2.33999991416931 6.21999979019165 10.539999961853 16.3500003814697 25.6100006103516 39.2700004577637 42.8400001525879 42.2900009155273 40.2099990844727 44.689998626709 42.5800018310547 40.5099983215332 36.1300010681152 36 35.5200004577637 34.8300018310547 33.5499992370605 33.4300003051758 33.0699996948242 32.4700012207031
32.9000015258789 30.4799995422363 29.75 29.1000003814697 28.1399993896484 26.2700004577637 27.6200008392334 28.7800006866455 31.1200008392334 27.9300003051758 26.2000007629395 23.8700008392334 21.5200004577637 20.9200000762939 19.2999992370605 17.4699993133545 14.5699996948242 12.0299997329712 9.39999961853027 12.0100002288818 9.03999996185303 1.16999995708466 4.21999979019165 5.11999988555908 5.55999994277954 3.70000004768372 1.05999994277954 3.95000004768372 7.80000019073486 11.960000038147 18.1499996185303 25.8299999237061 30.0900001525879 32.7200012207031 37.75 45.75 42.4099998474121 39.7000007629395 33.3600006103516 33.3300018310547 32.75 32 30.7399997711182 30.1000003814697 29.3700008392334 28.2900009155273
30.0799999237061 28.4799995422363 27.8099994659424 27.2199993133545 26.2800006866455 24.5100002288818 25.9099998474121 26.9400005340576 28.8799991607666 26.2900009155273 24.6700000762939 22.1200008392334 19.3899993896484 17.8400001525879 15.3900003433228 12.710000038147 8.98999977111816 5.78000020980835 3.59999990463257 2.32999992370605 2.4300000667572 3.19000005722046 1.64999997615814 1.33000004291534 2.52999997138977 0.280000001192093 2.41000008583069 5.48000001907349 8.71000003814697 12.0500001907349 16.8999996185303 22.4899997711182 26.6000003814697 30.2399997711182 36.5 46.2999992370605 43.6300010681152 40.3499984741211 33.7900009155273 33.560001373291 32.7599983215332 31.8400001525879 30.4099998474121 29.7000007629395 28.8799991607666 27.7000007629395
29.3299999237061 27.6800003051758 26.8500003814697 26.0200004577637 24.8899993896484 22.9400005340576 23.2600002288818 23.6200008392334 24.6599998474121 23.3600006103516 22.2199993133545 19.9500007629395 17.0699996948242 14.3100004196167 10.8800001144409 7.6100001335144 4.21000003814697 2.58999991416931 3.5699999332428 5.23999977111816 7.15000009536743 7.03999996185303 4.13000011444092 2.94000005722046 1.5900000333786 2.99000000953674 4.48999977111816 7.19000005722046 9.78999996185303 12.4799995422363 16.1200008392334 20.2299995422363 23.9799995422363 27.9099998474121 34.5800018310547 44.9599990844727 43.0999984741211 40.0900001525879 34.3699989318848 33.3800010681152 32.1399993896484 30.75 28.9400005340576 28.25 27.3899993896484 26.2199993133545
28.1100006103516 26.5599994659424 25.6100006103516 24.5699996948242 23.2600002288818 21.2900009155273 21.1000003814697 21.2600002288818 21.7000007629395 21.0499992370605 19.6399993896484 16.9300003051758 13.1800003051758 9.32999992370605 6.36999988555908 4.76999998092651 4.19999980926514 5.26999998092651 7 8.60000038146973 10.4200000762939 9.93000030517578 6.40999984741211 4.59999990463257 3.11999988555908 4.53999996185303 5.65000009536743 7.76999998092651 9.77999973297119 11.8900003433228 14.6899995803833 17.8199996948242 21.4400005340576 25.75 32.75 43.3899993896484 42.1500015258789 39.3600006103516 36.7099990844727 32.9799995422363 31.2399997711182 29.3299999237061 27.1100006103516 26.3999996185303 25.5400009155273 24.3799991607666
26.4200000762939 25.1599998474121 24.3299999237061 23.2999992370605 21.9899997711182 19.8099994659424 19.5900001525879 19.4099998474121 18.8299999237061 17.7999992370605 15.5500001907349 12.2799997329712 8.5600004196167 6.21000003814697 6.05999994277954 6.53999996185303 6.92000007629395 7.80000019073486 9.13000011444092 10.8299999237061 13.0500001907349 12.3900003433228 8.39999961853027 6.28000020980835 5.07999992370605 6.28999996185303 7.21000003814697 8.96000003814697 10.5299997329712 12.1999998092651 14.1800003051758 16.2900009155273 19.5699996948242 23.9899997711182 30.9899997711182 41.5499992370605 40.9599990844727 38.6599998474121 36.5900001525879 32.7900009155273 30.4599990844727 27.9599990844727 25.2999992370605 24.5499992370605 23.7000007629395 22.5599994659424
27.4099998474121 25.8099994659424 24.5900001525879 22.9500007629395 18.6700000762939 17.8299999237061 16.9899997711182 16.0200004577637 14.3199996948242 12.5299997329712 10.1800003051758 7.88000011444092 6.30999994277954 6.40999984741211 7.36999988555908 7.96999979019165 8.36999988555908 9.25 10.7600002288818 13.1000003814697 16.2600002288818 15.4799995422363 10.6000003814697 7.96999979019165 6.92999982833862 8.1899995803833 9.10000038146973 10.6800003051758 11.9799995422363 13.2799997329712 14.6899995803833 16.1100006103516 19.1100006103516 23.5100002288818 30.1200008392334 39.7799987792969 39.8300018310547 38.0400009155273 36.7000007629395 33.1699981689453 30.25 27.1499996185303 24.0599994659424 23.2399997711182 22.3999996185303 21.25
24.9400005340576 23.3400001525879 22.3700008392334 20.9300003051758 19.2700004577637 15.7200002670288 14.4700002670288 12.9499998092651 10.7799997329712 8.88000011444092 7.5 6.90000009536743 6.76999998092651 7.3899998664856 8.30000019073486 8.98999977111816 9.77999973297119 10.9399995803833 12.7200002670288 15.7799997329712 20.1399993896484 15.8699998855591 12.7799997329712 9.42000007629395 8.47000026702881 10.1300001144409 11.3199996948242 13.039999961853 14.2200002670288 15.2399997711182 16.1700000762939 16.9599990844727 19.5699996948242 23.6100006103516 29.2999992370605 37.2700004577637 38.0400009155273 37.1100006103516 37.0800018310547 34.810001373291 31.1900005340576 27.3899993896484 23.8299999237061 22.9300003051758 22.0499992370605 20.8199996948242
22.8099994659424 20.8700008392334 19.7299995422363 18.4400005340576 16.8799991607666 12.9499998092651 11.4099998474121 9.72000026702881 7.90999984741211 7.01999998092651 7.09999990463257 7.28999996185303 7.15999984741211 7.5 8.46000003814697 9.52999973297119 11.0100002288818 12.6300001144409 14.8000001907349 18.75 24.6000003814697 19.1599998474121 15.2700004577637 11.0900001525879 9.97999954223633 11.8100004196167 13.039999961853 14.7299995422363 15.6700000762939 16.2800006866455 16.6800003051758 16.8700008392334 19.1100006103516 22.9200000762939 27.9099998474121 34.4700012207031 35.8300018310547 35.8800010681152 37.5999984741211 37.060001373291 32.8800010681152 28.3600006103516 24.3799991607666 23.3999996185303 22.4500007629395 21.0799999237061
20.3999996185303 18.0300006866455 16.7299995422363 15.5 13.9700002670288 10.25 8.94999980926514 7.78999996185303 6.8600001335144 6.78999996185303 7.21999979019165 7.17000007629395 6.69000005722046 7.01999998092651 8.47999954223633 10.2799997329712 12.6999998092651 14.9700002670288 17.6599998474121 22.6000003814697 30.1599998474121 23.1800003051758 18.4799995422363 13.5699996948242 12.7700004577637 14.6800003051758 15.8199996948242 17.25 17.7000007629395 17.7099990844727 17.3600006103516 16.7000007629395 18.2900009155273 21.5799999237061 25.5699996948242 30.5499992370605 32.310001373291 33.5 37.1800003051758 39.1500015258789 34.4799995422363 29.3799991607666 25.0699996948242 24.1399993896484 23.1800003051758 21.7000007629395
16.9200000762939 14.5600004196167 13.4700002670288 12.6199998855591 11.6000003814697 10.4300003051758 9.30000019073486 9.02999973297119 8.67000007629395 8.65999984741211 8.9399995803833 8.71000003814697 8.25 8.80000019073486 10.6099996566772 12.5799999237061 15.0699996948242 17.4400005340576 20.2700004577637 25.6100006103516 34.0499992370605 31.1200008392334 21.8500003814697 17.0599994659424 17.0900001525879 19.1399993896484 20.25 21.3700008392334 21.6599998474121 21.6900005340576 21.2800006866455 20.5400009155273 21.75 24.3099994659424 27.2600002288818 30.7999992370605 32.2900009155273 33.9700012207031 38.3499984741211 40.8699989318848 35.9900016784668 30.5200004577637 25.9899997711182 24.9899997711182 23.8600006103516 22.1599998474121
15.9300003051758 13.9499998092651 13.3900003433228 13.4099998474121 13.460000038147 13.5600004196167 13.8100004196167 13.7399997711182 13.3500003814697 13.1499996185303 13.1000003814697 12.6999998092651 12.1000003814697 12.3100004196167 13.4300003051758 14.5200004577637 15.8699998855591 17.9200000762939 20.9300003051758 26.3400001525879 34.7900009155273 32.7400016784668 24.9400005340576 20.9599990844727 21.6700000762939 23.4500007629395 24.3999996185303 25.1000003814697 25.7600002288818 26.3600006103516 26.6100006103516 26.5599994659424 27.4899997711182 28.9500007629395 30.5799999237061 32.5800018310547 33.2599983215332 34.4199981689453 38.2099990844727 46.0499992370605 35.4300003051758 30.1200008392334 25.6399993896484 24.5200004577637 23.2900009155273 21.5100002288818
16.8099994659424 15.710000038147 16.1900005340576 17.3700008392334 18.4400005340576 19.4200000762939 19.8999996185303 19.8199996948242 19.5100002288818 19.2299995422363 18.9500007629395 18.3999996185303 17.6800003051758 17.4799995422363 17.75 17.8799991607666 18.0200004577637 19.7199993133545 22.7199993133545 27.6499996185303 35.1599998474121 33.560001373291 27.1800003051758 23.8899993896484 24.5100002288818 25.7700004577637 26.3799991607666 26.5799999237061 27.6100006103516 28.8500003814697 29.8600006103516 30.7800006866455 31.3500003814697 31.9200000762939 32.5299987792969 33.4500007629395 33.7400016784668 34.689998626709 38.0499992370605 45 34.8199996948242 29.7999992370605 25.3899993896484 24.0799999237061 22.6599998474121 20.7600002288818
20.6700000762939 20.3400001525879 21.4599990844727 23.0100002288818 24.4200000762939 25.7199993133545 25.6900005340576 25.4799995422363 25.2099990844727 24.7199993133545 24.1900005340576 23.4899997711182 22.7399997711182 22.1399993896484 21.7299995422363 20.9899997711182 20.0400009155273 21.3999996185303 24.1599998474121 28.3500003814697 34.6399993896484 33.6300010681152 29.2700004577637 26.9799995422363 27.3600006103516 27.9300003051758 28.1399993896484 27.75 29.0300006866455 30.6599998474121 32.4199981689453 34.4599990844727 34.6699981689453 34.4799995422363 34.2099990844727 34.1199989318848 34.1199989318848 34.7400016784668 37.3400001525879 43.060001373291 34.1500015258789 29.6700000762939 25.4500007629395 23.7900009155273 21.9699993133545 19.8799991607666
23.3799991607666 23.2999992370605 24.3500003814697 25.7600002288818 27.3099994659424 29.0799999237061 28.8500003814697 28.7000007629395 28.6599998474121 28.0599994659424 27.3799991607666 26.5499992370605 25.6900005340576 24.9799995422363 24.3700008392334 23.3400001525879 21.8899993896484 23.0599994659424 25.3600006103516 28.4899997711182 32.9500007629395 32.439998626709 29.4400005340576 27.8099994659424 27.3500003814697 27.0499992370605 26.5599994659424 25.3999996185303 26.5599994659424 28.6299991607666 31.5499992370605 35.7400016784668 36.0400009155273 35.3300018310547 34.5200004577637 33.6399993896484 33.6300010681152 33.9099998474121 35.4700012207031 35 31.9899997711182 28.0900001525879 24.3500003814697 21.9799995422363 19.7000007629395 17.5
26.8299999237061 27.1800003051758 28 29.2399997711182 30.9099998474121 33.1599998474121 31.7299995422363 31.1700000762939 31.0300006866455 29.9799995422363 29.0100002288818 27.9200000762939 26.8299999237061 26.3400001525879 25.8199996948242 24.9099998474121 23.4699993133545 24.4899997711182 25.9599990844727 27.75 30.0499992370605 29.9400005340576 27.8700008392334 26.6100006103516 24.6599998474121 22.8700008392334 20.7999992370605 18.1299991607666 18.2800006866455 20.8199996948242 25.6000003814697 33.3400001525879 34.3300018310547 33.2900009155273 32.0999984741211 30.8400001525879 31.0499992370605 31.1800003051758 31.7099990844727 31.1800003051758 29.4400005340576 27.0100002288818 24.5900001525879 21.1100006103516 18.0599994659424 15.3299999237061
27.1499996185303 27.8199996948242 28.4099998474121 29.3899993896484 31.0699996948242 33.8400001525879 31.7999992370605 31.0300006866455 30.9099998474121 29.5 28.3299999237061 27.0300006866455 25.6599998474121 25.1800003051758 24.5100002288818 23.5200004577637 21.9400005340576 22.4400005340576 23.0100002288818 23.5900001525879 24.0599994659424 23.9200000762939 21.8199996948242 20.4699993133545 17.3899993896484 14.3699998855591 11.0600004196167 7.34000015258789 5.78000020980835 9.59000015258789 16.8199996948242 29.0400009155273 31.0799999237061 29.1000003814697 27.4200000762939 25.6499996185303 26.0400009155273 26.4400005340576 26.5599994659424 26.1800003051758 25.2399997711182 24.2299995422363 23.2199993133545 19.3199996948242 15.8000001907349 12.6300001144409
23.8600006103516 24.7900009155273 25.3500003814697 26.2900009155273 28.2399997711182 31.0100002288818 29.9899997711182 29.1399993896484 28.9500007629395 27.1100006103516 25.6000003814697 23.8799991607666 22.0100002288818 21.0499992370605 19.7399997711182 18.2700004577637 16.2399997711182 15.6400003433228 15.3999996185303 15.0699996948242 14.4099998474121 13.9700002670288 12.1700000762939 11.2399997711182 8.97000026702881 6.15999984741211 3.4300000667572 0.800000011920929 2.46000003814697 0.75 9.57999992370605 28.0699996948242 31.0499992370605 27.2399997711182 24.1000003814697 20.8500003814697 20.5900001525879 20.4799995422363 17.9099998474121 18.2900009155273 18.8600006103516 19.9300003051758 21.8799991607666 18.7800006866455 14.6999998092651 11.1499996185303
18.4099998474121 19.3899993896484 20.1800003051758 21.3400001525879 23.5799999237061 27.4699993133545 25.5599994659424 24.3999996185303 24.0300006866455 21.9200000762939 19.4799995422363 16.9899997711182 14.289999961853 12.3400001525879 10.3699998855591 8.26000022888184 5.71000003814697 3.96000003814697 3.72000002861023 3.40000009536743 3.05999994277954 2.75999999046326 2.85999989509583 2.73000001907349 2.65000009536743 1.32000005245209 2.34999990463257 5.34999990463257 5.19999980926514 3.59999990463257 5.82999992370605 29.0100002288818 32.689998626709 28.8500003814697 25.4599990844727 21.7299995422363 20.8400001525879 19.8799991607666 15.539999961853 15.9799995422363 18 20.7700004577637 24.7999992370605 21.8199996948242 17.4699993133545 13.4899997711182
11.6400003433228 11.6999998092651 12.0699996948242 12.8299999237061 14.6199998855591 17.8299999237061 16.7399997711182 16.4099998474121 16.9500007629395 15.3199996948242 13 11.1700000762939 9.27999973297119 7.92999982833862 6.32999992370605 4.71999979019165 2.98000001907349 1.75 1.50999999046326 2.02999997138977 3.24000000953674 4.44000005722046 5.19000005722046 5.73000001907349 5.53999996185303 5.84999990463257 6.1399998664856 6.23999977111816 3.70000004768372 1.04999995231628 12.6499996185303 33.7099990844727 36.6699981689453 33.2900009155273 30.2999992370605 27.3099994659424 26.8999996185303 26.0699996948242 24.6900005340576 22.8700008392334 23.7099990844727 25.1399993896484 27.4200000762939 23.7399997711182 19.7700004577637 15.8800001144409
6.15999984741211 6.30999994277954 7.11999988555908 8.6899995803833 11.5 15.7700004577637 17.8999996185303 19.7000007629395 29.0400009155273 26.9099998474121 25.2399997711182 23.6000003814697 16.7399997711182 15.2200002670288 13.2200002670288 11.1800003051758 8.77999973297119 7.34000015258789 6.25 4.94999980926514 3.46000003814697 1.96000003814697 5.73999977111816 3.24000000953674 1.4099999666214 4.53999996185303 4.09999990463257 2.13000011444092 3.32999992370605 9.72999954223633 20.6800003051758 38.0400009155273 39.439998626709 36.5099983215332 33.8800010681152 31.4099998474121 31.0499992370605 30.2299995422363 29.1399993896484 27.3600006103516 27.0799999237061 27.2600002288818 28.0200004577637 24.3999996185303 20.7000007629395 17.0300006866455
