data/real/Dogrib_v624/conserv_mass_moment/windninja_315_30_100m_vel.asc
NCOLS 357 
NROWS 223 
XLLCORNER 457900 
YLLCORNER 5716800 
CELLSIZE 100 
NODATA_value -3.4e+38 
[rows 189 to 209 of 223, columns 230 to 275 of 357]
14.4899997711182 14.3299999237061 15.8299999237061 17.6299991607666 18.9699993133545 19.9799995422363 20.7199993133545 21.6800003051758 22.7800006866455 23.9599990844727 26.2000007629395 27.0799999237061 27.8400001525879 28.4400005340576 28.9099998474121 29.2900009155273 29.6100006103516 29.7999992370605 29.8999996185303 29.8899993896484 29.8199996948242 29.7000007629395 29.5 29.1200008392334 28.7399997711182 28.1900005340576 27.6399993896484 26.2999992370605 25.3999996185303 24.3099994659424 22.9400005340576 21.3299999237061 19.0499992370605 16.7999992370605 14.6400003433228 13.1300001144409 12.8199996948242 13.6599998474121 15.3900003433228 17.7999992370605 20.2199993133545 22.5799999237061 24.6000003814697 26.2000007629395 28.0400009155273 28.3400001525879
16.3099994659424 15.0799999237061 15.7299995422363 17.3299999237061 18.8099994659424 19.8400001525879 20.4500007629395 21.1100006103516 21.8799991607666 22.8099994659424 25.0699996948242 26.0799999237061 26.9599990844727 27.7199993133545 28.3400001525879 28.8299999237061 29.2900009155273 29.4599990844727 29.5799999237061 29.6299991607666 29.6100006103516 29.6900005340576 29.7099990844727 29.5599994659424 29.3600006103516 28.9200000762939 28.4699993133545 27.4099998474121 26.7900009155273 26.0699996948242 25.1100006103516 23.9300003051758 22.1800003051758 20.3099994659424 18.2999992370605 16.3999996185303 15.1700000762939 14.6499996185303 15.1000003814697 16.5900001525879 18.5699996948242 20.8799991607666 23.1100006103516 25.0900001525879 28.1599998474121 29.2299995422363
18.1599998474121 16.2299995422363 15.9200000762939 16.9799995422363 18.4599990844727 19.6599998474121 20.2999992370605 20.7800006866455 21.2700004577637 21.9099998474121 23.8899993896484 24.9300003051758 25.9099998474121 26.8299999237061 27.6100006103516 28.2199993133545 28.7399997711182 28.9200000762939 29.0400009155273 29.1100006103516 29.1499996185303 29.3600006103516 29.5200004577637 29.5499992370605 29.5400009155273 29.25 28.9300003051758 28.0499992370605 27.6200008392334 27.1299991607666 26.4300003051758 25.5699996948242 24.3199996948242 22.9699993133545 21.4599990844727 19.8199996948242 18.3600006103516 17.0499992370605 16.2900009155273 16.5 17.4500007629395 19.2299995422363 21.3700008392334 23.5499992370605 27.4400005340576 28.7900009155273
20.0300006866455 17.7800006866455 16.7299995422363 17.1000003814697 18.4799995422363 19.9400005340576 20.7999992370605 21.2800006866455 21.6000003814697 21.9799995422363 23.4300003051758 24.3299999237061 25.2600002288818 26.1499996185303 26.9599990844727 27.5900001525879 28.1499996185303 28.4799995422363 28.7299995422363 28.9200000762939 29.0400009155273 29.25 29.4300003051758 29.5200004577637 29.6000003814697 29.4799995422363 29.2999992370605 28.6399993896484 28.4500007629395 28.1900005340576 27.75 27.1599998474121 26.4500007629395 25.6599998474121 24.75 23.6499996185303 22.25 20.7099990844727 19.2999992370605 18.4200000762939 18.0599994659424 18.7700004577637 20.2700004577637 22.25 26.3199996948242 27.7800006866455
21.7199993133545 19.3500003814697 17.7800006866455 17.3299999237061 18.2600002288818 19.8600006103516 21.0499992370605 21.6900005340576 21.9699993133545 22.1399993896484 23.0499992370605 23.7099990844727 24.4899997711182 25.2999992370605 26.0900001525879 26.7399997711182 27.2999992370605 27.7199993133545 28.0699996948242 28.3500003814697 28.5699996948242 28.7700004577637 28.9300003051758 29.0200004577637 29.1200008392334 29.0900001525879 29.0599994659424 28.7600002288818 28.7999992370605 28.7000007629395 28.4500007629395 28.0400009155273 27.7700004577637 27.4799995422363 27.0900001525879 26.6000003814697 25.4300003051758 24.0599994659424 22.5499992370605 21.1399993896484 19.7399997711182 19.1900005340576 19.6000003814697 20.9099998474121 24.6900005340576 26.3099994659424
23.1000003814697 20.8099994659424 18.9899997711182 17.8099994659424 18.0100002288818 19.4400005340576 20.9400005340576 21.9400005340576 22.3500003814697 22.4400005340576 22.8700008392334 23.2600002288818 23.7900009155273 24.4400005340576 25.1299991607666 25.7600002288818 26.3099994659424 26.7999992370605 27.2399997711182 27.6100006103516 27.9500007629395 28.2199993133545 28.3999996185303 28.5 28.5799999237061 28.6000003814697 28.6800003051758 29 29.4099998474121 29.4899997711182 29.3199996948242 28.8799991607666 28.8700008392334 28.8899993896484 28.8299999237061 28.8099994659424 27.8500003814697 26.7900009155273 25.5 24.1100006103516 22.2600002288818 20.8199996948242 20.0900001525879 20.3400001525879 23 24.6000003814697
24.2199993133545 22.1000003814697 20.25 18.6000003814697 18.0100002288818 18.9300003051758 20.5200004577637 21.9300003051758 22.6399993896484 22.7999992370605 22.9200000762939 23.0200004577637 23.2299995422363 23.6100006103516 24.1000003814697 24.5900001525879 25.0300006866455 25.5300006866455 25.9699993133545 26.3500003814697 26.75 27.0400009155273 27.2399997711182 27.3199996948242 27.3600006103516 27.3799991607666 27.4799995422363 28.3400001525879 29.0300006866455 29.4699993133545 29.6200008392334 29.2700004577637 29.6299991607666 29.9400005340576 30.1100006103516 30.3600006103516 29.5400009155273 28.7299995422363 27.7000007629395 26.4899997711182 24.6700000762939 22.9500007629395 21.5200004577637 20.7999992370605 21.4599990844727 22.6399993896484
25.0799999237061 23.2700004577637 21.5900001525879 19.7999992370605 18.6000003814697 18.75 20.0100002288818 21.7000007629395 22.8899993896484 23.3099994659424 23.4099998474121 23.3299999237061 23.3199996948242 23.6200008392334 24.0200004577637 24.4699993133545 24.9099998474121 25.5599994659424 26.1900005340576 26.7800006866455 27.3999996185303 27.8099994659424 28.1499996185303 28.3700008392334 28.5300006866455 28.7700004577637 29.0699996948242 30.4099998474121 30.4699993133545 30.4799995422363 30.3799991607666 29.7299995422363 30.3899993896484 30.8700008392334 31.0900001525879 31.4400005340576 30.8600006103516 30.3600006103516 29.6599998474121 28.7700004577637 27.4200000762939 26 24.5699996948242 23.4699993133545 21.8400001525879 22.1700000762939
25.7399997711182 24.2099990844727 22.7399997711182 20.9799995422363 19.3999996185303 18.7399997711182 19.2800006866455 20.9500007629395 22.5799999237061 23.4799995422363 23.8500003814697 23.6800003051758 23.4899997711182 23.7099990844727 23.9899997711182 24.3500003814697 24.6900005340576 25.4200000762939 26.1599998474121 26.8799991607666 27.6800003051758 28.1599998474121 28.6299991607666 29.0200004577637 29.2900009155273 29.7299995422363 30.2099990844727 31.8700008392334 31.3500003814697 30.9300003051758 30.5599994659424 29.6800003051758 30.6900005340576 31.3700008392334 31.7299995422363 32.2200012207031 31.8500003814697 31.6000003814697 31.1900005340576 30.5699996948242 29.6700000762939 28.6800003051758 27.5100002288818 26.4899997711182 23.0900001525879 22.3500003814697
26.6900005340576 25.4400005340576 24.2000007629395 22.5499992370605 20.7800006866455 19.3600006103516 18.8199996948242 19.9400005340576 21.7700004577637 23.2299995422363 24.3500003814697 24.2399997711182 24.0400009155273 24.2299995422363 24.3700008392334 24.5599994659424 24.6900005340576 25.3799991607666 26.1299991607666 26.8999996185303 27.8299999237061 28.3500003814697 28.8899993896484 29.4099998474121 29.8199996948242 30.3400001525879 30.7900009155273 31.9799995422363 31.0300006866455 30.4300003051758 30.0300006866455 29.3099994659424 30.7900009155273 31.7000007629395 32.2000007629395 32.7799987792969 32.5299987792969 32.4199981689453 32.2000007629395 31.7600002288818 31.2199993133545 30.5900001525879 29.6700000762939 28.9200000762939 24.7600002288818 23.2700004577637
27.1100006103516 26.2299995422363 25.2600002288818 23.8899993896484 22.2000007629395 20.4500007629395 18.9899997711182 19.1299991607666 20.6000003814697 22.2999992370605 24.3199996948242 24.4799995422363 24.4500007629395 24.7099990844727 24.8600006103516 25.0100002288818 24.9799995422363 25.6700000762939 26.4300003051758 27.2600002288818 28.3700008392334 28.9799995422363 29.7000007629395 30.5200004577637 31.3799991607666 32.2099990844727 32.7599983215332 32 30.1900005340576 29.2199993133545 28.9599990844727 28.75 30.5699996948242 31.7900009155273 32.5800018310547 33.3600006103516 33.3400001525879 33.4300003051758 33.4199981689453 33.1800003051758 32.9900016784668 32.7099990844727 31.9899997711182 31.25 26.6700000762939 24.7600002288818
29.0200004577637 28.4099998474121 27.3700008392334 26.0100002288818 24.3199996948242 22.4599990844727 20.5599994659424 19.8700008392334 20.7600002288818 22.4799995422363 25.4200000762939 25.9400005340576 26.1100006103516 26.1200008392334 25.9799995422363 25.8600006103516 25.4799995422363 26.1100006103516 26.7299995422363 27.3799991607666 28.3999996185303 28.7700004577637 29.3299999237061 30.0200004577637 30.8400001525879 30.9799995422363 30.8299999237061 28.5100002288818 27.7399997711182 27.7199993133545 28.4699993133545 29.2900009155273 30.7600002288818 31.7900009155273 32.5200004577637 33.2400016784668 33.3300018310547 33.4700012207031 33.5099983215332 33.2999992370605 33.2900009155273 33.189998626709 32.6300010681152 32.0999984741211 28.6299991607666 26.9300003051758
30.5900001525879 30.2199993133545 29.1399993896484 27.8199996948242 26.1800003051758 24.2900009155273 22.2600002288818 20.8999996185303 20.9899997711182 22.3600006103516 25.9400005340576 26.8299999237061 27.3199996948242 27.2000007629395 26.8799991607666 26.6000003814697 25.9899997711182 26.6399993896484 27.2099990844727 27.75 28.7199993133545 28.8700008392334 29.2999992370605 29.8199996948242 30.6299991607666 30.1800003051758 29.5499992370605 26.6100006103516 26.7700004577637 27.2099990844727 28.2800006866455 29.8199996948242 30.8899993896484 31.7199993133545 32.3699989318848 33.0200004577637 33.25 33.4799995422363 33.6199989318848 33.4700012207031 33.6699981689453 33.7400016784668 33.4000015258789 33.0299987792969 30.6200008392334 29.2299995422363
31.3600006103516 31.0799999237061 29.9699993133545 28.7600002288818 27.3099994659424 25.5599994659424 23.6700000762939 22.0200004577637 21.4200000762939 22.2099990844727 26.0100002288818 27.2199993133545 28.0499992370605 27.9300003051758 27.5900001525879 27.2900009155273 26.6700000762939 27.4400005340576 27.9599990844727 28.2900009155273 29.0599994659424 28.8700008392334 29.0799999237061 29.2600002288818 29.9099998474121 29.0799999237061 28.1900005340576 25.4899997711182 26.6200008392334 27.4599990844727 28.5 30.2700004577637 30.7099990844727 31.3099994659424 31.8899993896484 32.4700012207031 32.8400001525879 33.2000007629395 33.4900016784668 33.4900016784668 33.9199981689453 34.1699981689453 34.0800018310547 33.9000015258789 32.2700004577637 30.9500007629395
33.25 32.6599998474121 31.2399997711182 29.8799991607666 28.4200000762939 26.7399997711182 24.9599990844727 23.1700000762939 22.0599994659424 22.3199996948242 26.0499992370605 27.5300006866455 28.5699996948242 28.4400005340576 28.0799999237061 27.8600006103516 27.4599990844727 28.4099998474121 29.0799999237061 29.4200000762939 30.0200004577637 29.5599994659424 29.5200004577637 29.2600002288818 29.0200004577637 27.7600002288818 26.6900005340576 24.6000003814697 26.4799995422363 28.0200004577637 29.3299999237061 31.0799999237061 30.9799995422363 31.2199993133545 31.5799999237061 32.0099983215332 32.4000015258789 32.7900009155273 33.2000007629395 33.3699989318848 34.0200004577637 34.4799995422363 34.7400016784668 35.0400009155273 34.4000015258789 33.2900009155273
32.2200012207031 31.6200008392334 30.4799995422363 29.3999996185303 28.25 26.9300003051758 25.4899997711182 23.8600006103516 22.5400009155273 22.2600002288818 25.4500007629395 27.2000007629395 28.6000003814697 28.9300003051758 28.9400005340576 29.0699996948242 28.9400005340576 29.3600006103516 29.5799999237061 29.4699993133545 29.6100006103516 28.9300003051758 28.1000003814697 27.3799991607666 26.6700000762939 27.0599994659424 26.7600002288818 26.1800003051758 27.4599990844727 28.4799995422363 29.2000007629395 30.3999996185303 30.2600002288818 30.5300006866455 30.9200000762939 31.3899993896484 31.8799991607666 32.4099998474121 33 33.4000015258789 34.1599998474121 34.75 35.189998626709 35.7099990844727 34.5800018310547 33.3600006103516
32.0400009155273 31.4899997711182 30.8500003814697 30.1900005340576 29.4599990844727 28.6299991607666 27.6599998474121 26.3799991607666 24.9899997711182 23.8799991607666 24.8299999237061 26.6299991607666 28.5699996948242 29.6599998474121 30.3500003814697 30.8099994659424 31.2800006866455 30.8999996185303 30.4300003051758 29.6900005340576 29.0300006866455 28.1299991607666 27.4500007629395 26.7299995422363 26.1000003814697 26.6700000762939 27 28.0200004577637 28.5900001525879 28.9200000762939 28.9899997711182 29.2999992370605 29.0699996948242 29.3799991607666 29.9500007629395 30.7299995422363 31.4099998474121 31.9599990844727 32.5699996948242 33.060001373291 33.8899993896484 34.7000007629395 35.2900009155273 36.2599983215332 34.7900009155273 33.689998626709
31.7000007629395 31.1800003051758 30.8099994659424 30.3799991607666 29.9200000762939 29.5200004577637 28.7800006866455 27.7800006866455 26.5699996948242 25.3500003814697 25.1599998474121 26.7000007629395 28.7800006866455 30.2999992370605 31.3999996185303 32.0200004577637 32.4900016784668 31.6200008392334 30.7399997711182 29.6200008392334 28.4099998474121 27.4899997711182 26.6800003051758 26 25.5599994659424 26.5100002288818 27.2600002288818 28.75 29.1299991607666 29.2099990844727 28.9400005340576 28.6299991607666 28.2299995422363 28.3500003814697 28.9099998474121 30.0599994659424 30.8500003814697 31.5699996948242 32.2799987792969 32.7200012207031 33.5400009155273 34.3600006103516 34.9199981689453 35.8499984741211 34.5299987792969 34.0299987792969
31.9699993133545 31.5200004577637 31.7099990844727 31.6800003051758 31.5699996948242 31.5900001525879 30.5699996948242 29.4099998474121 28.0900001525879 26.6599998474121 25.2399997711182 26.1000003814697 27.8600006103516 29.4400005340576 30.7299995422363 31.3700008392334 31.7999992370605 30.75 29.7099990844727 28.4899997711182 27.2900009155273 27.2000007629395 26.9899997711182 26.8700008392334 26.8099994659424 27.1800003051758 27.5100002288818 28.4799995422363 28.9300003051758 29.0900001525879 28.8099994659424 28.2800006866455 28.3899993896484 28.8999996185303 29.8299999237061 31.5699996948242 31.8099994659424 32.2000007629395 32.7099990844727 32.9199981689453 33.8600006103516 34.7400016784668 35.2799987792969 36.2299995422363 35.5699996948242 35.689998626709
31.7299995422363 31.4799995422363 32.2299995422363 32.6199989318848 32.810001373291 33.3199996948242 32.1399993896484 30.9300003051758 29.5799999237061 28.0499992370605 25.7700004577637 25.8999996185303 27.2000007629395 28.7099990844727 30.2199993133545 31.0300006866455 31.5100002288818 30.2999992370605 29.0300006866455 27.6299991607666 26.3400001525879 26.8500003814697 27.0599994659424 27.2600002288818 27.5699996948242 27.4699993133545 27.4300003051758 27.9799995422363 28.4300003051758 28.5599994659424 28.3299999237061 27.7700004577637 28.3999996185303 29.2299995422363 30.2900009155273 32.5200004577637 32.2400016784668 32.3199996948242 32.6699981689453 32.7799987792969 33.8899993896484 34.8400001525879 35.4099998474121 36.3600006103516 36.1100006103516 36.5699996948242
31.0100002288818 31.4699993133545 32.9199981689453 33.689998626709 33.9900016784668 34.7299995422363 33.2999992370605 32.0800018310547 30.7900009155273 29.2800006866455 26.5599994659424 26.0799999237061 26.8199996948242 28.0499992370605 29.6000003814697 30.5 30.8899993896484 29.5599994659424 28.1700000762939 26.7099990844727 25.4899997711182 26.6200008392334 27.2099990844727 27.4899997711182 27.9500007629395 27.4400005340576 27.1200008392334 27.6299991607666 28.1499996185303 28.2700004577637 28.0599994659424 27.5 28.7099990844727 29.8899993896484 30.9500007629395 33.2900009155273 32.310001373291 32.1300010681152 32.4700012207031 32.8699989318848 34.3400001525879 35.3600006103516 35.7900009155273 36.4199981689453 36.189998626709 36.6699981689453
