data/real/Dogrib_v624/conserv_mass_moment/windninja_360_30_100m_vel.asc
NCOLS 357 
NROWS 223 
XLLCORNER 457900 
YLLCORNER 5716800 
CELLSIZE 100 
NODATA_value -3.4e+38 
[rows 126 to 146 of 223, columns 92 to 137 of 357]
36.4700012207031 35.2000007629395 34.0900001525879 32.2099990844727 31.6800003051758 30.1700000762939 28.1000003814697 24.3400001525879 22.6700000762939 19.6200008392334 15.0699996948242 9.65999984741211 6.01000022888184 5.69999980926514 5.21999979019165 4 3.36999988555908 4.51000022888184 15.1700000762939 17.9300003051758 12.4200000762939 8.14000034332275 4.69999980926514 5.48000001907349 6.73999977111816 7.46999979019165 8.65999984741211 9.1899995803833 9.92000007629395 10.9799995422363 11.8900003433228 11.6700000762939 7.21000003814697 2.24000000953674 9.93000030517578 14 20.2800006866455 25.2000007629395 32.8199996948242 35.5699996948242 37.439998626709 37.189998626709 37.9799995422363 37.7299995422363 37.6199989318848 35.6800003051758
38.1699981689453 37.3499984741211 36.5499992370605 34.9300003051758 34.4700012207031 32.9900016784668 31.4099998474121 28.1399993896484 27.2099990844727 25.0900001525879 21.8600006103516 17.1399993896484 12.8699998855591 7.15000009536743 5.67000007629395 4.17999982833862 2.44000005722046 1.21000003814697 12.3900003433228 16.2999992370605 13.9899997711182 10.4399995803833 6.25 5.53000020980835 5.82999992370605 6.03000020980835 7 9.1899995803833 8.47999954223633 10.25 11.8999996185303 10.7799997329712 5.80999994277954 0.800000011920929 4.75 8.55000019073486 14.2700004577637 20.1800003051758 28.2600002288818 31.6800003051758 34.3199996948242 34.6699981689453 35.810001373291 35.7900009155273 35.939998626709 34.2599983215332
38.939998626709 38.5800018310547 38.0499992370605 36.6300010681152 36.1599998474121 34.7200012207031 33.3400001525879 30.3500003814697 29.8700008392334 28.2700004577637 25.9699993133545 22.2800006866455 15.1899995803833 11.4899997711182 8.44999980926514 6.30000019073486 4.46000003814697 2.00999999046326 9.43000030517578 15.289999961853 15.0500001907349 12.4099998474121 8.06999969482422 6.40000009536743 5.57000017166138 5 5.57000017166138 6.44999980926514 7 9.69999980926514 11.5799999237061 11.3400001525879 2.4300000667572 2.50999999046326 4.75 7.59999990463257 10.9499998092651 17.2399997711182 24.3799991607666 27.9300003051758 30.9699993133545 31.7900009155273 33.2700004577637 33.5400009155273 34.0400009155273 32.6800003051758
40.0999984741211 40.1199989318848 39.6699981689453 38.1699981689453 37.5400009155273 36.1399993896484 34.939998626709 32.1599998474121 32.0099983215332 30.75 29.0100002288818 26.1200008392334 24.2099990844727 17.2700004577637 13.1999998092651 10.1099996566772 7.25 3.33999991416931 6.23999977111816 13.1000003814697 15.3400001525879 14.2600002288818 10.460000038147 8.31999969482422 6.55999994277954 5.42000007629395 5.53999996185303 6.09000015258789 6.30000019073486 9.77999973297119 10.539999961853 2.85999989509583 4.03999996185303 6.63000011444092 9.22000026702881 10.789999961853 10.9200000762939 14.8299999237061 19.6100006103516 23.2700004577637 26.8600006103516 28.3500003814697 30.3500003814697 31.0300006866455 32 31.0300006866455
40.6100006103516 41.25 41.0800018310547 39.2900009155273 38.5099983215332 36.9599990844727 35.7099990844727 33 32.9300003051758 31.75 30.3500003814697 28.0599994659424 27.0100002288818 24.9699993133545 18.0499992370605 14.9899997711182 11.460000038147 6.78999996185303 4.55000019073486 9.76000022888184 14.2799997329712 15.3299999237061 12.7700004577637 10.8199996948242 8.80000019073486 7.34999990463257 6.98999977111816 6.07000017166138 6.65000009536743 10.7399997711182 8.97000026702881 3.45000004768372 9.25 12.0100002288818 15.2399997711182 17.0100002288818 16.5900001525879 17.5799999237061 18.7900009155273 21.1000003814697 24.2800006866455 26.0200004577637 28.1800003051758 29.1599998474121 30.4200000762939 29.8299999237061
43.3499984741211 43.7099990844727 42.9799995422363 40.3499984741211 39.9599990844727 38.6100006103516 37.4799995422363 34.8199996948242 34.7799987792969 33.6300010681152 32.3800010681152 30.3299999237061 29.3999996185303 27.7199993133545 25.3999996185303 19.3500003814697 15.8599996566772 11.1700000762939 7.36999988555908 7.09000015258789 12.0299997329712 15.5 14.960000038147 13.3699998855591 11.2799997329712 9.42000007629395 8.21000003814697 6.01999998092651 7.8600001335144 11.1599998474121 6.03999996185303 3.25999999046326 14.4399995803833 17.2800006866455 21.4099998474121 23.75 24.2199993133545 24.5400009155273 24.8899993896484 26.1599998474121 27.9500007629395 28.9599990844727 30.5699996948242 31.1800003051758 31.9799995422363 31.1800003051758
43.439998626709 44.0800018310547 43.5 40.5499992370605 40.75 39.7200012207031 38.7900009155273 36.2299995422363 36.2000007629395 35.060001373291 33.8699989318848 31.9799995422363 31.0499992370605 29.3899993896484 23.8799991607666 22.4899997711182 19.7900009155273 15.7200002670288 12.4899997711182 8.23999977111816 10.0500001907349 14.2299995422363 16.0300006866455 15.4300003051758 13.6099996566772 11.6499996185303 8.97999954223633 6.07000017166138 8.52999973297119 9.93000030517578 3.63000011444092 5.82000017166138 12.1000003814697 21.6100006103516 26.4799995422363 29.6399993896484 31.25 30.4300003051758 30.2900009155273 30.4200000762939 30.8799991607666 31.1299991607666 32.1800003051758 32.3899993896484 32.8199996948242 31.8999996185303
43.1100006103516 44.2200012207031 43.7799987792969 40.6599998474121 41.5499992370605 40.9099998474121 40.1800003051758 37.6599998474121 37.5499992370605 36.3899993896484 35.1599998474121 33.310001373291 32.310001373291 28.7000007629395 25.4300003051758 24.9099998474121 22.9500007629395 19.3999996185303 16.9300003051758 11.8900003433228 10.6300001144409 13.0299997329712 15.8500003814697 16.0699996948242 14.8699998855591 12.5200004577637 8.96000003814697 5.75 7.78999996185303 7.17999982833862 4.30999994277954 9.85000038146973 16.0300006866455 24.6499996185303 29.4699993133545 33.3199996948242 37.3199996948242 36.0200004577637 35.5699996948242 34.3699989318848 33.2700004577637 32.5200004577637 32.9599990844727 32.8499984741211 33.0400009155273 32.0999984741211
41.0400009155273 42.7700004577637 43.2999992370605 40.1399993896484 41.7099990844727 41.5699996948242 41.2200012207031 38.7999992370605 38.7200012207031 37.560001373291 36.2700004577637 34.3199996948242 33.1699981689453 31.5200004577637 26.8099994659424 26.8299999237061 25.5599994659424 22.5799999237061 20.6100006103516 15.9200000762939 13.3699998855591 13.2299995422363 15.0799999237061 14.8199996948242 13.7299995422363 11.4300003051758 7.8899998664856 5.21000003814697 6.78999996185303 6.1100001335144 7.28000020980835 12.6400003433228 21.8299999237061 24.4799995422363 29.9099998474121 38.8800010681152 44.3300018310547 42.5099983215332 41.2999992370605 38.1599998474121 35.1599998474121 33.5200004577637 33.4500007629395 33.0499992370605 33.0200004577637 32.1399993896484
45.7400016784668 45.8499984741211 45.9099998474121 41.6599998474121 43.5 43.2999992370605 42.7999992370605 40.0900001525879 40.0099983215332 38.7900009155273 37.4099998474121 35.3199996948242 34.2200012207031 32.6599998474121 31.1299991607666 28.3400001525879 27 24.1299991607666 21.8799991607666 18.0499992370605 15.9899997711182 14.8699998855591 15.3599996566772 13.5500001907349 11.7799997329712 9.47000026702881 6.17999982833862 4.30000019073486 5.76999998092651 6 8.89000034332275 19.6700000762939 23.1599998474121 26 29.6000003814697 39.439998626709 46.5999984741211 38.6500015258789 39.0099983215332 36.9599990844727 34.9099998474121 33.9000015258789 33.9599990844727 33.7999992370605 33.9700012207031 33.2000007629395
49.0299987792969 47.1699981689453 46.0200004577637 41.1699981689453 43.6800003051758 43.7400016784668 43.4099998474121 40.7000007629395 40.7999992370605 39.6500015258789 38.2900009155273 36.0999984741211 34.9900016784668 33.439998626709 31.9300003051758 29.2700004577637 27.8500003814697 25.1100006103516 22.5400009155273 19.6499996185303 18.3099994659424 17.3199996948242 17.9099998474121 14.6000003814697 11.5799999237061 8.60000038146973 5.34000015258789 4.53000020980835 4.80999994277954 5.71000003814697 8.98999977111816 20.6700000762939 24.3500003814697 27.7299995422363 32.439998626709 36.5699996948242 40.6300010681152 36.9500007629395 37.6300010681152 35.7400016784668 34.0800018310547 33.4599990844727 33.7700004577637 33.9599990844727 34.439998626709 33.8800010681152
50.4900016784668 47.5099983215332 45.1199989318848 39.9300003051758 43.4599990844727 44.1699981689453 43.8499984741211 41 41.2599983215332 40.25 39.0400009155273 36.8600006103516 35.7999992370605 34.2999992370605 30.4699993133545 30.2700004577637 28.9500007629395 26.5 23.6599998474121 21.3199996948242 20.1800003051758 18.9300003051758 20.0499992370605 16.4699993133545 13.2200002670288 10.1400003433228 7.05000019073486 6.88000011444092 5.19000005722046 4.76000022888184 14.4899997711182 20.8700008392334 25.25 29.3999996185303 34.2400016784668 37.8600006103516 40.4599990844727 36.4799995422363 36.9700012207031 34.6500015258789 32.9700012207031 32.5800018310547 33.2299995422363 33.8600006103516 34.6599998474121 34.2900009155273
50.9500007629395 46.4599990844727 43.4500007629395 38.1199989318848 42 43.4599990844727 43.9900016784668 40.9500007629395 41.2599983215332 40.2200012207031 39.0200004577637 36.8199996948242 35.7700004577637 34.25 30.4799995422363 30.0599994659424 28.9899997711182 27.2199993133545 25.0799999237061 23.1599998474121 22.1399993896484 20.5100002288818 21 17.8999996185303 15.6000003814697 13.7200002670288 10.710000038147 10.5200004577637 7.19000005722046 3.6800000667572 12.7799997329712 21.5300006866455 27.6399993896484 32.0999984741211 36.6699981689453 39.2700004577637 40.2599983215332 36.2200012207031 36.1100006103516 33.3199996948242 31.5 31.3500003814697 32.5099983215332 33.7700004577637 35.060001373291 34.8699989318848
50.7200012207031 48.25 47.1800003051758 42.2599983215332 44.4799995422363 44.8600006103516 44.689998626709 41.2599983215332 42.2099990844727 41.3800010681152 40.25 38.0099983215332 37.0699996948242 35.560001373291 31.9699993133545 31.5599994659424 30.6599998474121 29.4300003051758 27.8700008392334 25.6399993896484 23.9200000762939 21.4300003051758 20.5499992370605 18.4400005340576 17.3099994659424 16.75 14.539999961853 13.5600004196167 9.4399995803833 3.29999995231628 2.20000004768372 10.2700004577637 20.3799991607666 32.8699989318848 37.5299987792969 39.9900016784668 41.0499992370605 38.2099990844727 38.8199996948242 36.6500015258789 35.7700004577637 35.6599998474121 36.060001373291 36.75 37.2999992370605 36.560001373291
52.2900009155273 50.2099990844727 49.5800018310547 45.1100006103516 45.5800018310547 44.6599998474121 43.7000007629395 40.2400016784668 42.1699981689453 41.7999992370605 40.9300003051758 38.6699981689453 37.7999992370605 36.2999992370605 32.8300018310547 32.3400001525879 31.3799991607666 30.2600002288818 29.0699996948242 26.7900009155273 24.6499996185303 22.0200004577637 20.25 18.6700000762939 17.9599990844727 17.8400001525879 16.8799991607666 15.0799999237061 10.4399995803833 4.09000015258789 1.9099999666214 9.15999984741211 20.1100006103516 33.4300003051758 37.689998626709 39.6599998474121 40.5299987792969 38.5499992370605 39.7700004577637 38.4599990844727 38.7299995422363 39.0900001525879 38.8600006103516 39.2099990844727 39.3899993896484 38.2099990844727
52.2999992370605 52.6100006103516 50.7700004577637 47.4799995422363 46.7400016784668 44 41.9799995422363 38.439998626709 41.6300010681152 42.1199989318848 41.4700012207031 39.1100006103516 38.2799987792969 35.7000007629395 33.6300010681152 33.1599998474121 32.1500015258789 30.8700008392334 29.6299991607666 27.2800006866455 24.8700008392334 22.2199993133545 20.1399993896484 19.4899997711182 19.2900009155273 19.2600002288818 19.1100006103516 16.3999996185303 11.4099998474121 5.42999982833862 1.37999999523163 20.6800003051758 30.1399993896484 34.5 38.1199989318848 39.189998626709 39.4199981689453 37.8199996948242 39.5200004577637 51.2700004577637 40.4700012207031 41.7200012207031 40.8499984741211 41.0699996948242 41.0499992370605 39.4199981689453
53.25 50.0099983215332 50.0299987792969 48.0099983215332 46.5099983215332 43.2900009155273 40.5999984741211 36.2900009155273 40.0299987792969 41.4799995422363 41.7400016784668 39.2799987792969 38.4199981689453 35.6599998474121 33.7400016784668 33.2400016784668 32.2000007629395 30.6599998474121 29 26.6499996185303 24.2000007629395 21.5200004577637 19.1100006103516 18.9099998474121 19.0900001525879 19.1399993896484 19.4200000762939 16.3999996185303 11.3299999237061 5.23999977111816 12.4399995803833 22.3700008392334 30.6100006103516 34.4000015258789 37.0499992370605 37.2999992370605 37 35.7099990844727 38.1100006103516 42.4799995422363 44.3300018310547 44.9500007629395 43.2000007629395 43.2400016784668 43.1100006103516 40.9099998474121
51.560001373291 49.1399993896484 48.4500007629395 50.4099998474121 48.6300010681152 45.7799987792969 43.2700004577637 37.9900016784668 40.8600006103516 42.0200004577637 42.0999984741211 39.6399993896484 39.5499992370605 37.1100006103516 35.3199996948242 34.5 33.2599983215332 31.5400009155273 29.4200000762939 28.1399993896484 26.5699996948242 24.5699996948242 22.1000003814697 21.3500003814697 20.9599990844727 20.5 20.5400009155273 18.2600002288818 13.25 5.92999982833862 6.01000022888184 28.2600002288818 34.9700012207031 38.9500007629395 41.8600006103516 46.7200012207031 42.4900016784668 40.7700004577637 42.2599983215332 46.8499984741211 48.4900016784668 47.6399993896484 44.2999992370605 43.6599998474121 43.0999984741211 40.2599983215332
52.3300018310547 50.0999984741211 48.5299987792969 52.939998626709 49.9900016784668 47.0400009155273 44.4599990844727 38.5499992370605 40.6100006103516 41.2200012207031 41.2599983215332 39.0699996948242 40.0499992370605 38.25 36.5999984741211 35.4900016784668 34.4700012207031 32.9599990844727 29.8199996948242 28.9300003051758 27.9500007629395 26.6100006103516 24.5 23.6000003814697 22.8700008392334 23.6000003814697 22.6299991607666 21.4300003051758 7.82999992370605 10.1700000762939 10.1700000762939 33.6199989318848 38.9900016784668 43.439998626709 51.2299995422363 51.6100006103516 51.689998626709 48.75 50.5099983215332 51.6800003051758 53.2200012207031 52.1300010681152 46.7099990844727 44.6699981689453 43.1399993896484 39.5699996948242
49.4199981689453 51.4500007629395 53.0299987792969 57.5299987792969 50.4700012207031 46.9099998474121 44.3400001525879 39.0999984741211 40.7200012207031 40.4300003051758 40.0999984741211 36.7799987792969 39.939998626709 40.560001373291 38.9099998474121 37.1100006103516 35.0999984741211 33.7000007629395 30.4699993133545 30.7800006866455 30.5699996948242 30.1700000762939 29.2399997711182 29.2800006866455 28.8799991607666 28.1599998474121 26.6599998474121 19.1299991607666 12.3400001525879 14.6300001144409 29.1200008392334 41.7299995422363 47.0999984741211 51.5299987792969 52.0099983215332 48.0900001525879 42.2400016784668 36.060001373291 39.8400001525879 47.1599998474121 53.1300010681152 58.1100006103516 52.0499992370605 47.1199989318848 38.0499992370605 38.0499992370605
42.1599998474121 51.0099983215332 47.5699996948242 53.4099998474121 47.7099990844727 45.75 42.2799987792969 38.3300018310547 40.2900009155273 40.0699996948242 39.3499984741211 36.7799987792969 39.9199981689453 40.7599983215332 39.0099983215332 37.5 35.5 34.189998626709 30.8500003814697 30.9899997711182 30.5400009155273 30.0100002288818 29 28.6700000762939 28.0200004577637 27.1399993896484 25.1900005340576 22.7000007629395 9.34000015258789 6.67999982833862 27.9300003051758 32.8400001525879 34.9500007629395 43.8199996948242 34.0499992370605 18.7999992370605 6.84000015258789 13.6400003433228 5.84999990463257 15.2299995422363 34.7099990844727 46.2700004577637 46.6800003051758 46.0800018310547 43.9599990844727 40.2999992370605
