data/real/Dogrib_v624/conserv_mass_moment/windninja_90_30_100m_ang.asc
NCOLS 357 
NROWS 223 
XLLCORNER 457900 
YLLCORNER 5716800 
CELLSIZE 100 
NODATA_value -3.4e+38 
[rows 98 to 146 of 223, columns 0 to 95 of 357]
108 108 106 105 105 104 103 102 101 100 98 97 95 94 94 93 92 92 91 91 90 90 90 90 90 90 90 90 90 89 89 88 88 88 87 87 87 88 88 88 89 89 90 90 91 93 95 96 97 98 99 100 101 102 105 106 107 108 109 111 112 113 114 115 115 116 116 116 117 117 117 115 116 119 122 125 131 136 141 148 151 152 155 158 161 164 167 171 172 169 168 166 160 154 151 151
112 112 111 110 109 109 109 108 109 108 108 108 106 105 104 102 99 97 94 93 91 91 91 92 92 92 92 91 91 91 90 89 88 88 87 87 87 86 86 86 87 87 87 88 89 90 91 92 93 94 95 95 97 98 101 102 103 105 106 108 110 112 113 114 115 116 117 118 119 119 119 117 117 121 123 125 130 135 141 147 150 151 154 157 160 162 165 169 168 168 167 166 161 154 149 149
114 114 113 113 112 112 112 111 112 112 112 112 112 112 111 111 111 110 110 109 106 103 100 96 94 94 94 95 95 94 93 92 91 90 89 88 88 87 87 86 86 86 87 87 88 88 89 89 90 91 92 92 93 95 97 99 100 102 104 105 107 109 111 112 114 114 116 117 118 118 118 117 117 119 122 123 127 133 139 145 148 149 153 156 159 161 163 166 167 167 168 168 164 156 147 145
116 116 115 115 115 115 115 114 115 115 115 115 115 115 114 114 114 114 115 115 115 115 114 113 111 109 105 101 97 95 95 94 93 93 92 91 90 89 88 88 88 88 88 88 88 89 89 89 89 90 90 91 91 92 95 96 97 99 100 102 104 105 107 108 110 111 112 113 114 115 115 115 114 117 118 119 123 129 134 140 144 147 151 155 157 159 161 163 165 166 168 168 165 159 147 143
117 117 117 116 116 116 116 116 117 117 117 117 117 117 116 116 116 116 117 117 116 117 117 117 116 116 116 115 114 112 109 106 101 97 95 94 93 90 89 88 88 87 88 88 88 88 89 89 89 89 89 89 90 91 92 93 94 95 97 98 99 101 102 104 105 106 108 109 111 112 112 113 113 115 116 117 120 125 130 135 140 144 148 153 155 157 159 161 163 164 167 167 164 160 146 140
118 118 118 117 118 118 118 118 118 118 119 119 118 118 118 118 117 117 117 118 118 118 118 118 118 118 118 118 118 118 118 117 116 114 110 103 97 90 89 89 89 89 90 90 91 91 91 91 91 91 91 91 91 91 92 92 93 93 94 94 95 96 97 98 99 101 99 100 102 107 108 110 107 112 114 115 118 122 127 131 136 140 144 149 152 153 156 158 160 162 165 165 159 156 149 139
117 117 117 117 118 118 119 119 119 119 119 119 119 119 119 119 119 119 119 119 120 120 120 120 120 121 121 121 121 121 122 122 122 123 123 122 122 113 112 108 102 95 92 89 89 89 90 90 91 92 92 92 92 95 94 94 94 94 94 94 94 95 95 95 96 97 97 98 99 100 101 102 103 105 106 107 109 112 115 120 124 129 140 145 148 150 153 156 158 160 161 160 158 156 151 145
116 116 117 117 117 118 118 118 118 118 119 119 119 119 118 119 119 119 119 119 120 120 120 121 121 121 121 121 122 122 122 123 123 124 124 124 124 124 124 125 125 124 125 125 124 124 125 125 125 124 123 120 115 110 103 101 99 97 96 95 95 95 95 95 96 97 97 97 97 98 98 98 98 99 100 101 102 105 109 113 117 123 128 132 144 142 146 152 154 156 158 158 157 155 152 148
115 115 116 116 117 117 117 117 117 117 118 118 118 118 118 118 118 118 118 119 119 119 120 120 120 120 120 120 121 121 121 122 122 123 124 124 124 125 127 127 128 128 129 129 129 129 129 129 129 128 128 128 126 124 115 113 112 111 111 108 105 101 97 95 95 97 98 97 97 97 96 94 93 93 93 94 95 98 101 106 111 116 122 126 131 136 140 147 150 153 155 156 155 154 152 148
113 113 114 115 115 115 116 116 116 116 116 117 117 117 117 117 117 118 118 118 119 119 119 119 120 120 120 120 121 121 121 122 123 123 124 125 126 127 128 129 130 130 131 131 132 132 132 133 132 132 132 132 132 132 128 127 126 125 125 124 123 124 122 119 111 98 95 96 97 98 97 94 92 91 90 90 90 92 95 100 105 110 115 119 124 129 133 141 145 149 153 154 154 153 151 146
111 111 112 113 113 113 114 114 115 115 115 116 116 116 116 116 117 117 117 118 118 119 119 119 120 120 121 121 121 122 122 123 124 125 126 127 128 129 129 130 131 131 132 133 133 134 134 135 135 135 135 136 136 137 135 135 134 133 133 133 131 133 133 133 133 129 123 115 109 105 101 97 95 92 90 88 87 88 90 94 100 104 109 112 115 121 126 136 141 146 151 153 154 155 155 153
109 109 110 111 111 112 112 113 113 113 114 114 115 115 115 115 115 116 116 117 117 118 118 119 119 120 120 121 121 121 122 123 124 125 126 127 128 130 130 131 131 132 132 133 134 135 136 136 137 137 137 138 139 140 139 139 138 138 137 137 135 136 137 137 138 136 134 131 128 125 123 111 96 92 90 88 86 85 86 89 94 97 101 105 108 113 118 121 134 140 146 149 152 155 157 157
107 107 108 108 109 109 110 110 111 111 112 112 112 112 113 113 113 113 114 114 115 116 117 117 118 119 119 120 120 121 121 122 123 124 125 126 128 130 131 131 131 131 132 133 134 135 136 137 138 138 139 141 141 142 142 142 142 141 141 140 138 139 139 139 139 138 136 135 133 132 132 134 132 121 86 74 80 83 84 85 89 91 94 98 103 109 114 117 126 131 137 142 147 152 157 160
105 105 106 107 108 108 109 109 110 110 110 111 111 111 111 111 112 112 112 113 115 115 116 117 117 118 119 119 119 120 120 121 122 123 123 126 128 131 131 131 131 131 132 133 133 135 136 137 138 139 140 142 142 143 144 144 144 144 144 143 141 141 142 142 142 141 140 139 139 138 138 140 140 140 141 138 89 9 35 67 82 84 85 88 93 98 103 107 112 117 123 131 138 146 153 158
105 105 106 106 107 108 109 109 109 110 110 111 111 111 111 112 112 112 113 113 115 116 116 117 118 118 119 119 119 119 120 120 121 122 123 126 128 131 131 130 130 130 131 132 133 134 135 136 137 138 139 141 142 144 144 145 146 146 145 145 143 143 145 145 145 145 144 144 143 143 143 144 145 145 146 146 147 151 162 323 19 72 75 78 83 87 91 90 94 100 108 118 126 135 145 153
104 104 105 105 106 107 108 109 109 109 109 110 110 111 111 111 111 112 112 113 114 115 116 116 117 118 119 119 119 119 119 120 121 121 121 125 127 131 131 129 129 128 129 130 131 132 134 135 136 138 139 141 142 144 145 146 147 147 147 146 144 145 146 146 147 147 146 145 145 145 145 147 147 147 148 148 149 149 150 154 247 357 46 60 69 75 79 79 83 91 100 109 115 123 132 143
103 103 104 104 105 106 106 107 107 107 108 109 109 110 110 110 111 111 112 112 113 114 114 115 116 116 117 117 117 117 118 119 121 122 121 124 127 131 130 128 127 126 126 127 128 129 131 133 135 136 138 140 141 143 145 146 148 148 148 148 146 146 148 148 148 147 146 146 145 145 146 147 148 148 149 150 150 150 150 151 152 172 336 3 40 64 80 88 103 113 116 115 116 118 124 133
103 103 103 103 104 104 105 106 106 106 107 108 108 109 110 110 110 111 111 111 112 113 113 114 114 115 116 117 117 117 117 119 121 121 121 123 127 132 131 128 126 124 125 126 127 128 130 132 134 136 137 139 140 142 145 146 147 148 147 148 147 147 149 150 149 149 148 148 147 147 148 149 150 150 150 151 152 152 152 152 153 154 164 317 329 335 355 80 103 118 120 118 115 112 114 122
103 103 103 103 103 104 104 105 105 106 106 107 108 109 109 110 110 110 110 111 111 112 112 113 114 115 116 117 117 117 117 120 121 121 120 122 125 132 131 127 125 123 125 126 127 128 130 132 134 136 137 139 140 142 144 145 147 148 147 147 147 148 150 150 150 150 150 150 149 149 150 152 152 151 152 153 153 154 154 155 155 155 156 166 273 302 306 312 332 109 108 95 93 94 97 105
103 103 103 103 102 103 103 104 104 105 105 106 107 107 108 108 109 109 109 110 110 111 111 112 113 114 115 116 116 117 117 119 121 121 120 121 125 133 133 128 125 122 123 125 126 127 129 131 133 135 137 138 140 142 144 145 147 147 147 147 148 149 150 151 150 150 151 151 150 150 151 152 152 152 152 153 154 155 156 156 157 157 157 158 162 185 277 300 313 348 126 121 123 123 118 121
103 103 103 102 102 102 102 102 103 104 104 105 106 106 107 107 107 107 108 108 108 109 109 110 110 111 113 114 116 117 117 119 121 121 120 121 125 134 134 128 125 121 123 125 126 126 128 131 132 134 136 137 139 141 143 144 146 147 147 147 148 149 151 152 151 152 153 153 152 152 152 153 152 151 151 153 154 154 156 157 158 158 158 158 158 158 161 268 323 346 134 135 144 150 147 149
101 101 102 102 100 100 100 101 102 102 103 103 104 105 105 105 105 105 106 106 106 108 108 109 110 111 113 115 117 118 117 119 120 121 120 121 124 135 135 128 125 120 121 124 125 125 127 129 131 132 134 136 138 140 142 143 145 146 146 147 147 148 149 150 151 152 154 154 153 153 155 154 153 152 152 152 153 154 155 157 158 158 158 159 159 158 156 154 145 156 156 150 149 150 149 150
100 100 100 100 99 99 99 100 101 101 102 102 103 103 104 104 104 104 104 105 106 108 109 109 111 112 113 117 118 119 118 119 120 121 120 121 125 136 135 128 124 119 119 121 122 122 124 127 128 130 133 135 137 140 141 142 144 145 145 146 147 147 148 149 149 150 152 153 152 153 155 154 153 153 152 152 153 154 155 158 159 159 159 160 160 159 158 158 158 159 161 158 156 155 155 152
99 99 99 98 98 98 98 98 100 100 101 101 102 102 102 103 103 104 104 105 106 107 108 109 111 112 113 117 119 119 119 119 120 121 120 121 125 135 134 127 123 118 118 120 121 121 122 125 126 128 131 133 136 139 140 141 143 144 144 145 146 147 147 148 149 150 152 153 153 153 155 154 153 153 152 151 151 152 154 157 158 158 159 160 161 161 160 161 160 159 160 159 156 156 156 155
97 97 97 96 96 97 97 98 99 99 100 100 100 100 101 102 103 104 106 106 107 107 109 111 115 116 115 118 120 121 120 120 121 121 121 122 128 135 133 126 122 117 117 119 119 120 121 124 126 126 129 132 134 137 138 140 142 143 143 144 145 146 147 148 149 150 152 153 153 154 156 155 154 154 153 151 150 150 150 153 154 155 157 159 161 161 161 162 161 160 161 159 161 160 160 160
96 96 95 95 96 97 97 97 98 98 98 98 98 99 99 101 103 105 107 108 108 109 110 114 115 116 115 114 116 117 117 117 118 118 118 121 127 133 132 125 120 116 116 117 118 118 120 122 124 125 127 130 132 135 137 138 141 142 142 143 144 145 146 147 148 149 150 152 152 154 156 156 156 156 155 152 150 149 149 150 151 152 155 158 160 161 162 163 163 163 163 163 163 163 163 163
97 97 96 96 98 98 98 98 98 98 98 98 98 98 99 101 103 105 107 109 109 110 111 114 116 116 115 114 115 116 115 116 117 117 118 118 123 131 130 123 120 116 114 115 115 116 118 120 122 122 123 126 130 132 136 137 139 140 139 140 141 142 143 144 145 147 148 150 151 153 155 157 157 157 155 152 150 150 149 148 150 151 154 158 160 161 162 164 166 166 166 166 165 164 164 164
101 101 101 101 102 101 101 100 99 98 98 98 99 100 101 103 104 105 106 108 109 112 112 115 116 116 115 114 115 115 115 115 116 117 117 117 121 126 125 121 118 115 114 114 115 115 117 119 121 122 123 125 126 128 132 134 137 138 137 138 140 141 142 143 144 145 147 148 150 152 154 157 158 158 157 155 152 150 146 144 146 149 151 156 153 154 158 164 165 166 166 167 166 165 166 165
106 106 104 104 103 103 103 102 101 101 101 101 102 103 104 106 106 107 107 109 111 114 113 114 115 115 115 114 114 115 114 114 115 116 116 116 119 123 123 119 117 114 114 114 114 114 116 119 120 122 122 124 125 126 131 133 135 136 136 137 139 140 140 141 142 144 145 147 149 151 153 157 158 158 158 157 154 152 146 139 140 144 147 151 153 154 158 162 164 165 167 168 168 167 168 167
116 116 110 109 105 106 106 106 105 105 105 105 106 107 104 108 108 109 109 110 114 115 114 113 114 114 114 114 114 114 114 113 114 115 115 115 118 122 122 118 116 114 114 115 115 114 116 119 120 122 122 123 124 125 129 131 134 135 135 137 139 139 139 140 140 142 144 145 148 150 152 156 158 158 158 158 156 153 146 136 135 140 141 142 148 150 159 163 164 166 168 169 169 169 169 169
133 133 127 125 120 119 117 114 110 110 108 107 108 108 108 108 108 109 109 115 116 116 115 113 114 114 113 113 113 113 113 113 113 114 115 115 115 120 120 120 116 113 114 114 114 114 116 118 120 121 122 122 123 124 127 129 131 133 134 136 138 138 138 138 139 140 142 144 146 148 150 155 157 158 159 159 158 157 153 139 133 137 136 134 140 151 158 161 163 165 168 169 169 169 170 169
151 151 147 149 152 151 151 147 133 124 118 114 114 113 112 112 112 112 113 114 117 117 115 114 114 114 114 113 113 112 111 111 111 111 112 113 113 118 118 118 115 113 114 115 115 114 116 118 119 121 122 122 123 123 126 128 130 132 133 135 137 137 136 137 137 139 140 142 144 146 148 154 156 158 159 161 161 160 159 154 140 138 134 129 134 141 153 157 159 162 167 169 169 169 170 170
167 167 166 171 175 175 178 180 180 156 126 117 116 115 114 113 114 114 114 113 116 116 115 114 114 114 113 112 112 111 111 110 110 110 111 112 112 117 117 117 115 114 114 115 115 114 115 118 119 120 121 122 123 123 125 127 128 130 132 134 136 136 135 135 136 137 139 140 143 144 146 152 154 156 158 160 161 161 162 164 160 140 130 123 125 137 144 152 154 159 165 167 168 168 169 170
198 198 188 192 193 195 200 204 218 220 111 111 115 115 113 112 113 113 112 111 113 113 113 113 113 113 113 112 111 111 110 110 110 111 112 112 113 117 117 116 115 114 114 115 115 114 115 117 119 120 121 122 122 123 124 125 126 128 130 132 135 135 134 134 135 136 137 138 140 142 144 149 152 154 156 159 161 162 163 166 169 189 117 111 107 119 121 142 155 160 166 168 168 168 169 170
224 224 207 206 206 208 211 214 224 224 243 120 117 117 114 112 113 113 111 110 111 112 112 112 112 112 112 111 111 110 110 110 110 111 112 112 113 116 116 116 116 115 115 115 115 114 115 117 118 119 120 121 122 123 123 124 124 126 129 131 134 134 133 133 134 134 135 137 138 140 142 147 149 151 154 157 159 161 164 167 172 185 272 71 83 116 118 135 155 160 167 169 167 168 169 170
243 243 222 217 215 216 218 220 225 218 223 146 121 121 118 115 114 113 111 108 109 110 110 110 110 111 111 111 110 110 110 110 111 111 112 112 113 115 116 117 117 117 117 118 118 116 116 118 119 120 121 121 122 122 123 123 123 125 127 129 132 132 131 131 132 133 134 135 137 138 140 145 147 149 151 154 157 160 163 167 171 177 198 253 295 297 117 125 155 161 169 169 166 167 169 169
254 254 232 222 219 219 218 217 212 200 190 158 126 124 119 115 113 112 109 107 108 108 108 109 109 110 110 110 110 110 111 110 110 111 112 112 113 113 117 118 118 118 118 119 118 117 116 118 119 119 120 120 121 121 122 122 122 123 126 127 130 130 130 130 131 132 132 134 135 136 138 143 144 146 148 152 155 157 161 166 169 174 184 206 248 267 267 111 132 156 170 167 165 165 168 168
255 255 235 225 221 218 214 209 198 191 181 166 143 127 118 114 111 111 109 106 107 107 107 108 109 109 110 111 110 111 111 110 110 110 111 112 112 113 118 119 119 118 118 118 117 116 115 116 116 117 117 118 119 119 120 121 121 122 124 126 128 130 129 130 131 132 132 133 134 135 136 141 142 144 146 149 152 154 158 163 167 171 178 191 220 263 268 103 113 144 155 164 164 165 168 168
262 262 245 233 226 219 214 206 194 191 186 178 175 158 126 116 113 112 110 107 106 106 106 107 108 108 109 110 110 110 111 110 110 110 111 111 112 113 118 119 119 119 118 118 117 116 115 115 116 116 116 117 118 118 119 120 120 121 123 124 127 128 128 129 130 131 131 132 133 134 135 139 140 141 143 147 149 151 154 159 162 167 173 182 197 231 242 98 107 114 143 159 162 164 168 168
267 267 255 244 235 221 213 203 195 196 197 197 200 183 165 113 112 114 112 108 106 105 105 106 106 106 107 108 108 109 110 109 109 110 110 111 112 113 118 119 120 119 118 117 116 114 114 114 114 115 116 116 117 118 119 120 120 120 122 123 125 127 127 128 129 130 130 131 132 133 134 137 138 139 141 144 146 148 151 155 158 162 168 175 185 194 109 97 102 108 130 152 160 163 167 167
269 269 263 254 235 227 218 210 205 209 213 216 216 204 180 132 115 116 114 109 105 105 104 104 105 105 106 108 108 109 110 110 110 110 111 111 112 113 116 118 119 119 117 116 114 114 114 114 115 115 116 116 117 118 118 119 119 119 121 122 123 125 126 127 128 129 129 130 131 132 133 136 137 137 139 142 144 145 147 151 154 157 162 168 175 151 111 99 97 104 129 146 159 163 167 165
271 271 269 263 247 239 232 225 221 222 223 225 222 212 184 132 124 120 117 110 105 105 104 104 105 106 107 109 110 111 112 112 111 112 112 112 112 113 115 117 118 119 117 115 114 114 114 115 115 116 116 116 117 117 118 118 118 118 119 120 121 123 124 126 127 128 128 129 131 131 132 134 135 136 138 140 141 142 144 148 150 152 155 159 163 146 115 102 95 104 107 139 154 161 165 164
272 272 273 270 259 254 248 243 239 236 233 232 229 222 207 131 126 123 118 111 105 105 105 104 105 106 107 109 110 111 112 112 112 112 112 112 112 112 114 116 117 119 117 115 114 113 114 114 115 115 116 116 116 117 117 117 117 117 118 119 119 121 123 124 126 127 127 128 130 130 131 133 134 134 136 138 139 140 141 145 147 147 149 152 152 146 124 104 102 110 115 133 149 157 162 162
272 272 273 272 270 267 266 263 259 254 247 242 237 230 227 142 127 126 120 113 107 107 106 106 107 108 108 110 111 112 114 114 113 112 112 112 112 112 112 114 115 117 116 114 114 113 113 114 114 115 115 115 115 115 115 115 115 116 117 118 118 120 122 123 124 125 125 126 128 128 129 132 132 133 134 135 137 137 139 142 143 143 144 146 144 139 131 111 111 112 112 127 119 147 158 159
270 270 271 273 274 273 273 272 269 264 257 248 241 234 232 204 139 133 123 117 115 119 117 109 110 110 109 109 110 111 113 114 114 113 112 112 112 112 110 112 113 115 115 114 114 113 112 113 113 113 113 113 114 114 113 113 114 115 116 117 118 119 121 121 122 123 124 125 126 127 128 131 132 132 132 134 135 135 137 140 140 139 140 141 139 135 129 120 115 112 109 121 119 129 153 156
269 269 270 273 277 279 279 278 275 269 259 250 243 238 236 231 225 173 130 119 120 122 122 120 120 118 115 113 107 107 110 118 116 115 112 113 112 111 108 110 112 114 115 114 114 113 111 111 111 111 112 112 112 113 112 112 113 115 116 117 118 118 119 120 121 122 123 124 126 128 130 132 132 131 132 133 134 134 135 138 138 135 135 136 136 132 128 122 118 112 108 114 112 118 137 152
270 269 271 274 280 282 283 283 281 276 269 259 252 247 245 243 244 238 217 119 127 127 128 127 127 126 124 123 127 130 140 152 129 121 116 113 111 109 107 109 110 112 113 112 112 111 109 108 108 108 108 108 108 109 109 111 112 113 115 116 117 117 118 119 120 121 122 123 124 126 129 131 131 130 130 131 132 132 131 134 134 132 133 134 133 130 128 125 120 116 110 111 109 113 131 147
271 271 275 278 281 286 288 288 285 283 280 275 269 265 254 252 252 224 179 117 122 128 129 130 130 130 129 129 136 142 155 165 159 168 124 111 110 108 107 109 110 111 110 110 110 109 107 106 105 105 106 106 107 108 108 109 110 112 114 115 116 116 117 118 118 119 120 121 121 125 128 130 130 128 128 129 129 129 130 132 132 131 131 132 131 128 127 125 123 117 112 111 117 113 125 138
272 272 275 278 283 284 285 285 283 282 281 278 271 267 263 257 247 179 138 116 118 124 126 127 127 128 128 130 137 146 159 167 163 170 202 76 106 108 107 108 108 109 107 107 107 106 105 104 103 104 104 105 105 107 108 109 109 111 113 114 115 115 115 116 117 117 118 118 119 122 127 130 129 127 127 128 128 128 128 130 131 130 130 132 130 127 126 124 122 117 113 111 115 111 114 132
