data/real/Dogrib_v624/conserv_mass_moment/windninja_90_30_100m_vel.asc
NCOLS 357 
NROWS 223 
XLLCORNER 457900 
YLLCORNER 5716800 
CELLSIZE 100 
NODATA_value -3.4e+38 
[rows 168 to 188 of 223, columns 0 to 45 of 357]
26.2600002288818 26.2600002288818 23.6900005340576 21.6900005340576 20.5300006866455 18.6299991607666 16.4899997711182 14.0799999237061 14.5600004196167 15.8199996948242 16.2299995422363 15.9200000762939 17.7700004577637 19.6900005340576 21.3700008392334 23.2099990844727 22.2999992370605 21.2600002288818 20.0400009155273 18.8700008392334 19.8199996948242 20.9500007629395 23.1399993896484 22.6700000762939 21.9500007629395 20.3400001525879 18.1700000762939 19.2000007629395 19.4799995422363 20.0400009155273 20.7000007629395 18.7000007629395 19.7299995422363 21.4400005340576 23.8099994659424 24.5 25.25 24.0300006866455 22.1100006103516 17.5200004577637 14.9399995803833 15.1999998092651 15.3800001144409 12.5500001907349 9.63000011444092 8.10000038146973
22.5799999237061 22.5799999237061 20.8099994659424 19.1599998474121 17.2299995422363 13.9499998092651 10.3500003814697 5.8600001335144 3.90000009536743 5.98999977111816 7.48000001907349 8.27000045776367 10.4499998092651 13.4700002670288 16.6399993896484 20.5200004577637 20.2399997711182 19.1599998474121 17.6299991607666 15.7700004577637 16.2099990844727 19.2099990844727 22.7600002288818 22.0400009155273 21.4599990844727 20.0300006866455 18.3299999237061 19.6599998474121 19.6200008392334 19.7099990844727 19.8199996948242 18.3700008392334 19 20.4500007629395 22.3199996948242 23.4300003051758 23.8199996948242 23.4599990844727 21.0900001525879 19.3199996948242 17 16.2700004577637 15.5500001907349 13.5500001907349 10.6300001144409 9.10999965667725
21.1499996185303 21.1499996185303 20.6700000762939 19.7600002288818 18.9099998474121 13.3999996185303 9.94999980926514 6.38000011444092 3.80999994277954 1.87000000476837 1.64999997615814 4.23000001907349 6.90000009536743 10.1499996185303 14.2200002670288 19.7700004577637 19.7700004577637 18.3899993896484 16.3500003814697 13.8299999237061 14.5200004577637 18.5300006866455 23.2299995422363 21.8899993896484 21.2000007629395 19.7199993133545 18.1399993896484 19.3400001525879 19.1599998474121 18.8799991607666 18.3899993896484 17.3899993896484 17.8099994659424 19.0799999237061 20.5 22.0699996948242 22.4300003051758 22.7999992370605 22.1000003814697 20.6100006103516 18.3700008392334 16.4300003051758 14.7600002288818 14.0200004577637 12.1000003814697 9.9399995803833
23.3799991607666 23.3799991607666 23.5699996948242 22.2099990844727 17.9599990844727 14.1899995803833 10.6899995803833 7.05999994277954 3.96000003814697 2.75 1.48000001907349 4.21999979019165 6.57000017166138 9.71000003814697 14.4099998474121 21.4099998474121 21.2999992370605 19.4400005340576 13.3199996948242 13.3199996948242 14.3100004196167 19.9400005340576 25.4899997711182 22.6299991607666 21.1800003051758 19.2299995422363 17.3899993896484 18.1399993896484 17.6399993896484 16.9200000762939 15.8900003433228 15.3900003433228 15.8999996185303 17.1499996185303 18.3099994659424 20.6000003814697 21.5400009155273 22.6800003051758 23.0699996948242 21.5100002288818 19.2600002288818 16.4200000762939 13.2600002288818 13.0900001525879 13.1199998855591 12.0799999237061
23.8199996948242 23.8199996948242 22.25 21.2299995422363 17.2099990844727 14.0699996948242 11 6.65999984741211 3.96000003814697 2.75 4.19999980926514 6.82999992370605 9.26000022888184 11.8800001144409 15.9200000762939 22.1299991607666 21.1200008392334 19.4599990844727 13.9700002670288 13.9700002670288 15.1999998092651 19.3299999237061 22.7600002288818 19.1700000762939 17.9799995422363 16.9599990844727 16.0799999237061 17.2399997711182 17.3600006103516 17.1800003051758 16.8099994659424 16.9400005340576 17.4099998474121 18.2900009155273 18.8999996185303 21.0799999237061 21.2999992370605 21.4500007629395 19.8999996185303 18.6000003814697 17.4099998474121 15.3199996948242 11.4499998092651 10.6099996566772 12.6400003433228 14.2399997711182
25.0900001525879 25.0900001525879 22.4599990844727 21.6000003814697 17.1900005340576 14.1000003814697 11.2399997711182 6.92999982833862 6.92999982833862 8.75 8.75 11.3599996566772 14.0100002288818 16.2000007629395 19.5 24.4300003051758 22.7800006866455 21.0300006866455 18.7299995422363 16.1700000762939 17.4099998474121 21.9799995422363 22.0900001525879 18.9500007629395 17.6900005340576 16.8199996948242 16.2999992370605 17.1000003814697 17.2600002288818 17.1399993896484 17.1299991607666 17.4400005340576 17.9799995422363 18.6299991607666 19.0400009155273 21.0300006866455 21.0799999237061 20.8999996185303 18.6599998474121 16.9300003051758 15.6800003051758 14.0600004196167 10.5900001525879 7.67000007629395 10.1499996185303 14.0200004577637
24.7299995422363 24.7299995422363 21.8799991607666 21.2900009155273 17.1299991607666 14.0299997329712 11.0699996948242 6.25 6.25 11.0799999237061 11.0799999237061 15.6300001144409 18.2999992370605 19.9099998474121 22.2700004577637 25.9099998474121 24.1599998474121 22.5599994659424 20.6200008392334 18.5499992370605 19.2199993133545 19.8099994659424 20.1000003814697 18.2700004577637 17.5300006866455 17.4200000762939 17.6100006103516 18.1100006103516 18.3199996948242 18.2399997711182 18.4200000762939 18.4300003051758 18.7999992370605 19.1599998474121 19.3700008392334 20.8799991607666 20.5100002288818 17.9300003051758 16.8700008392334 15.0500001907349 13.9899997711182 12.8199996948242 10.5200004577637 5.86999988555908 6.69999980926514 11.460000038147
22.6200008392334 22.6200008392334 20.3799991607666 19.9200000762939 16.8199996948242 13.8299999237061 10.9700002670288 6.17999982833862 6.17999982833862 12.9200000762939 13.1800003051758 19.7800006866455 22.6499996185303 23.7399997711182 25.1000003814697 27.3799991607666 25.7299995422363 24.5 23.0900001525879 21.7600002288818 21.8799991607666 20.4500007629395 18.6000003814697 17.8500003814697 18.1000003814697 19.0799999237061 20.4599990844727 20.7399997711182 20.8099994659424 20.7099990844727 20.9300003051758 20.2399997711182 20.0900001525879 19.9200000762939 19.7600002288818 20.4400005340576 18.0699996948242 15.75 15.0200004577637 13.4399995803833 12.5900001525879 11.6599998474121 10.25 5.76999998092651 4.26000022888184 7.78000020980835
22.6299991607666 22.6299991607666 20.6599998474121 19.0300006866455 16.2700004577637 13.6300001144409 10.6899995803833 5.3899998664856 5.3899998664856 13.1899995803833 12.8699998855591 21.9599990844727 24.8099994659424 25.5699996948242 26.4400005340576 27.9799995422363 26.4500007629395 25.3199996948242 24.1399993896484 23.0400009155273 22.5200004577637 21.4400005340576 19.4300003051758 19 19.1599998474121 19.6399993896484 20.2099990844727 19.5900001525879 19.4400005340576 19.3099994659424 19.4500007629395 18.7600002288818 18.6599998474121 18.6299991607666 18.6900005340576 19.4200000762939 18.5599994659424 16.9799995422363 16.7000007629395 14.7700004577637 13.3199996948242 11.7600002288818 10.289999961853 6.28000020980835 4.32000017166138 6.44999980926514
24.5599994659424 24.5599994659424 20.8799991607666 16.9699993133545 14.7200002670288 12.4899997711182 9.71000003814697 6.03000020980835 6.03000020980835 13.1899995803833 13.0100002288818 23.3899993896484 26.3400001525879 26.8899993896484 27.5599994659424 28.7900009155273 27.3500003814697 26.3400001525879 24.4500007629395 24.0599994659424 23.4500007629395 22.4400005340576 20.8299999237061 20.7700004577637 20.9099998474121 21.25 21.4400005340576 20.9799995422363 20.7999992370605 20.7299995422363 20.7199993133545 19.9599990844727 19.6000003814697 19.2900009155273 19.1700000762939 19.4799995422363 19.3299999237061 17.5300006866455 17.3700008392334 15.6300001144409 13.8500003814697 11.8100004196167 10.039999961853 6.42999982833862 4.55999994277954 6.3899998664856
28.1700000762939 28.1700000762939 21.75 15.5200004577637 13.1800003051758 9.51000022888184 9.71000003814697 6.03000020980835 6.03000020980835 16.1700000762939 12.9300003051758 24.5699996948242 27.4200000762939 27.6700000762939 28.1700000762939 29.1499996185303 27.7700004577637 26.8199996948242 25.8899993896484 25.2600002288818 24.2099990844727 23.2000007629395 21.7800006866455 21.6499996185303 21.3999996185303 21.1499996185303 20.7099990844727 20.5200004577637 20.5200004577637 20.6800003051758 20.7700004577637 20.5400009155273 20.3899993896484 20.25 20.2900009155273 20.3700008392334 20.3400001525879 18.9500007629395 18.6800003051758 16.9200000762939 14.75 12.0699996948242 9.85000038146973 6.40000009536743 4.84999990463257 6.73999977111816
31.8799991607666 31.8799991607666 22.5699996948242 15.0699996948242 13.2299995422363 9.35999965667725 7 2.52999997138977 2.39000010490417 2.39000010490417 13.6199998855591 25.9899997711182 29.1100006103516 29.0799999237061 29.2399997711182 29.8199996948242 28.3400001525879 27.1800003051758 26.2600002288818 25.6700000762939 24.5200004577637 23.4899997711182 22.2199993133545 21.8299999237061 21.2099990844727 20.4699993133545 19.3799991607666 19.4799995422363 19.7199993133545 19.9699993133545 20.0499992370605 20.4200000762939 20.7399997711182 21 21.4799995422363 21.3299999237061 20.8799991607666 20.3199996948242 19.8199996948242 18.0400009155273 15.5699996948242 12.2600002288818 9.77999973297119 6.48000001907349 5.32000017166138 7.17999982833862
40.5800018310547 33.2700004577637 23.8899993896484 15.960000038147 13.8299999237061 10.4700002670288 7 2.52999997138977 2.39000010490417 6.96999979019165 16.2900009155273 27.7900009155273 29.4300003051758 28.3600006103516 27.2000007629395 26.2099990844727 25.4300003051758 25.2299995422363 25.6700000762939 26.4799995422363 26.0799999237061 24.5 23.3199996948242 23.1200008392334 22.7800006866455 22.1900005340576 21.0100002288818 21.3700008392334 21.9300003051758 22.4599990844727 22.7600002288818 23.25 23.5400009155273 23.6299991607666 23.9300003051758 23.3099994659424 22.5 22 21.3700008392334 19.9300003051758 17.6200008392334 13.9700002670288 11.4099998474121 8.07999992370605 6.90999984741211 8.34000015258789
41.2799987792969 41.2799987792969 24.1900005340576 21.2000007629395 17.6100006103516 15.8599996566772 14.1800003051758 11.460000038147 12.7200002670288 17.4099998474121 22.9300003051758 29.8899993896484 28.9099998474121 27.3299999237061 25.4300003051758 22.9799995422363 23.1399993896484 23.6100006103516 24.8299999237061 27.0900001525879 26.3199996948242 25.7600002288818 23 22.7900009155273 22.5200004577637 22.0699996948242 20.9400005340576 21.4799995422363 22.0200004577637 22.6800003051758 23.3400001525879 23.7700004577637 24.2199993133545 24.3999996185303 24.8600006103516 24.3299999237061 24.0900001525879 23.2900009155273 22.5699996948242 21.3700008392334 19.2900009155273 15.6000003814697 13.4799995422363 10.4499998092651 9.06999969482422 9.81999969482422
24 24 40.7099990844727 23 25.3099994659424 24.4300003051758 24.5200004577637 24 26.9099998474121 28.6200008392334 29.2399997711182 29.75 26.4799995422363 24.7000007629395 17.2700004577637 13.8500003814697 20.0499992370605 22.1299991607666 24 27.8500003814697 26.9599990844727 24.7600002288818 23.1700000762939 23.0900001525879 22.8999996185303 22.6100006103516 21.6100006103516 22.4699993133545 23 23.6700000762939 24.5900001525879 24.6000003814697 24.9799995422363 25.0400009155273 25.4500007629395 25.0699996948242 24.8799991607666 24.4500007629395 23.7000007629395 22.7800006866455 20.9400005340576 17.3299999237061 16.0599994659424 13.6700000762939 12.3299999237061 12.3500003814697
5.67000007629395 13.6499996185303 16.2399997711182 19.2999992370605 26.3400001525879 29.7000007629395 32.8199996948242 37.2900009155273 39.4500007629395 36.3699989318848 33.9000015258789 27.2999992370605 22.6100006103516 19.8799991607666 17.2700004577637 13.8500003814697 14.7399997711182 19.6100006103516 24.1399993896484 28.9899997711182 27.8799991607666 25.1000003814697 23.25 23.2600002288818 23.0100002288818 22.6800003051758 21.7199993133545 23.0200004577637 23.8099994659424 24.8400001525879 26.1900005340576 25.6100006103516 25.7000007629395 25.4699993133545 25.7099990844727 25.4899997711182 25.4200000762939 25.4200000762939 24.5300006866455 23.7399997711182 22.0900001525879 18.6599998474121 18.6499996185303 17.3400001525879 16.4500007629395 16.0699996948242
4.80999994277954 4.80999994277954 4.92000007629395 5.05999994277954 18.5300006866455 19.2999992370605 9.26000022888184 34.8899993896484 38.8899993896484 37.6300010681152 33.0699996948242 28.4500007629395 24.4099998474121 18.4699993133545 17.2700004577637 13.8500003814697 14.7399997711182 29.1700000762939 29.1700000762939 28.4099998474121 25.4200000762939 22.7999992370605 21.9400005340576 22.3600006103516 22.4400005340576 22.3799991607666 21.7600002288818 22.9599990844727 23.5 24.1700000762939 25.2299995422363 24.5300006866455 24.7199993133545 24.8799991607666 25.5900001525879 25.4300003051758 25.3199996948242 25.1399993896484 24.2600002288818 23.7199993133545 22.4799995422363 19.5599994659424 20.8600006103516 20.7000007629395 20.4400005340576 19.9799995422363
6.23000001907349 6.23000001907349 7.44000005722046 8.0600004196167 7.07000017166138 5.21000003814697 14.5699996948242 41.439998626709 38.3499984741211 31.6299991607666 33.0699996948242 28.9400005340576 28.1399993896484 23.0599994659424 31.6599998474121 30.3299999237061 29.8199996948242 30.2299995422363 25.2399997711182 25.2399997711182 23.1100006103516 21.8899993896484 19.8700008392334 21.3199996948242 22.3299999237061 23.0400009155273 23.7000007629395 24.1599998474121 24.7099990844727 24.7700004577637 24.7199993133545 24.6900005340576 24.8700008392334 25.5699996948242 27.2900009155273 25.9400005340576 25.7600002288818 25.0900001525879 23.9300003051758 23.4799995422363 22.4899997711182 20.3099994659424 22.9400005340576 24.3600006103516 25.3199996948242 25.4099998474121
5.67000007629395 5.67000007629395 6.86999988555908 7.53999996185303 7.6399998664856 5.84999990463257 17.5699996948242 20.2099990844727 43.310001373291 32.0699996948242 28.8700008392334 27.1399993896484 30.2600002288818 30.7099990844727 30.6700000762939 31.6599998474121 30.3299999237061 29.8199996948242 21.6200008392334 21.6200008392334 20.8899993896484 19.6399993896484 18.3299999237061 20.1100006103516 22.0300006866455 23.8299999237061 25.4699993133545 25.2199993133545 25.4599990844727 25.0900001525879 24.5 25.1200008392334 25.5400009155273 26.6399993896484 28.8799991607666 26.9400005340576 26.4099998474121 24.6599998474121 23.8899993896484 23.3400001525879 22.2999992370605 20.2700004577637 22.9400005340576 24.4899997711182 25.4099998474121 25.5200004577637
5.46999979019165 5.46999979019165 6.53000020980835 6.98000001907349 7.17000007629395 7.03000020980835 15.1800003051758 20.5599994659424 40.7700004577637 36.5699996948242 28.5799999237061 24.4300003051758 27.9200000762939 29.1000003814697 30.1200008392334 31.9099998474121 27.7199993133545 23.5499992370605 19.8299999237061 20.2999992370605 20.2999992370605 19.2600002288818 17.6000003814697 18.5699996948242 19.7600002288818 21.0499992370605 22.2399997711182 22.0400009155273 22.3199996948242 22.1599998474121 21.5300006866455 22.5599994659424 23.3500003814697 24.9099998474121 27.7999992370605 25.8700008392334 25.3600006103516 23.6599998474121 23.4200000762939 23.2900009155273 22.6900005340576 21.3299999237061 24 25.5400009155273 26.3099994659424 26.0799999237061
5.34999990463257 5.34999990463257 6.01999998092651 6.11999988555908 6.63000011444092 6.69000005722046 5.65000009536743 21.2099990844727 33.0299987792969 40.310001373291 38.9300003051758 36.9799995422363 33.9799995422363 32.4799995422363 31.2900009155273 31.1800003051758 27.1200008392334 22.6100006103516 19.4200000762939 20.4300003051758 20.3799991607666 19.9200000762939 18.6100006103516 19.6000003814697 20.4500007629395 21.1900005340576 21.6100006103516 21.7399997711182 22.0100002288818 21.8999996185303 21.25 22.4899997711182 23.5400009155273 25.4400005340576 28.7800006866455 26.8500003814697 26.0799999237061 24.6299991607666 23.4099998474121 23.2800006866455 22.9400005340576 22.2900009155273 24.2700004577637 25.3999996185303 25.9500007629395 25.5699996948242
