data/real/Dogrib_v624/conserv_mass_moment/windninja_270_30_100m_ang.asc
NCOLS 357 
NROWS 223 
XLLCORNER 457900 
YLLCORNER 5716800 
CELLSIZE 100 
NODATA_value -3.4e+38 
[rows 126 to 167 of 223, columns 94 to 187 of 357]
308 306 303 301 300 299 295 292 291 289 287 284 282 281 280 281 280 278 274 265 257 264 268 270 271 269 265 257 250 253 257 259 104 111 90 78 61 48 37 27 17 9 4 1 357 353 351 349 346 344 342 339 336 334 331 329 327 325 323 321 319 318 315 314 313 312 311 310 311 310 307 305 303 300 298 295 292 287 285 285 288 293 296 300 302 302 303 307 307 302 298 295 290 287
312 311 308 306 306 304 300 297 295 293 291 286 284 282 280 280 279 279 275 270 262 266 269 270 271 269 265 257 254 258 262 263 110 115 98 88 71 59 48 38 27 15 7 2 358 354 352 350 348 346 344 342 339 337 335 332 330 328 327 325 323 321 318 317 315 314 313 313 313 313 310 307 305 302 300 297 294 290 288 285 288 292 296 299 302 302 303 307 308 304 301 299 295 291
316 315 312 310 310 308 304 300 299 297 291 289 286 284 282 280 278 278 275 272 267 269 271 271 271 269 265 256 254 257 264 266 167 118 108 100 83 70 58 48 38 25 14 7 0 354 353 351 349 347 346 343 341 339 338 335 333 331 330 328 326 324 321 319 318 317 316 315 315 315 312 310 308 305 302 300 297 293 291 286 287 291 295 299 302 302 304 307 308 305 303 301 298 295
320 319 316 313 313 311 306 303 301 299 296 291 288 285 283 281 278 278 276 273 271 271 272 272 271 269 265 254 248 257 262 267 270 132 118 111 95 80 67 56 44 33 23 14 6 356 354 352 350 348 347 344 343 341 339 337 335 334 332 330 328 327 323 322 320 319 318 317 317 316 314 311 310 308 305 303 301 298 295 289 288 291 294 298 302 302 303 307 307 304 303 303 301 298
325 324 321 318 317 315 309 305 303 301 298 295 290 287 284 282 278 277 276 274 275 275 275 274 272 269 265 253 245 250 259 264 265 263 237 134 112 93 76 62 49 38 29 21 13 1 358 355 352 350 348 346 344 342 340 338 336 334 333 331 330 328 325 324 322 321 320 319 319 318 315 313 312 310 307 305 304 301 296 292 289 291 293 296 300 302 304 307 308 305 304 304 303 300
332 331 327 323 322 319 313 309 306 304 300 297 295 289 285 282 278 276 275 275 276 277 276 275 271 267 263 252 243 248 257 260 262 262 263 274 179 122 93 71 52 39 32 25 19 7 4 360 357 354 351 348 346 343 341 338 336 334 333 331 330 328 326 324 323 322 321 320 319 319 316 314 313 311 309 307 306 304 299 294 289 290 292 294 299 301 304 308 309 307 306 307 306 303
339 337 333 329 327 323 317 312 308 305 301 298 294 290 286 282 277 276 275 275 277 278 277 275 271 266 262 252 244 248 252 258 259 260 262 273 279 217 125 95 59 41 33 27 22 14 10 7 4 0 357 354 350 346 343 339 337 334 333 331 329 328 325 324 323 322 321 320 319 319 316 314 313 311 309 308 306 305 302 296 291 291 292 292 296 299 302 307 309 308 307 308 307 305
344 343 339 335 332 328 321 315 311 307 303 298 296 291 287 283 278 275 273 273 276 277 275 272 266 262 259 253 248 252 255 259 259 260 262 271 276 274 220 140 87 44 33 27 24 18 16 14 12 9 7 3 359 354 350 344 340 336 333 331 329 328 325 324 323 322 320 319 319 318 315 313 311 310 308 306 305 303 301 296 291 290 291 291 293 296 299 304 308 307 306 308 307 305
347 347 342 339 337 332 325 319 314 310 305 302 298 293 289 285 278 275 273 273 275 275 273 269 262 258 256 254 254 257 261 262 262 269 266 270 274 274 272 239 158 63 31 23 20 19 19 20 19 18 17 14 13 9 5 358 351 344 339 335 332 330 327 326 324 323 321 319 318 317 314 311 309 307 305 303 301 300 298 293 288 288 289 288 287 292 296 300 307 306 306 308 308 306
351 351 346 343 341 336 329 323 318 314 309 305 304 296 291 287 280 277 274 273 274 274 271 267 259 256 256 255 258 263 265 266 269 270 270 270 273 274 275 274 266 193 25 9 10 15 18 20 21 22 22 22 23 22 21 16 10 359 350 343 341 338 335 334 332 330 327 324 322 319 313 308 305 301 299 296 295 294 292 287 282 280 280 279 273 277 289 295 306 306 306 308 308 307
354 353 349 346 344 340 333 327 322 318 313 309 307 299 295 290 284 280 277 275 275 274 272 268 262 260 260 260 264 267 268 268 269 269 270 270 272 274 276 278 281 280 260 354 356 9 11 15 16 18 18 20 20 21 20 17 10 358 350 344 346 345 348 350 350 350 349 348 348 342 327 312 300 291 287 285 285 285 284 281 277 276 275 274 274 276 279 275 292 297 300 304 307 305
355 354 351 348 347 343 337 331 326 321 316 312 307 302 297 293 288 285 282 279 277 275 273 271 268 267 267 268 271 271 271 271 271 271 271 270 271 273 275 279 283 286 289 297 339 1 4 8 8 10 10 11 8 7 358 348 334 324 320 322 331 335 349 355 356 359 358 355 348 303 274 267 264 261 261 263 265 267 269 268 266 265 263 263 264 264 265 267 276 282 281 284 297 300
356 355 351 349 349 346 340 335 330 326 320 316 311 306 302 298 294 291 288 284 279 276 275 275 277 277 277 277 274 274 273 272 272 272 271 269 270 272 275 280 284 288 293 297 309 354 357 358 358 358 357 354 347 340 327 316 308 303 302 303 306 307 309 306 300 296 289 283 276 268 265 264 263 262 262 263 264 265 265 264 263 261 260 260 261 262 263 265 272 278 280 281 280 282
355 354 352 351 351 349 344 339 335 330 325 321 316 311 307 304 300 297 293 289 282 279 278 279 284 284 284 283 279 277 276 274 273 273 272 270 270 272 274 279 283 288 293 298 304 352 352 353 354 353 350 344 334 325 315 306 301 298 296 295 295 293 288 285 282 280 278 275 272 269 267 266 266 265 264 265 265 266 267 265 262 261 260 260 260 261 262 265 271 276 279 282 283 283
354 353 351 351 352 351 347 343 339 334 329 325 320 315 311 308 304 301 298 294 287 283 282 283 287 288 287 286 283 280 279 276 275 274 273 271 271 272 272 277 282 287 294 299 313 342 349 349 350 349 344 335 325 317 309 303 299 296 294 292 290 288 282 280 278 278 277 275 274 272 271 270 270 268 268 268 268 268 268 266 263 262 261 261 261 261 262 264 270 274 277 280 284 286
355 352 351 351 352 352 349 345 342 338 333 326 323 318 315 311 307 304 300 296 291 288 286 286 288 288 287 286 284 281 280 278 277 276 274 273 273 273 272 275 280 288 296 302 314 330 349 347 347 348 341 331 321 314 307 302 298 295 293 290 288 285 280 279 278 277 277 276 276 276 275 275 274 273 272 271 271 271 269 267 265 264 263 263 263 263 264 266 269 273 276 279 283 287
2 353 351 351 353 352 349 346 344 341 337 330 326 322 319 315 312 308 304 301 297 294 292 290 289 289 287 287 286 285 283 280 278 277 275 275 274 275 266 273 279 290 300 308 317 325 340 342 343 343 334 324 316 311 305 301 298 295 292 289 287 284 280 279 278 278 278 278 278 279 279 279 278 277 275 274 273 272 270 268 267 266 265 265 265 265 266 267 269 271 274 277 282 287
101 356 352 351 352 351 349 347 346 344 340 333 330 326 323 320 317 314 311 308 305 301 298 295 293 292 291 291 292 290 287 283 280 280 277 276 275 274 268 269 277 294 307 317 322 327 332 334 335 336 327 319 313 309 305 300 297 295 291 289 286 284 281 280 279 279 279 280 280 282 282 282 281 280 278 277 276 274 272 270 269 268 268 268 267 267 268 268 269 270 272 275 281 285
218 11 354 349 351 350 348 348 347 346 343 336 333 330 330 329 327 319 316 314 311 307 304 308 304 301 292 293 293 292 290 286 287 284 281 278 276 274 270 267 276 312 328 330 333 333 331 328 324 324 319 314 311 308 305 301 298 295 292 290 286 284 282 281 280 280 281 281 282 283 284 284 285 284 283 281 280 278 277 275 274 271 270 270 270 269 269 269 269 270 270 273 278 282
244 252 6 350 351 349 347 347 347 345 343 340 338 336 333 332 331 327 325 323 321 318 315 312 309 303 299 297 298 297 297 295 292 289 286 281 278 276 274 275 98 105 7 7 340 337 335 331 327 325 321 316 313 310 307 303 299 297 294 292 290 288 286 285 284 284 285 285 285 285 286 286 286 286 284 283 282 280 279 278 277 276 275 275 274 274 274 273 271 270 270 271 277 282
258 252 100 345 359 352 347 345 346 345 342 340 339 337 335 334 333 330 327 325 323 320 317 315 312 308 300 297 281 279 279 278 293 291 288 283 279 277 276 278 72 121 67 15 347 343 340 336 332 329 325 321 317 314 310 306 303 300 297 295 293 291 288 287 286 286 286 286 286 286 286 286 287 287 286 285 285 283 282 280 279 278 277 277 277 276 275 274 271 270 270 270 273 277
261 262 241 130 52 355 349 345 344 344 341 340 339 337 336 336 335 332 330 327 325 323 320 318 315 312 302 298 282 281 280 296 294 291 289 285 281 278 277 279 284 176 145 2 353 349 346 341 337 334 331 326 322 319 315 311 307 304 301 298 296 295 291 290 289 289 288 288 288 287 287 288 288 289 288 287 287 285 284 283 282 280 280 279 278 278 277 276 273 271 271 270 272 274
264 268 262 123 111 8 347 346 343 343 339 339 338 337 336 336 335 333 331 329 327 324 322 320 318 315 312 299 298 280 295 294 291 289 288 286 283 282 280 278 280 270 213 3 355 353 350 346 342 339 336 332 328 325 320 316 311 308 305 302 299 298 294 293 292 291 291 290 289 289 289 289 289 290 290 289 289 288 286 285 284 283 282 281 280 279 278 277 275 273 273 272 273 275
272 275 88 122 124 121 103 360 347 347 337 337 336 335 335 336 335 333 331 330 328 326 324 322 320 318 314 302 300 297 295 293 290 288 288 289 287 285 282 278 274 275 259 14 357 355 352 348 345 343 341 337 334 330 326 321 317 313 310 306 303 301 298 296 295 294 293 293 292 291 291 290 291 292 292 291 291 290 288 287 287 286 285 283 282 281 280 279 277 276 275 275 275 276
278 278 284 170 138 108 117 88 1 344 337 336 335 334 334 335 335 332 331 330 329 327 326 323 322 319 316 305 302 300 297 295 293 291 291 293 292 289 285 280 274 277 270 87 358 355 352 349 347 347 345 342 339 336 332 327 322 318 315 311 308 306 302 301 299 298 297 296 295 294 293 293 292 293 294 293 294 292 291 290 289 288 287 286 284 283 282 281 280 279 278 277 277 279
281 279 278 272 253 107 106 107 58 359 339 335 333 332 332 334 333 331 330 329 328 326 325 323 321 320 318 310 306 303 301 298 296 294 292 294 293 291 287 272 273 277 274 158 6 354 352 350 348 348 348 346 343 341 337 332 327 324 320 316 313 310 306 304 303 301 300 299 298 296 295 295 294 295 295 295 296 295 293 292 292 290 289 288 286 285 284 283 282 281 280 279 278 281
282 279 278 277 273 278 101 94 83 78 354 335 332 330 330 332 332 329 328 327 326 324 323 320 319 319 317 313 313 309 306 303 301 299 297 298 297 294 289 281 271 274 271 264 151 354 352 350 348 348 348 347 346 344 341 337 332 329 325 321 317 314 310 308 306 304 303 301 301 299 298 297 296 296 297 297 298 297 295 294 294 292 291 290 289 288 286 285 284 283 282 281 280 283
283 281 280 280 280 282 97 93 63 27 163 146 340 332 329 330 329 325 324 323 322 320 319 316 315 316 315 315 314 311 307 306 305 303 300 299 299 296 292 284 278 274 270 269 183 356 353 350 349 349 348 348 348 347 345 341 337 333 330 325 322 319 314 311 309 308 306 305 304 302 301 300 299 298 299 299 300 300 298 296 296 294 293 292 291 290 289 288 287 286 284 282 282 284
285 283 283 283 283 283 288 121 53 357 360 55 359 336 329 329 326 321 319 318 316 313 312 308 308 311 312 314 315 309 308 307 306 284 282 298 297 295 291 283 276 272 268 264 151 4 355 351 349 349 348 347 348 348 347 345 341 338 334 330 326 323 317 315 313 311 309 308 307 306 304 303 301 300 300 301 302 302 300 299 298 297 295 295 294 293 291 290 289 287 286 284 283 284
286 285 284 284 284 283 285 282 223 356 353 353 359 337 327 324 322 317 315 314 311 306 304 300 300 304 306 309 310 308 306 305 288 286 300 296 296 293 288 281 274 270 267 265 123 33 359 353 350 349 347 347 348 349 349 347 344 341 338 333 330 326 321 318 316 314 313 311 310 308 307 305 303 302 302 303 304 304 302 301 300 299 298 297 296 295 293 292 290 289 287 285 284 285
287 286 285 284 284 283 283 285 283 299 350 351 352 334 323 319 317 313 310 310 307 302 300 296 296 299 299 300 305 304 303 303 303 302 298 294 294 290 283 279 271 267 266 268 115 68 10 359 352 348 346 346 347 349 349 349 347 344 341 337 333 330 324 322 320 318 316 314 312 311 309 307 305 304 304 304 306 306 305 304 303 301 300 299 297 296 294 293 292 290 289 286 284 285
289 287 286 285 285 284 284 285 286 291 7 357 346 334 325 321 317 313 309 309 305 300 298 294 293 295 295 291 291 294 296 297 298 298 295 291 290 286 275 262 262 261 264 269 150 137 48 23 356 346 344 345 347 349 350 349 348 346 344 340 336 333 328 325 323 320 318 317 315 314 312 310 307 306 306 306 307 308 307 306 305 304 302 301 299 297 296 294 293 292 290 287 285 285
291 289 287 287 286 286 286 286 287 290 324 1 340 332 326 323 319 314 311 311 307 301 298 294 291 291 291 288 284 285 286 288 290 290 289 286 290 283 259 235 249 255 261 265 263 230 93 91 58 343 343 345 347 349 350 350 349 348 346 342 339 336 330 328 325 323 321 319 318 316 314 312 310 308 308 309 310 310 309 308 307 305 304 302 301 299 297 296 295 294 292 289 286 286
292 290 289 288 287 287 287 287 288 290 296 333 332 327 324 324 321 317 314 314 310 304 300 296 292 291 290 288 285 284 284 286 287 286 285 283 281 272 253 253 256 258 263 265 270 258 202 103 90 94 11 352 351 351 352 351 350 349 347 344 341 338 333 330 328 326 324 322 320 319 317 315 312 311 311 311 311 312 310 310 309 307 306 305 303 301 299 297 296 295 293 291 288 287
291 290 289 288 288 287 287 288 288 289 293 300 310 320 322 323 322 318 316 316 313 306 302 298 293 292 291 289 288 285 285 285 286 285 283 279 272 268 266 258 258 260 264 265 271 269 264 107 107 96 66 17 0 355 354 352 352 350 349 346 343 341 335 333 330 328 326 324 323 322 319 317 315 313 313 313 313 313 311 312 311 309 308 307 305 303 301 299 297 296 294 292 289 290
291 292 291 290 290 289 289 289 288 289 292 297 300 305 315 322 321 318 317 318 315 309 305 301 297 295 293 292 289 287 286 286 286 285 282 276 271 268 266 263 264 266 268 269 273 272 269 104 112 100 85 51 17 1 357 354 353 351 350 348 345 343 338 335 333 331 329 327 325 324 322 319 317 315 315 314 314 314 313 313 313 311 309 309 307 305 303 301 299 297 295 292 291 292
293 294 294 293 292 291 291 290 289 289 294 296 299 301 305 316 319 318 318 320 317 312 308 305 301 298 296 295 292 290 287 287 287 286 283 278 272 270 269 270 271 272 273 273 275 274 274 275 112 103 93 71 37 11 2 357 354 352 351 349 346 344 340 337 335 333 331 329 327 326 323 321 319 317 316 316 315 315 314 315 315 312 311 310 309 307 304 302 300 298 296 293 293 294
294 295 294 294 293 292 291 291 290 289 293 295 298 300 302 308 314 316 317 319 318 313 312 311 308 302 299 298 294 292 289 288 288 287 285 281 274 273 273 276 277 277 277 276 276 276 279 277 116 112 98 76 49 22 7 359 356 353 351 349 347 346 341 339 337 335 333 331 330 328 326 323 321 318 318 317 316 316 315 316 316 314 312 312 311 308 306 304 301 299 297 294 294 295
294 295 294 293 293 292 290 290 289 288 291 293 296 299 301 304 308 311 311 317 317 314 313 313 311 308 306 305 300 297 293 289 289 289 288 286 278 277 278 282 283 283 282 283 282 281 281 282 275 189 111 69 45 30 13 2 357 354 352 350 348 346 342 340 338 337 335 333 331 330 327 325 323 320 320 319 318 317 316 317 317 315 315 315 314 309 307 305 303 301 299 295 294 295
295 294 294 293 293 291 290 289 288 288 290 293 296 298 301 303 305 306 308 314 316 315 314 315 313 310 308 307 301 299 295 291 291 291 292 286 283 283 283 286 288 287 287 284 282 279 274 274 266 256 256 59 17 23 18 11 3 359 356 353 351 349 344 342 340 338 336 335 333 331 329 328 325 324 323 322 321 321 319 320 319 317 316 317 316 313 310 308 306 304 302 298 295 296
296 295 294 293 293 293 291 290 289 289 292 292 294 297 299 302 305 305 307 311 314 314 314 315 314 311 310 309 304 301 298 294 294 294 295 291 289 287 286 285 285 289 289 286 284 278 271 267 265 261 267 287 12 21 18 13 7 2 359 356 354 351 345 343 341 339 337 335 333 331 329 328 326 325 324 324 323 322 321 321 321 319 318 318 317 314 312 309 307 306 303 300 296 297
297 295 294 294 294 293 292 291 289 288 289 290 291 294 295 298 302 303 305 309 311 312 313 315 314 312 310 310 305 303 301 298 298 299 301 302 299 297 293 286 285 290 288 285 283 277 270 265 262 260 261 272 21 22 17 13 9 6 3 360 357 354 348 344 342 340 337 335 332 330 329 328 326 325 325 324 324 323 322 322 322 320 319 319 319 315 313 310 308 307 305 301 298 298
