data/real/Dogrib_v624/conserv_mass_moment/windninja_315_30_100m_ang.asc
NCOLS 357 
NROWS 223 
XLLCORNER 457900 
YLLCORNER 5716800 
CELLSIZE 100 
NODATA_value -3.4e+38 
[rows 168 to 209 of 223, columns 0 to 93 of 357]
315 315 316 316 318 319 319 321 321 317 313 309 305 299 295 292 291 292 292 292 287 284 283 285 286 286 286 285 284 284 283 281 281 280 279 275 273 273 273 276 276 276 276 277 279 283 286 289 300 318 321 322 322 318 314 319 319 320 322 321 318 315 312 309 306 306 307 308 310 312 316 323 324 326 327 326 326 326 326 327 327 325 324 323 322 320 319 318 317 316 316 315 314 312
316 316 316 316 317 318 319 322 323 319 315 313 310 306 302 299 299 300 300 300 297 291 289 290 292 292 293 292 290 289 287 284 284 283 283 280 279 279 282 282 282 281 279 278 278 279 281 284 288 295 310 322 324 320 319 322 322 323 325 325 321 318 315 312 309 309 310 311 313 315 316 324 325 327 328 326 326 326 326 328 328 326 325 324 323 321 320 319 318 317 317 316 315 314
316 316 316 316 316 318 320 325 328 323 319 316 314 310 306 302 302 304 305 307 305 298 294 295 296 296 297 296 293 292 290 287 286 286 287 284 283 283 286 287 286 285 282 280 279 279 280 282 284 287 291 299 316 326 329 330 328 327 329 328 324 321 318 315 311 311 312 313 315 316 317 326 328 328 329 326 326 327 327 329 329 327 325 325 324 322 321 320 319 319 319 318 317 316
317 317 318 317 316 318 321 329 339 331 323 318 316 313 311 307 306 308 312 312 313 307 303 301 301 300 299 298 295 292 290 287 287 287 289 288 288 290 292 292 290 288 285 283 281 280 280 281 282 284 286 289 294 302 346 346 338 336 336 334 329 326 323 320 315 314 315 315 316 318 320 326 331 331 331 328 326 327 327 329 330 327 326 326 325 324 323 322 320 320 320 320 319 318
318 318 322 320 315 319 321 334 339 331 320 316 315 314 313 309 308 311 316 316 317 311 308 304 305 304 302 300 297 293 291 290 290 290 293 294 294 294 294 293 292 290 287 284 283 281 281 282 282 283 284 286 288 291 296 325 335 336 334 332 328 325 324 322 316 314 316 316 318 319 319 325 330 331 331 329 327 329 329 330 330 327 326 326 325 324 324 323 322 321 321 321 320 319
314 314 321 313 307 315 319 335 335 320 320 314 314 314 313 309 307 310 312 315 316 310 307 303 304 304 303 303 300 298 296 296 296 296 298 299 298 297 294 292 291 290 287 285 284 283 283 284 283 283 284 285 286 288 290 298 306 320 328 326 322 318 317 316 310 308 311 312 315 317 318 322 326 328 332 329 327 330 329 330 330 327 325 325 325 324 323 323 322 322 322 321 320 320
314 314 335 336 286 311 320 341 341 322 322 314 313 314 313 311 308 311 312 315 316 313 309 305 306 306 305 305 303 302 300 300 299 299 300 302 300 298 295 293 291 290 288 286 285 284 285 286 285 285 285 285 285 286 287 292 295 301 313 323 321 317 314 314 308 304 308 310 312 315 317 320 322 322 329 331 330 333 331 331 330 327 325 325 325 323 323 324 323 323 322 322 321 321
314 314 343 178 182 297 327 352 352 330 323 314 313 315 314 312 310 313 314 315 315 311 310 308 310 311 311 311 310 308 306 305 304 303 303 302 298 297 295 292 291 291 289 287 286 286 287 288 288 287 287 286 286 286 287 289 291 294 299 307 323 324 319 317 309 302 307 309 311 315 316 319 320 320 324 329 333 339 335 333 331 327 324 324 323 322 323 324 324 324 323 323 322 322
315 315 323 172 161 129 358 3 3 333 325 314 313 314 314 312 311 313 314 314 312 310 310 309 310 311 311 312 312 311 309 307 306 305 304 303 298 298 297 294 294 294 292 290 289 288 288 289 289 289 288 288 287 287 287 288 289 291 294 296 301 307 311 314 308 298 304 308 310 315 316 318 319 318 320 324 329 342 344 339 335 330 326 325 324 322 322 324 324 324 324 324 323 323
317 317 323 169 148 93 39 16 16 333 325 314 311 313 313 312 311 312 312 312 310 309 309 309 308 308 307 306 305 305 303 302 302 302 302 302 301 301 301 299 298 299 296 293 291 290 290 291 291 290 289 289 288 287 287 288 288 289 291 292 294 294 294 298 298 286 294 307 310 314 316 319 320 318 318 321 322 327 332 333 336 334 331 328 326 324 323 325 325 324 324 324 324 323
317 317 324 165 138 104 39 16 16 337 326 315 311 313 313 311 311 311 311 311 309 308 309 309 307 307 306 305 304 303 302 301 301 302 302 302 302 302 303 302 301 302 300 296 294 291 291 292 292 292 291 290 289 289 289 288 289 289 290 291 291 290 289 289 289 287 288 295 303 311 316 319 320 318 318 320 320 318 317 314 321 327 329 327 326 324 324 326 325 325 325 325 324 324
318 318 325 153 128 106 82 57 5 5 326 315 312 314 314 313 312 312 311 309 308 307 307 307 305 304 304 303 301 300 299 299 300 301 302 302 303 303 304 303 302 303 302 298 295 293 292 293 293 293 292 290 290 289 289 289 289 289 290 290 290 289 287 286 285 286 287 284 288 301 316 319 321 319 318 321 322 319 317 314 317 322 324 323 324 324 326 327 326 326 326 326 325 325
317 318 338 142 117 100 82 57 5 335 324 315 311 314 314 314 313 312 311 308 307 307 307 307 306 305 305 304 302 301 300 300 301 302 303 304 304 304 305 305 304 306 305 301 298 295 294 295 295 294 293 292 291 290 291 291 290 290 290 290 290 289 287 286 284 285 286 285 283 288 315 320 322 320 319 323 323 319 317 315 315 319 320 319 321 323 326 327 326 326 327 327 326 326
315 315 342 335 122 96 52 28 351 333 323 316 310 311 311 311 310 309 308 305 306 308 309 310 310 310 311 310 308 307 306 306 306 306 306 306 307 306 307 307 307 310 310 304 301 298 296 297 297 296 295 294 293 292 293 293 292 291 291 290 290 288 287 286 285 286 288 288 285 286 291 305 323 322 321 325 325 320 318 315 312 314 314 311 315 320 322 328 326 326 327 328 327 326
314 314 318 322 305 246 98 2 339 329 322 316 310 310 305 308 312 308 305 303 304 308 310 312 312 313 314 314 312 310 308 308 308 308 308 308 308 308 308 308 309 312 312 307 304 300 298 298 298 298 297 295 294 293 294 294 294 293 291 291 290 289 287 287 286 287 288 288 286 287 286 258 324 324 322 328 328 322 320 317 314 314 313 309 311 317 319 327 326 326 328 329 328 327
317 317 325 329 322 314 312 311 323 323 320 315 308 305 305 308 312 309 304 303 305 310 312 314 315 316 318 318 316 314 312 311 311 310 309 309 310 309 309 310 311 315 315 309 306 302 299 300 299 299 299 297 296 295 296 296 295 294 292 291 290 289 288 288 288 289 292 293 291 289 282 275 321 327 324 330 330 324 322 320 317 317 316 311 312 318 319 325 325 326 329 330 329 328
314 314 319 321 325 324 312 297 311 312 321 315 309 302 305 308 312 307 307 307 304 306 313 317 318 318 320 320 317 316 314 313 313 312 310 310 311 311 311 312 312 316 316 311 307 304 301 301 301 301 300 299 298 297 297 297 296 295 294 293 291 291 290 290 290 291 293 295 295 285 143 111 356 342 330 334 331 325 323 322 320 318 317 314 313 322 323 324 325 327 330 331 329 329
314 314 318 321 318 318 316 313 311 313 321 318 315 310 314 314 313 311 310 310 306 306 307 311 316 320 320 320 318 317 316 314 313 312 310 310 311 311 311 313 313 317 317 312 309 307 304 303 303 303 302 301 299 299 298 298 298 297 295 294 293 294 293 294 293 292 294 296 295 289 124 111 108 94 28 345 333 326 323 323 322 319 317 313 311 319 322 317 322 326 331 333 331 330
314 314 317 321 325 332 334 315 306 318 343 319 320 317 317 314 314 313 310 310 308 306 307 312 316 321 322 321 320 319 319 318 317 315 312 311 312 312 312 313 313 317 316 312 309 308 305 305 305 305 305 303 302 300 298 298 298 298 296 296 297 298 297 297 295 295 296 300 301 299 110 110 113 111 91 5 336 327 324 324 324 320 318 314 312 320 323 317 320 325 332 334 332 331
315 315 316 318 321 323 328 324 321 326 113 219 308 315 317 316 315 314 309 308 308 305 306 308 310 315 318 319 319 319 319 319 317 316 313 311 313 314 314 314 314 317 316 312 310 309 307 306 306 305 305 304 303 301 299 298 299 300 298 298 299 299 299 298 297 297 299 300 301 303 37 113 118 120 117 83 344 330 326 326 325 321 319 315 313 320 323 319 319 325 333 335 332 332
316 316 317 318 319 315 316 315 289 319 322 317 311 308 295 303 299 305 293 311 305 302 302 305 305 305 306 305 307 309 312 314 314 313 310 309 311 312 314 314 315 317 317 314 312 311 309 307 306 306 305 304 303 301 300 300 301 302 301 301 300 300 299 299 297 296 298 299 300 301 306 126 131 136 137 132 99 336 328 328 327 322 319 315 313 318 321 319 316 323 334 335 333 332
316 316 317 317 318 313 309 303 282 308 311 310 313 270 280 288 284 306 159 263 264 281 286 300 302 303 304 302 303 305 310 314 314 313 310 308 311 312 315 315 316 316 316 314 312 312 311 308 307 306 305 304 303 303 301 302 302 303 303 302 302 301 300 299 298 297 298 298 298 297 295 269 236 197 173 155 142 102 333 330 328 323 320 316 313 317 318 318 315 320 334 336 333 333
315 315 316 316 319 310 301 289 263 249 248 255 267 266 275 290 301 246 201 208 226 240 247 263 279 287 290 289 293 298 309 315 314 314 311 309 312 316 318 318 318 317 317 315 313 312 310 307 305 304 304 303 304 304 304 305 305 306 306 305 304 303 302 301 299 297 297 296 295 294 291 277 266 250 230 204 160 139 15 334 329 323 320 316 313 316 317 317 316 319 332 335 334 333
315 316 316 316 313 313 302 294 283 278 275 271 271 102 0 57 28 155 190 201 213 228 237 258 277 287 290 294 296 297 302 310 313 313 311 309 312 316 318 318 318 318 317 317 315 314 312 308 306 305 305 304 304 305 305 305 306 306 306 305 303 302 301 300 298 296 295 294 292 291 288 278 272 263 251 237 206 140 122 353 332 323 319 315 312 314 315 316 316 318 328 333 333 333
315 316 316 313 313 313 310 308 304 294 292 283 281 104 110 105 129 150 168 174 195 210 218 245 275 290 296 300 302 303 306 310 312 313 311 309 312 316 317 317 317 317 316 316 316 316 315 312 310 308 308 307 306 306 305 303 302 301 301 300 299 298 297 296 294 291 289 289 287 286 284 276 272 266 261 256 250 190 139 129 353 323 318 313 311 311 312 313 313 314 321 330 331 332
318 318 315 315 315 315 313 313 311 306 305 294 289 102 120 116 131 142 155 165 184 196 200 237 277 293 299 304 306 307 310 312 311 313 311 309 312 316 317 317 317 318 317 317 317 318 317 314 312 309 308 308 307 306 303 302 301 300 298 298 296 296 295 293 291 288 287 287 286 285 283 279 276 274 272 275 274 263 255 250 248 257 298 308 308 310 310 311 312 313 316 323 329 331
318 318 318 317 317 317 315 318 318 317 318 308 297 102 119 118 127 134 146 156 172 177 177 205 288 303 306 308 310 311 313 314 313 313 312 311 313 316 317 318 318 320 320 320 320 320 320 318 315 311 309 308 306 302 299 297 296 295 293 292 291 290 289 287 285 281 278 277 275 274 272 269 268 265 261 256 250 252 254 258 263 267 270 271 283 300 306 308 310 311 314 318 323 329
318 318 318 318 320 320 317 319 318 319 321 318 320 103 117 114 122 127 135 144 158 160 160 157 277 308 308 309 311 313 315 317 315 314 314 313 314 316 317 318 319 321 321 320 320 320 320 319 317 313 310 310 307 302 299 297 295 294 293 292 291 290 288 286 284 282 280 279 278 278 277 276 276 275 273 271 267 266 267 268 272 276 278 280 280 279 290 305 312 312 314 316 318 324
318 322 322 322 322 322 318 319 317 317 318 317 307 107 120 115 121 124 129 136 147 149 150 147 145 189 307 306 309 311 314 317 315 315 315 315 315 317 318 319 320 322 322 320 319 319 319 317 315 313 310 311 310 308 305 303 302 301 300 299 297 295 293 291 289 287 285 284 282 282 281 279 279 278 276 274 271 270 271 272 277 280 282 283 283 284 286 294 315 316 317 317 317 320
318 322 322 323 327 327 319 318 317 316 317 314 304 112 123 120 124 131 131 135 139 143 144 143 141 141 145 287 312 315 317 318 318 317 318 318 317 318 318 320 320 323 324 321 320 320 319 317 316 314 312 313 312 311 309 307 305 305 303 302 300 298 296 294 291 290 288 286 285 285 284 283 282 281 280 279 276 275 276 277 281 283 284 285 285 285 287 289 314 318 320 319 318 318
318 322 322 327 327 327 318 318 315 314 313 308 298 119 125 124 126 129 136 136 138 140 141 141 140 140 141 139 116 325 322 322 321 319 321 321 320 320 318 321 321 324 325 322 321 321 320 318 318 317 316 318 318 318 316 314 312 310 309 307 305 302 299 297 294 292 290 288 286 286 285 284 284 283 282 282 280 279 279 279 282 285 285 286 284 284 286 288 304 314 321 322 320 319
317 322 322 324 327 327 316 318 315 314 316 303 294 169 121 126 128 130 135 137 136 136 137 137 137 138 139 138 135 96 332 328 326 325 326 325 322 321 319 322 323 326 326 323 322 321 320 318 318 317 317 318 318 318 318 317 315 314 313 311 309 306 303 300 298 295 293 291 289 288 288 287 287 286 286 286 284 283 283 283 285 286 287 288 286 286 287 288 300 307 317 324 322 321
316 321 321 330 328 328 317 320 317 316 317 307 299 93 113 124 129 132 134 136 135 134 133 133 132 133 134 135 135 128 38 339 334 331 331 329 325 324 320 324 325 328 328 325 323 322 321 318 317 317 316 315 315 315 314 313 312 311 311 310 309 308 306 304 301 299 297 295 293 293 293 292 292 291 291 291 289 288 287 286 287 289 290 290 290 289 289 290 298 303 309 316 320 322
316 316 326 330 330 330 322 321 319 317 317 309 301 93 110 119 130 135 138 138 137 135 133 131 128 127 128 130 131 129 109 3 343 337 334 332 328 326 323 326 327 330 329 326 324 323 321 319 317 317 316 315 315 314 313 313 313 312 312 312 312 311 310 308 306 304 303 301 298 298 298 296 295 295 294 294 293 291 291 289 290 291 292 293 292 292 291 291 298 301 305 308 311 316
316 325 328 334 335 335 326 317 314 314 320 312 302 95 110 119 133 139 145 142 139 137 137 133 128 124 122 123 124 124 111 44 355 343 338 335 331 327 326 329 329 331 330 327 324 323 321 319 317 317 316 315 314 314 314 314 315 315 316 316 317 317 316 315 314 313 313 311 308 306 306 302 301 299 298 297 296 295 294 293 293 294 294 295 295 294 294 293 298 301 304 306 307 310
316 327 331 339 341 341 331 316 312 311 317 313 304 95 118 129 143 153 158 152 155 140 141 139 132 125 119 117 116 103 90 58 21 358 342 338 335 331 331 332 332 333 331 327 325 323 321 319 318 317 316 315 314 314 314 313 313 313 315 316 317 317 317 317 316 316 315 314 312 310 310 306 304 302 300 299 299 298 297 296 295 296 296 297 297 296 296 295 299 302 304 306 306 307
316 316 335 347 346 346 337 319 314 312 316 319 306 93 120 137 151 161 166 173 171 156 155 155 151 132 121 115 110 102 87 64 35 12 357 349 345 336 340 340 338 335 332 330 327 325 323 320 319 318 317 315 315 315 314 313 313 313 313 313 313 313 313 312 312 311 311 311 309 307 307 304 303 304 301 300 301 301 300 299 298 298 298 298 299 298 298 296 300 303 305 306 306 307
316 317 341 360 355 355 342 322 316 314 322 320 309 93 123 141 156 167 176 178 179 170 168 165 161 154 142 132 121 107 90 70 47 26 9 358 352 347 345 344 342 338 335 332 328 326 323 320 318 317 316 315 314 314 314 312 312 312 312 312 312 312 312 311 311 311 311 311 311 310 311 311 311 311 310 301 302 303 307 302 301 301 301 301 306 301 300 298 303 305 308 309 309 310
317 317 161 30 359 359 350 325 319 317 322 321 325 77 106 134 158 173 181 181 185 184 181 176 172 164 151 141 133 115 96 77 57 38 21 9 2 353 350 347 345 341 339 336 332 329 326 322 319 317 316 315 315 315 315 313 313 313 312 312 312 312 312 311 311 311 311 311 311 311 311 312 312 312 311 309 308 309 309 308 308 308 308 308 308 307 305 301 304 307 309 311 312 313
315 315 159 34 2 2 353 325 319 322 323 322 329 70 114 144 158 173 177 183 185 190 190 186 184 177 163 148 140 125 104 85 66 49 34 22 13 1 357 353 349 345 342 340 336 333 329 325 322 320 318 317 317 318 317 315 315 315 314 314 314 313 313 312 312 311 311 311 311 311 311 310 310 309 308 305 304 306 306 305 306 307 307 307 305 304 303 298 300 307 309 312 313 314
316 316 124 33 4 4 355 325 319 322 322 322 334 66 149 165 172 168 167 183 191 194 195 194 194 190 181 160 144 133 116 97 78 61 46 35 25 12 6 360 355 350 347 343 339 334 331 327 324 321 319 318 318 319 319 316 316 316 315 315 314 314 313 313 312 312 311 311 312 311 311 311 310 309 308 305 304 306 306 304 305 306 307 307 306 304 302 298 299 308 310 313 315 317
315 315 112 30 30 5 356 326 319 322 322 326 339 64 173 179 179 172 165 184 194 198 200 201 203 203 199 185 150 134 121 105 88 72 59 49 40 27 19 11 4 358 352 346 341 335 331 327 324 320 318 317 317 318 318 316 317 317 316 315 315 315 314 313 312 312 312 312 312 312 311 311 310 309 308 305 304 307 307 306 307 308 308 309 309 306 305 300 300 310 311 315 318 320
