data/real/Dogrib_v624/conserv_mass_moment/windninja_360_30_100m_ang.asc
NCOLS 357 
NROWS 223 
XLLCORNER 457900 
YLLCORNER 5716800 
CELLSIZE 100 
NODATA_value -3.4e+38 
[rows 150 to 199 of 223, columns 96 to 191 of 357]
348 346 342 339 339 339 337 332 331 331 331 329 328 329 328 325 323 321 320 319 318 317 318 319 322 341 268 2 3 355 341 323 304 262 205 30 16 11 4 5 2 355 352 351 350 349 349 351 353 354 355 355 355 355 355 355 355 355 354 354 353 355 357 358 358 358 358 358 358 357 356 354 353 352 353 354 354 355 357 358 358 359 359 359 359 359 360 360 360 359 358 358 355 356 357 359
348 346 341 340 340 339 337 333 332 333 333 330 329 330 329 326 324 323 321 320 319 317 318 319 322 336 254 1 4 356 347 335 323 302 277 20 12 4 4 6 2 356 353 352 351 350 350 351 353 354 355 355 355 355 355 355 355 355 354 354 353 355 357 358 358 358 358 358 358 357 356 354 353 352 353 354 354 355 357 357 358 358 358 359 359 359 359 359 360 359 359 358 357 357 358 359
357 351 344 341 341 340 340 334 333 334 334 331 330 331 330 327 326 325 324 322 320 318 317 319 322 333 333 242 1 357 350 343 338 331 349 12 8 6 4 6 3 357 355 353 351 350 350 352 353 354 355 355 355 355 355 355 355 355 354 354 353 355 357 358 358 358 358 358 357 357 356 354 353 352 353 353 353 354 357 357 358 358 358 358 358 358 358 359 359 359 359 359 357 357 359 0
28 357 338 338 341 342 341 337 335 336 335 332 331 331 330 327 326 326 325 323 322 319 318 320 322 325 327 323 4 355 349 344 342 341 350 358 1 3 5 7 6 3 357 355 353 351 351 352 354 354 355 355 355 355 355 355 355 355 354 354 354 355 358 358 359 358 358 358 357 356 355 354 354 353 353 353 353 354 358 359 359 358 357 357 357 357 358 358 359 359 359 359 358 359 360 1
150 155 158 310 338 341 341 337 336 338 337 333 332 332 331 327 326 326 325 323 322 318 318 321 323 327 331 3 3 354 348 358 359 341 350 353 360 3 5 5 8 5 1 356 353 352 351 352 354 355 355 355 355 355 355 355 355 355 354 354 354 356 358 359 359 359 358 358 357 356 355 355 354 353 353 353 353 353 358 359 359 358 357 356 356 357 357 358 358 359 359 360 359 360 1 2
221 197 168 149 343 342 340 337 337 338 337 334 333 332 331 328 326 326 326 324 322 319 318 321 324 329 337 1 1 353 356 358 341 340 351 29 5 4 4 6 8 6 2 357 354 352 352 353 354 355 355 355 355 355 355 355 355 355 355 354 355 356 358 359 359 359 358 358 357 356 356 355 354 353 353 353 352 353 357 359 359 358 357 356 356 357 357 357 358 359 359 360 359 360 1 2
248 231 212 178 137 346 341 338 337 339 338 334 333 333 331 328 327 327 326 324 323 320 319 323 325 329 339 359 359 352 348 345 342 341 351 44 24 9 4 5 8 6 2 358 355 353 352 353 354 355 355 355 355 355 355 355 355 355 355 355 355 356 359 359 359 359 359 358 357 357 356 355 354 353 352 352 351 352 357 358 359 358 357 357 357 357 357 357 358 359 359 360 359 360 1 2
273 263 249 228 176 341 337 338 339 340 338 334 333 333 331 329 327 327 327 324 323 320 320 324 326 330 334 348 354 349 347 346 345 346 357 42 121 92 357 359 5 6 6 5 356 352 351 352 354 354 355 355 355 355 355 355 355 355 355 355 356 357 359 360 360 359 359 359 358 357 357 355 354 353 352 350 350 351 355 357 358 358 358 358 358 357 357 357 358 359 359 0 358 358 1 2
285 277 270 258 218 138 333 335 338 339 338 335 333 333 331 329 328 328 327 324 322 320 319 323 325 329 332 340 349 346 345 344 344 345 350 284 20 156 22 357 3 6 7 7 357 353 352 352 354 354 355 355 355 355 355 355 355 355 355 356 357 358 360 0 0 360 360 359 359 358 357 356 355 353 352 350 349 350 354 356 357 358 358 358 358 358 357 357 358 359 359 0 358 358 1 2
292 285 281 276 263 188 331 334 336 338 337 334 333 333 332 329 328 328 327 324 322 320 319 322 324 327 330 337 345 344 343 342 342 343 341 336 198 198 146 2 1 6 5 7 357 354 352 353 354 354 355 355 355 355 355 356 356 355 356 356 357 358 360 0 0 360 360 359 359 358 357 356 355 354 352 350 349 350 354 356 357 358 358 359 359 358 358 358 358 359 359 360 359 358 1 2
292 287 285 283 282 274 256 333 335 336 335 333 333 333 331 329 328 328 327 324 322 321 320 322 324 326 328 331 339 341 341 340 340 341 336 323 304 248 197 42 1 5 5 4 358 354 353 354 355 355 355 355 355 355 356 356 356 356 356 356 357 358 360 0 0 360 360 359 359 358 357 356 355 354 353 351 350 351 354 356 357 358 358 359 359 358 358 358 358 359 359 359 359 358 1 2
296 292 289 288 288 288 288 326 334 335 334 332 332 332 331 330 329 329 327 324 322 321 320 321 322 324 325 327 331 339 340 339 338 338 334 323 304 280 284 74 1 358 3 2 359 357 356 356 356 355 355 355 356 356 356 356 356 356 356 356 357 358 359 360 0 360 360 359 359 358 357 356 356 354 353 352 351 352 355 356 356 357 358 358 358 359 359 359 360 359 358 357 357 359 2 3
305 300 296 294 293 295 297 309 333 333 332 331 331 332 331 330 329 329 328 324 323 321 320 321 322 323 324 325 321 336 338 337 337 335 332 323 310 300 304 316 3 354 2 1 1 359 358 357 357 356 356 356 356 356 356 357 357 357 357 357 357 358 359 360 0 360 360 359 358 358 357 356 356 355 354 353 352 353 355 356 356 357 357 358 358 359 359 360 360 359 357 357 356 360 2 3
312 307 302 298 296 297 299 305 332 331 330 329 329 330 330 329 329 329 328 325 323 322 321 321 321 322 323 323 316 331 336 336 335 334 330 323 314 312 314 315 342 356 358 360 359 360 357 357 356 356 356 356 356 356 357 357 357 357 357 357 357 358 360 0 0 0 360 359 358 358 357 356 356 355 354 353 353 353 355 356 356 357 357 358 358 359 359 360 360 359 357 356 356 359 2 3
318 312 306 301 297 296 297 300 321 328 328 327 327 329 329 328 327 328 327 324 323 322 321 320 320 321 324 326 325 323 333 340 339 335 328 323 318 319 320 321 331 7 18 6 358 357 358 357 356 356 356 356 356 357 357 357 358 357 357 357 358 359 360 0 1 0 360 359 358 357 357 357 356 355 354 354 353 354 355 357 358 358 359 358 358 359 359 359 359 359 357 356 356 359 359 0
328 323 318 305 299 297 297 300 304 322 326 326 326 326 327 327 327 328 327 325 323 323 322 320 319 320 322 324 325 325 343 345 342 335 327 322 319 318 320 323 323 331 139 158 169 354 357 357 356 355 354 355 356 357 358 358 358 358 358 358 359 359 1 1 2 1 0 358 357 356 356 357 356 356 356 356 355 355 355 358 359 359 359 359 358 358 357 357 358 358 357 357 357 356 358 359
332 327 323 318 312 308 305 306 312 315 320 324 324 325 326 325 326 327 327 325 324 323 322 320 319 320 320 322 325 326 340 346 343 337 329 344 348 352 353 320 320 318 275 167 171 348 357 357 356 355 354 355 356 357 358 358 358 358 358 358 359 359 0 1 1 1 0 358 357 357 357 357 357 357 356 356 355 355 356 359 359 359 359 359 358 357 357 357 357 357 357 358 357 356 358 358
334 331 327 323 318 313 310 309 310 312 315 317 318 321 322 322 323 325 326 324 323 322 321 319 318 318 318 320 324 330 343 347 345 340 334 330 326 349 350 319 320 317 300 179 176 194 358 358 356 355 355 356 357 357 358 358 358 358 358 359 359 359 0 1 1 1 360 358 357 357 357 357 357 357 357 357 356 356 356 359 1 1 360 359 358 357 356 356 357 357 358 358 357 355 357 358
337 333 330 327 322 318 314 312 312 313 315 317 319 321 322 321 322 324 325 324 323 322 321 318 317 317 317 318 321 325 330 335 337 335 332 330 327 325 321 347 321 318 307 197 178 182 358 359 358 357 357 357 357 356 356 357 358 359 359 359 359 359 359 359 358 358 358 359 359 359 359 359 359 358 358 357 356 357 358 3 5 3 1 358 357 356 355 356 356 357 358 359 358 355 357 358
339 337 334 330 327 323 319 316 315 317 319 322 325 321 322 321 324 326 326 325 323 323 321 319 318 318 318 318 319 322 323 323 327 326 324 323 321 320 336 335 317 315 308 203 178 171 359 359 360 359 358 358 357 356 356 357 358 358 359 359 359 359 358 357 357 357 358 358 359 359 359 359 359 359 358 357 357 357 359 3 6 4 1 358 356 355 355 355 356 357 358 359 358 355 357 358
342 339 337 334 331 327 324 320 319 319 321 325 328 326 325 324 325 328 328 325 323 323 321 319 318 318 318 317 319 320 320 318 319 317 316 316 315 314 330 313 310 309 304 212 177 167 15 6 2 360 360 359 358 357 357 357 358 358 359 359 359 358 358 357 357 357 357 358 359 359 360 360 360 359 359 358 357 358 359 3 6 4 1 358 356 355 355 355 356 357 358 359 359 356 357 358
344 342 340 338 335 331 328 325 324 324 326 330 333 330 329 328 326 328 327 323 321 321 320 318 317 317 315 315 315 315 313 308 305 303 302 305 306 309 311 310 308 306 301 223 175 163 39 9 3 0 1 1 359 358 357 357 358 358 358 358 358 358 358 356 356 356 357 358 359 359 359 360 360 359 359 358 358 358 360 3 5 3 0 358 356 355 355 355 356 357 358 359 359 357 358 359
346 345 343 342 339 336 332 328 326 327 329 334 336 335 334 335 332 331 327 321 320 320 319 317 317 316 315 314 314 312 310 306 301 299 298 298 298 298 302 304 304 302 299 231 173 170 177 3 2 3 5 3 2 0 359 358 357 356 357 358 359 359 357 356 356 356 357 357 358 358 359 359 359 360 359 359 359 360 360 1 3 2 360 358 357 356 356 356 356 357 358 358 359 360 2 3
347 346 345 343 341 338 334 331 328 327 329 333 336 337 337 339 336 334 330 324 321 321 319 318 317 317 316 315 315 314 312 309 306 301 298 296 294 292 292 292 292 290 289 280 225 169 166 146 3 44 20 12 7 4 2 359 357 356 356 357 359 358 356 355 355 356 357 357 357 357 358 359 359 360 360 360 359 360 360 0 2 1 359 358 357 357 356 357 357 357 357 358 358 1 3 4
348 347 346 345 343 341 337 333 329 329 331 334 338 340 341 342 340 336 331 324 321 320 318 317 316 317 316 316 315 314 313 311 308 303 297 294 291 289 288 289 289 287 287 291 131 183 185 140 127 111 80 47 23 11 6 1 358 356 356 356 357 357 356 354 355 356 356 357 357 358 358 359 359 360 359 359 359 359 359 359 1 0 359 358 357 357 357 358 358 358 358 358 358 360 2 3
348 348 347 347 345 344 341 337 335 331 333 336 341 345 346 347 344 338 331 322 317 315 313 312 313 315 315 315 314 314 312 311 308 302 295 288 283 279 277 277 278 277 277 278 250 237 237 190 129 122 108 92 59 31 15 5 359 356 355 355 355 356 355 354 354 355 356 357 357 358 359 359 360 360 359 358 357 357 357 359 0 360 359 358 358 358 358 359 359 359 358 357 356 356 359 2
348 347 347 347 345 345 343 341 340 334 334 336 341 348 352 355 351 344 334 323 315 310 309 311 315 316 315 315 315 314 313 312 309 305 297 290 285 282 281 281 281 280 280 281 277 274 272 268 242 144 130 120 110 90 51 18 5 358 355 353 351 352 354 354 355 356 357 358 359 359 0 1 1 0 359 356 354 353 353 355 357 358 358 358 358 359 0 2 3 2 360 357 354 351 352 356
348 347 347 346 345 344 343 342 340 337 335 338 343 351 357 360 356 349 339 329 321 314 313 315 319 319 318 317 317 317 316 315 313 310 304 298 293 290 288 287 286 285 284 284 282 281 281 280 280 260 199 156 142 128 111 50 11 359 354 350 348 349 353 355 356 357 358 359 359 360 1 2 1 0 358 356 352 352 352 354 356 357 357 358 359 0 1 3 4 4 0 357 354 348 349 353
348 347 347 346 345 344 344 344 341 338 337 340 345 354 1 3 360 354 345 335 327 318 316 317 321 322 319 319 319 318 318 317 316 314 309 304 299 296 293 290 289 287 286 285 284 284 284 284 284 282 269 250 230 195 154 120 24 357 350 346 344 345 351 354 355 356 357 358 359 360 1 1 1 0 358 356 353 352 352 354 355 356 357 358 358 360 1 3 4 4 0 357 355 349 350 354
349 348 347 346 345 345 345 345 344 341 340 342 347 357 3 5 2 357 350 342 340 326 321 319 322 323 319 318 319 318 318 317 317 315 312 308 304 300 296 292 289 287 285 283 283 282 282 281 281 281 277 270 262 256 245 214 128 352 342 339 338 338 341 352 354 355 357 358 358 359 360 0 0 360 358 356 353 353 352 354 355 356 357 357 358 359 1 3 4 3 0 358 356 351 352 355
349 348 348 347 345 345 345 345 344 342 342 346 350 358 2 3 1 357 351 345 348 336 331 329 326 324 319 319 320 320 319 319 319 318 316 313 310 306 301 297 293 290 288 285 283 282 282 281 281 282 282 279 275 272 270 269 273 296 326 329 331 330 329 349 352 354 355 356 357 357 358 358 358 358 358 357 356 355 354 356 356 356 356 356 357 358 358 359 360 0 0 0 360 359 360 3
350 349 348 347 345 345 345 345 344 342 343 347 351 359 2 3 1 357 352 347 343 338 334 329 329 326 322 322 323 323 323 323 324 323 322 320 317 314 309 304 300 297 294 290 287 286 285 285 285 286 286 286 284 282 280 279 282 287 299 314 326 326 325 341 351 352 354 355 356 356 356 356 356 357 357 358 358 357 356 357 357 356 356 356 356 356 357 358 358 359 0 1 2 2 3 6
350 349 348 347 346 345 345 345 344 342 343 347 352 359 2 3 1 358 354 350 343 341 336 332 332 330 323 323 325 326 325 326 327 327 326 325 323 320 315 310 305 301 298 293 291 289 287 286 286 287 288 289 289 288 286 285 286 289 295 303 320 323 324 333 349 351 353 354 355 355 356 356 356 356 357 357 358 357 356 357 357 356 356 355 355 356 356 357 358 359 360 1 2 2 2 5
351 349 348 347 346 345 345 345 344 344 344 348 352 359 2 2 1 359 356 355 346 345 343 341 336 331 324 323 325 326 326 328 329 330 330 330 329 326 321 314 308 304 300 296 294 291 290 288 288 289 290 291 292 292 291 290 290 292 295 300 315 320 322 327 344 350 352 353 354 354 355 355 355 356 356 357 357 357 356 357 357 357 356 355 355 355 356 357 358 359 360 0 1 2 1 4
351 350 349 348 346 345 345 345 343 343 344 349 352 357 358 358 358 359 358 358 355 354 351 347 339 329 326 325 326 327 327 329 331 336 333 334 334 333 328 321 313 308 301 300 298 295 293 292 291 291 292 293 294 295 295 294 294 295 297 301 312 319 323 328 345 352 354 354 354 354 354 355 355 355 355 355 356 356 357 359 359 359 357 355 355 354 354 354 354 355 355 355 356 359 318 342
352 351 350 348 347 346 345 345 343 342 344 348 351 356 358 358 357 359 358 359 356 356 354 347 342 335 329 328 328 330 331 333 337 339 340 342 340 340 336 335 320 314 307 306 308 304 302 299 297 296 296 297 298 299 301 303 303 302 303 305 312 318 324 331 343 353 355 355 355 354 354 355 355 354 354 354 355 356 357 358 360 360 358 356 355 354 353 353 352 352 351 351 352 353 178 339
352 351 350 348 347 346 345 345 343 342 343 347 351 357 357 357 357 358 358 359 358 358 357 351 346 338 336 330 330 331 333 336 340 343 344 346 349 351 348 341 330 318 315 313 311 307 305 303 300 298 297 297 298 300 302 305 307 307 306 306 311 317 324 331 343 354 356 356 355 354 354 354 354 354 354 354 354 355 356 357 0 0 359 357 355 353 352 350 348 346 343 340 339 324 191 200
352 351 350 349 347 346 346 345 343 342 342 344 348 352 354 356 357 357 356 357 356 358 359 0 358 351 342 336 332 332 335 339 344 348 349 351 353 356 353 346 334 321 318 316 314 310 307 306 303 300 298 298 299 301 304 307 310 312 311 310 314 318 324 333 346 356 358 357 356 355 355 355 354 354 353 353 353 353 353 354 1 1 360 358 356 353 351 348 345 343 340 336 331 319 196 18
352 351 350 349 347 346 346 345 343 343 341 343 346 349 352 354 356 356 354 355 356 359 3 11 143 168 177 189 235 312 333 341 347 351 352 354 357 359 357 351 338 324 320 319 316 312 310 309 306 303 301 300 302 303 306 310 313 317 317 316 319 322 328 336 348 357 359 358 357 356 356 355 355 354 353 353 353 353 353 354 1 2 1 359 356 354 351 348 346 343 341 337 332 324 206 24
353 352 350 349 348 347 346 346 344 343 341 343 346 351 352 353 354 355 354 355 357 360 4 42 147 168 178 189 210 46 346 350 353 355 356 358 360 2 0 354 341 327 322 320 318 314 312 311 308 305 303 302 303 305 307 311 316 320 322 321 322 325 331 338 349 357 359 358 357 356 356 356 355 355 354 353 353 353 353 354 2 3 2 360 357 354 352 349 347 344 342 338 333 328 246 20
353 352 351 349 348 347 347 346 344 344 343 344 347 353 353 352 354 354 353 355 356 358 360 138 152 176 179 186 196 66 10 3 1 360 360 1 3 5 3 357 343 333 323 320 317 313 312 312 310 307 306 304 304 306 308 312 317 323 326 325 326 329 333 340 349 357 359 358 358 357 357 357 356 355 354 353 353 353 353 355 4 4 3 0 358 355 352 349 346 344 341 337 333 329 306 18
352 351 350 349 348 347 346 345 343 343 345 348 352 2 352 348 350 351 354 357 355 351 339 351 186 179 171 161 112 40 24 13 7 5 4 4 5 7 4 358 347 337 332 320 317 314 313 313 312 309 308 306 306 307 309 313 317 323 327 328 329 331 335 341 348 355 358 358 359 358 358 358 357 356 355 354 353 352 352 357 10 8 5 1 358 355 352 349 347 345 342 339 334 330 330 15
352 351 350 349 348 347 346 344 343 343 345 348 352 4 63 343 347 348 353 356 354 349 341 338 221 179 162 136 80 42 27 17 11 7 6 7 7 8 6 0 350 345 341 329 320 317 316 317 315 312 310 308 307 308 310 314 319 324 329 330 331 332 336 341 347 354 357 359 359 359 359 358 357 356 355 354 354 353 353 359 10 8 5 2 358 356 353 351 349 348 345 342 338 335 341 10
352 351 350 349 348 346 345 344 342 343 344 346 348 353 148 345 346 347 352 355 353 349 343 334 246 177 150 114 68 41 27 19 13 9 8 8 9 8 7 1 352 346 342 338 322 320 318 319 317 313 311 310 309 309 311 314 319 324 330 333 333 334 336 341 347 354 357 359 360 359 359 359 358 357 356 355 354 354 354 0 9 7 5 2 359 356 354 352 351 350 348 345 342 339 345 7
351 351 350 349 348 347 345 344 342 342 343 344 345 347 168 169 340 345 352 356 354 351 346 338 281 171 132 91 59 39 27 20 14 10 9 9 9 9 7 2 354 348 344 341 324 322 319 319 317 314 312 312 311 310 312 315 319 324 331 335 335 335 338 342 347 354 358 359 360 360 359 359 358 357 356 355 354 354 355 0 7 6 4 2 359 357 355 354 353 352 350 347 345 342 348 4
351 350 349 349 348 347 346 345 343 342 341 340 339 333 200 168 344 357 352 353 352 351 350 348 186 157 111 76 52 37 27 19 14 10 9 9 9 8 6 2 355 348 346 339 327 325 322 321 318 314 313 313 312 312 313 315 320 325 332 337 338 337 339 342 348 355 359 360 360 359 359 358 358 357 355 354 354 354 355 359 3 3 3 1 360 358 357 355 354 353 352 349 347 345 350 2
350 350 349 348 347 346 346 345 344 342 341 339 338 334 274 172 348 356 353 353 351 351 351 350 213 138 90 63 46 34 24 18 13 10 9 9 9 8 6 2 356 350 348 341 330 328 325 324 321 318 316 317 315 313 314 316 319 324 332 338 340 339 340 344 349 356 359 360 360 359 359 358 357 356 355 354 354 354 355 358 2 2 2 1 0 359 357 355 354 353 352 350 348 346 351 0
350 349 349 348 347 346 346 345 343 342 341 339 337 335 319 181 349 354 353 353 352 351 351 348 194 114 74 54 40 30 22 17 12 9 9 9 8 7 5 2 357 352 350 343 333 331 328 326 324 321 319 319 318 315 315 316 319 324 332 340 342 341 341 344 350 356 359 360 360 359 359 358 357 356 355 354 354 354 355 358 1 2 2 1 0 359 357 356 355 354 353 351 349 347 351 0
350 349 349 348 347 346 345 344 343 341 340 339 338 337 332 307 353 353 353 354 352 351 351 348 154 93 62 46 35 27 20 15 11 9 8 8 7 6 4 1 357 353 351 347 336 334 332 330 327 324 322 322 321 317 316 317 319 323 331 341 344 343 343 345 351 356 359 360 359 359 359 358 357 356 355 354 354 354 355 358 1 2 2 1 360 359 357 356 355 354 353 352 350 348 352 0
349 349 349 348 347 346 345 343 342 340 339 338 339 340 342 3 351 349 354 357 355 352 348 341 148 78 52 40 30 23 18 14 10 8 8 7 5 3 0 358 355 354 353 351 340 338 335 333 331 328 325 325 323 319 317 318 320 323 330 342 345 344 344 346 352 357 360 360 359 359 358 358 357 356 355 355 354 355 356 358 1 2 1 0 359 358 357 356 355 355 354 352 351 349 352 0
