data/real/Dogrib_v624/conserv_mass_moment/windninja_90_30_100m_ang.asc
NCOLS 357 
NROWS 223 
XLLCORNER 457900 
YLLCORNER 5716800 
CELLSIZE 100 
NODATA_value -3.4e+38 
[rows 49 to 97 of 223, columns 192 to 287 of 357]
89 90 90 90 90 90 90 90 90 91 91 91 89 87 85 85 86 86 87 87 88 89 90 91 92 93 94 95 96 96 97 98 98 99 100 100 99 98 97 95 94 92 91 88 87 86 86 86 86 86 86 86 86 85 85 85 85 86 87 88 88 89 89 89 89 89 89 89 88 86 85 84 83 83 83 82 82 82 83 83 84 85 86 87 88 88 88 88 88 88 88 89 90 90 91 92
90 91 91 91 91 89 89 89 89 91 91 91 89 88 86 86 85 86 86 87 87 88 89 90 91 92 93 94 95 95 96 97 98 98 99 99 98 98 97 97 95 94 92 90 89 88 87 87 87 87 86 86 86 86 86 86 86 86 87 88 89 89 89 90 90 90 90 89 88 84 83 82 81 82 82 83 83 83 84 84 85 86 87 88 88 88 88 88 87 87 88 88 90 90 91 92
90 91 92 92 91 88 88 87 88 90 90 90 89 87 86 85 85 85 85 86 86 87 88 89 90 91 92 93 94 95 96 97 98 98 99 99 99 98 98 98 97 96 94 91 90 89 88 88 88 88 87 87 87 87 87 87 87 87 88 89 89 89 90 90 90 90 90 89 88 84 82 81 81 82 83 83 83 84 85 86 86 87 89 89 89 89 89 88 87 87 87 88 90 90 91 92
90 91 92 92 91 89 88 87 88 89 89 89 88 86 85 84 83 83 84 84 85 86 87 89 90 91 92 93 94 95 96 97 98 98 99 99 99 99 99 99 98 97 95 92 91 90 89 89 89 88 88 88 87 87 87 87 87 88 88 89 89 90 90 90 90 90 90 89 88 84 83 82 82 83 83 84 84 85 86 87 88 89 90 90 90 90 89 89 88 88 88 88 90 90 91 92
89 91 92 93 91 89 87 87 87 88 87 86 85 84 82 82 81 82 82 83 84 85 87 88 90 92 93 94 94 95 95 96 97 97 98 99 99 99 99 99 98 97 96 93 92 91 90 90 89 89 88 88 88 88 88 88 88 88 89 89 89 89 90 90 90 90 90 89 88 86 85 84 84 84 84 85 85 86 87 88 89 89 91 91 90 90 90 90 89 88 88 89 89 90 90 91
87 91 91 92 91 89 87 87 86 85 84 83 81 80 79 79 78 79 80 81 83 84 86 88 92 93 94 95 95 95 96 96 97 97 98 99 99 99 99 98 97 97 95 94 93 92 91 91 90 89 88 88 88 88 88 88 88 88 88 89 89 89 89 89 89 89 89 88 88 88 87 86 86 85 85 85 86 87 88 88 89 90 91 91 91 91 91 90 90 89 89 89 89 89 89 90
86 90 91 91 90 88 87 87 85 83 81 80 78 77 76 75 75 77 79 80 82 84 86 88 93 94 95 96 96 96 96 96 97 97 98 99 99 100 99 98 97 96 95 94 93 92 92 91 90 89 88 88 88 88 88 88 88 88 88 88 88 88 89 89 89 89 88 88 88 89 88 88 87 86 86 86 86 87 88 89 90 91 92 92 92 91 91 91 90 90 90 90 89 89 89 90
86 89 89 89 88 87 86 85 84 81 79 77 75 74 72 71 72 75 77 80 83 86 88 90 94 95 96 96 96 96 96 96 96 97 97 98 99 99 98 97 96 95 95 94 93 93 92 91 90 89 88 88 87 87 88 88 88 88 87 87 87 88 88 89 89 89 89 89 89 89 89 88 88 86 86 86 86 87 88 88 89 91 92 92 92 92 92 91 91 91 90 90 89 89 89 90
85 86 86 86 85 84 84 83 81 79 76 74 71 70 67 65 67 72 76 80 85 88 91 92 95 96 96 97 97 97 97 97 97 97 97 97 97 97 96 95 95 94 94 93 93 93 92 91 89 89 88 88 88 87 87 87 87 87 86 86 86 87 88 89 89 90 91 91 90 90 89 88 87 87 86 86 86 87 87 87 89 90 92 92 92 92 92 91 91 90 90 90 90 90 90 90
85 83 82 81 80 80 80 79 78 75 73 70 67 64 61 58 61 69 74 79 88 90 92 93 95 95 96 97 97 97 97 97 97 97 96 95 94 94 94 93 93 93 93 93 93 92 91 90 89 89 88 88 88 87 87 86 86 86 85 85 85 86 88 89 90 93 93 93 92 89 88 87 87 87 87 87 86 85 86 86 88 90 92 93 92 92 92 92 90 90 89 90 91 91 91 90
84 81 79 78 76 77 76 75 73 71 68 65 61 58 54 50 53 68 80 86 91 91 93 93 94 94 95 96 96 97 97 96 96 96 94 93 92 92 92 92 92 91 92 92 92 92 91 90 89 88 88 88 88 87 86 86 86 85 85 85 86 87 89 91 91 96 96 95 93 90 88 87 87 87 87 88 87 86 86 86 87 90 92 93 93 93 93 92 90 90 89 90 92 92 92 91
83 79 77 75 73 73 72 71 69 66 63 59 55 52 50 42 42 84 94 88 91 91 92 92 93 93 94 95 96 96 97 96 96 95 94 92 91 91 91 91 91 91 91 91 91 91 90 89 88 88 87 87 87 86 85 85 85 85 85 86 86 88 90 91 92 96 96 96 94 90 88 87 86 87 88 88 87 86 86 86 87 90 91 92 92 92 93 92 91 91 90 91 92 92 92 91
81 78 75 73 70 69 68 66 64 61 58 54 49 46 44 33 9 143 129 103 92 91 91 91 91 91 91 92 94 95 95 95 94 94 93 92 91 90 90 90 90 90 90 90 90 89 89 88 87 86 86 86 85 85 85 85 85 86 87 88 89 90 92 93 94 95 95 94 92 89 88 87 87 88 88 88 88 87 87 87 87 88 88 89 91 92 92 93 92 92 91 91 92 92 91 90
79 77 73 70 67 65 64 62 59 56 54 49 43 38 34 11 302 210 129 104 93 91 91 90 88 88 88 90 92 93 94 93 93 93 92 92 91 91 90 90 89 89 89 88 88 87 87 86 85 84 83 83 83 83 83 84 84 86 89 90 91 93 95 96 96 92 92 91 89 88 87 87 87 87 88 88 88 88 88 88 87 85 85 87 90 92 93 93 93 93 93 92 90 90 89 89
75 74 70 67 63 61 59 57 55 52 50 46 40 33 0 312 268 244 121 98 93 92 92 91 86 86 86 88 91 92 93 92 92 91 91 91 91 90 90 89 88 88 87 86 86 85 84 84 84 83 82 82 82 83 84 85 85 87 91 93 95 95 96 97 96 90 89 88 87 87 87 86 87 88 88 88 88 89 89 89 88 84 84 86 90 92 93 94 94 94 94 93 90 89 89 88
70 67 62 58 54 53 53 52 50 50 49 45 38 18 250 250 254 259 333 77 89 92 93 91 86 85 85 87 91 91 90 91 91 91 91 91 90 90 89 89 88 87 86 85 84 84 83 83 84 83 84 83 83 84 85 86 90 92 95 95 95 95 95 94 93 87 86 85 85 86 87 87 88 88 88 88 89 90 90 90 89 87 86 86 90 90 91 92 93 94 94 93 91 90 89 89
68 63 58 55 51 51 52 51 49 51 58 70 96 114 155 147 242 55 57 80 87 90 91 90 87 86 86 86 87 87 88 89 90 90 90 90 89 89 88 87 87 86 85 84 83 82 81 82 82 83 84 86 87 88 91 92 93 93 94 94 94 93 91 90 87 85 84 84 84 86 87 87 88 88 88 88 89 89 89 89 89 88 88 88 88 89 89 90 92 92 92 92 91 90 90 89
67 61 57 54 51 51 52 52 53 70 81 83 89 99 118 135 172 90 80 84 87 89 90 89 86 86 86 86 85 85 86 88 89 90 89 89 88 88 87 86 86 85 84 82 82 81 81 82 83 85 87 88 89 91 93 94 95 95 93 93 92 91 88 87 84 84 84 83 84 86 87 88 88 89 89 89 89 88 88 88 88 89 89 89 88 88 88 89 91 91 92 91 91 91 90 90
65 60 57 55 53 55 60 66 72 76 80 85 91 99 112 121 120 95 87 87 88 89 89 88 86 86 85 85 84 84 84 88 89 89 89 88 88 87 86 86 85 84 83 82 81 81 81 82 84 86 88 90 91 93 95 96 97 96 94 94 92 90 87 85 83 83 83 83 84 86 88 88 89 89 89 89 89 88 88 88 88 89 90 90 88 88 88 89 90 91 91 91 91 91 90 90
64 61 61 60 61 68 72 73 75 79 82 86 91 99 110 116 111 97 91 89 89 89 89 88 87 86 86 85 84 83 83 88 89 90 89 89 88 87 86 85 85 84 82 81 81 81 82 82 84 86 89 90 92 93 96 96 97 96 94 94 93 90 87 85 82 83 84 84 85 87 89 89 90 90 90 90 89 88 87 87 88 90 91 90 88 88 88 89 90 90 90 90 90 90 90 90
64 64 66 69 70 71 72 74 77 81 84 87 92 99 108 112 107 97 93 90 90 90 90 89 87 87 86 85 83 82 83 89 90 91 90 89 88 87 86 85 84 83 82 80 81 81 82 83 84 87 90 92 93 94 96 97 97 97 96 95 94 91 87 85 83 83 84 85 86 88 89 90 91 91 91 91 90 88 87 87 88 90 91 90 89 88 88 89 90 90 90 90 90 89 89 89
65 68 72 73 71 71 73 75 78 81 84 87 92 103 107 110 104 97 93 91 91 90 90 89 88 88 87 86 83 83 83 90 91 91 91 90 89 87 86 85 83 82 80 79 80 81 82 83 85 88 91 93 94 95 97 98 98 97 97 96 94 91 87 85 83 84 85 85 87 89 90 91 92 92 92 91 90 88 87 87 88 91 91 91 89 88 88 89 90 90 90 90 89 89 89 89
69 73 74 73 72 73 76 78 80 83 85 87 91 101 105 107 101 95 92 91 90 90 90 90 89 89 88 87 84 84 84 90 91 91 90 89 88 86 85 83 82 80 78 77 80 81 82 84 85 89 92 93 94 95 97 98 98 97 96 95 93 91 86 85 83 84 85 86 87 89 90 91 92 92 91 91 90 89 88 87 88 91 91 90 89 88 88 88 89 89 89 88 88 88 89 89
74 75 76 75 75 76 78 79 81 82 84 86 89 97 100 102 97 93 91 90 90 90 90 90 89 89 89 88 85 85 85 89 89 89 88 86 85 84 82 80 79 77 74 75 80 81 83 86 87 91 93 95 96 96 97 97 97 96 94 93 91 89 85 84 83 84 85 86 88 89 90 91 91 92 92 91 91 90 89 89 89 90 90 89 88 87 87 87 88 87 87 87 87 88 88 89
78 78 80 80 80 80 81 82 83 83 84 85 87 89 92 94 92 90 89 89 88 88 88 89 90 90 90 89 87 87 86 87 86 85 84 83 82 80 78 76 75 72 70 72 79 81 84 87 89 92 95 96 96 96 95 95 94 93 91 89 88 86 84 83 83 85 86 87 87 88 88 89 90 91 91 92 92 91 90 90 89 88 87 87 87 87 86 86 86 86 86 86 87 88 89 89
81 82 84 84 85 85 85 85 85 84 84 85 85 85 86 87 87 87 87 87 87 87 87 88 90 90 91 90 89 88 87 86 83 81 80 79 78 77 75 73 72 69 67 71 80 83 86 90 92 94 96 96 96 95 93 92 91 90 88 86 84 83 82 82 83 85 86 87 87 87 88 88 89 90 91 91 92 92 92 92 90 87 86 85 86 86 86 85 85 84 84 85 87 88 89 91
83 84 85 86 87 87 87 87 86 84 84 84 84 82 81 82 83 84 85 86 85 86 87 89 91 92 92 91 89 88 87 86 81 78 76 75 75 74 71 69 68 65 62 69 80 85 88 91 93 94 96 96 96 94 92 90 89 87 85 83 81 80 81 82 83 85 86 87 87 87 87 87 88 89 89 89 90 92 92 92 91 87 85 85 85 85 85 85 84 83 84 85 87 89 90 91
84 86 87 87 88 88 88 87 86 84 84 84 83 80 78 79 81 83 84 85 85 86 87 89 92 93 93 92 91 89 88 85 77 75 73 73 73 71 68 66 64 61 56 65 82 89 91 93 95 95 95 95 94 93 90 88 86 84 82 80 78 77 80 83 84 85 86 86 87 87 87 88 88 88 88 88 89 92 93 93 91 88 86 86 85 85 85 84 84 84 85 86 89 91 92 94
84 86 87 87 87 87 87 87 86 84 84 83 82 78 76 76 78 79 81 82 85 87 88 90 93 94 94 93 91 90 88 78 74 72 70 71 71 68 64 61 58 52 42 43 84 93 93 94 95 95 94 94 93 91 88 86 84 82 79 78 76 75 80 83 84 85 85 86 87 88 89 89 89 89 88 88 88 91 92 92 91 89 89 87 85 85 85 85 86 86 87 89 92 93 95 96
84 85 86 86 86 85 85 85 84 84 83 83 81 77 74 74 75 76 77 80 86 90 92 93 95 95 95 94 92 90 88 76 72 70 69 71 69 65 60 55 51 41 28 304 91 93 93 95 95 95 93 93 92 90 88 85 83 80 78 77 75 74 80 83 85 85 85 86 87 90 91 91 92 92 92 92 92 92 92 91 91 91 90 89 87 86 86 87 88 89 90 92 94 96 97 97
82 83 83 83 83 83 82 82 81 82 83 82 80 76 73 72 72 71 70 72 92 97 97 95 97 97 96 94 92 90 88 76 73 72 72 74 71 66 57 49 42 21 14 288 105 85 90 95 96 95 95 94 93 92 89 87 85 82 80 79 79 79 80 83 85 85 86 86 88 92 93 93 94 94 95 95 96 94 93 92 92 92 91 90 87 87 87 88 90 91 92 93 96 97 98 98
81 81 81 81 80 80 80 79 79 82 83 82 80 77 73 72 67 64 67 88 233 216 100 96 98 98 97 96 94 92 86 81 78 77 78 80 76 71 62 50 49 36 56 302 82 83 89 94 96 95 95 94 94 92 90 88 86 84 81 80 80 80 81 83 84 85 86 87 89 91 92 93 93 94 94 95 95 94 93 92 92 92 91 91 89 90 90 90 92 93 93 95 97 98 99 99
79 79 78 78 78 78 77 74 69 76 77 74 69 72 70 68 48 329 270 247 234 246 88 90 94 94 95 95 94 93 90 86 84 83 83 83 81 77 70 62 63 59 62 59 83 86 90 95 96 95 93 93 91 90 88 86 84 82 79 79 79 79 80 82 84 85 87 88 89 91 92 92 93 92 93 93 93 93 92 92 92 91 91 91 91 92 92 92 93 94 94 95 97 98 99 98
82 85 87 90 94 101 108 120 144 175 204 238 260 269 273 277 278 272 260 245 226 85 80 86 88 89 90 91 91 90 90 87 86 85 85 83 80 76 70 62 63 61 61 70 85 89 92 95 95 94 91 90 89 87 86 84 81 79 77 78 78 78 80 83 84 86 87 89 90 91 92 92 92 92 92 93 93 93 93 93 93 92 92 92 93 94 94 94 94 95 95 95 96 97 97 97
85 87 88 90 100 104 108 113 120 119 121 129 144 174 117 125 139 266 250 210 90 79 81 84 85 85 86 86 87 88 88 87 86 85 84 80 76 71 65 59 60 58 57 69 88 93 93 94 94 92 88 86 87 85 83 81 78 76 75 76 77 78 81 83 85 86 88 89 90 91 91 91 92 91 92 92 93 93 93 93 93 92 92 93 95 95 96 95 95 95 95 95 96 96 96 96
84 83 83 85 87 97 101 105 109 110 110 106 109 109 107 105 98 92 88 85 83 82 83 84 81 81 81 82 85 85 85 82 81 79 78 74 68 60 50 44 49 54 53 302 85 89 89 88 87 87 87 85 84 82 79 77 74 70 71 76 77 79 82 85 87 88 90 90 90 90 90 90 90 92 93 93 94 94 94 94 94 95 95 96 97 97 97 96 95 95 94 93 92 92 92 93
84 81 80 81 83 87 89 92 94 98 99 101 104 105 103 101 97 93 90 88 86 85 85 84 81 80 80 82 85 85 84 80 78 77 76 72 66 58 45 33 34 284 185 218 82 85 87 86 85 85 86 85 83 81 78 76 73 69 70 77 78 80 85 87 88 90 91 92 91 90 90 90 91 93 93 94 95 94 94 94 95 96 96 96 97 97 97 96 95 94 93 92 91 91 91 91
83 80 80 80 82 85 86 87 90 93 95 97 100 101 100 98 96 93 91 89 88 87 87 86 82 82 82 83 86 85 83 78 77 77 76 73 68 59 45 13 120 124 109 87 83 85 87 85 84 85 86 84 83 80 78 76 73 70 70 77 79 82 86 87 89 90 92 92 91 90 90 90 90 92 93 93 94 94 94 95 95 96 97 97 97 97 97 97 95 94 93 92 90 90 90 90
84 82 81 81 82 83 83 84 86 89 91 94 97 98 97 96 95 93 92 91 90 89 89 88 85 84 83 84 84 83 81 77 78 77 77 75 71 68 62 35 85 85 88 84 85 87 88 86 85 85 85 83 81 79 76 75 73 70 71 78 81 84 86 87 89 92 93 93 93 91 91 90 90 91 91 92 93 93 94 95 96 97 98 97 97 97 97 97 96 95 94 92 91 90 90 91
85 84 84 84 84 82 82 82 83 85 87 89 92 93 94 94 94 93 92 92 91 90 90 89 87 86 85 84 82 80 77 77 78 78 78 76 74 74 74 70 80 82 85 88 89 91 90 88 86 85 84 82 79 76 74 73 72 69 72 80 83 85 86 87 88 93 94 94 94 92 91 91 90 89 89 89 91 93 94 95 96 97 98 98 97 97 97 97 96 95 94 93 92 91 91 91
84 85 86 86 85 82 82 82 82 83 84 86 88 90 92 93 93 93 93 92 92 92 91 90 89 88 87 85 81 79 76 77 78 79 78 76 76 77 78 77 81 82 86 91 93 94 93 90 88 86 83 81 78 74 72 72 71 70 75 82 86 87 87 87 88 94 95 95 94 93 92 91 90 88 88 89 90 93 94 95 96 97 98 98 97 97 97 97 96 95 94 93 92 91 91 90
86 86 87 87 86 83 82 82 82 82 83 84 86 89 91 92 92 93 93 93 93 93 93 92 90 89 88 85 81 79 77 78 79 79 79 77 77 78 79 80 83 85 88 94 95 96 95 91 89 87 83 80 77 73 71 72 72 72 77 84 87 88 88 88 89 95 95 96 95 93 92 91 90 88 88 89 90 93 95 96 97 97 98 98 98 97 97 97 96 95 95 93 92 92 91 91
87 88 88 88 87 84 84 83 83 83 83 84 86 88 90 91 92 92 92 93 94 94 94 93 90 89 88 86 83 81 80 81 81 81 80 78 79 80 82 84 86 88 91 95 96 96 95 93 90 87 84 80 76 72 70 72 73 74 80 85 88 89 89 89 90 94 95 95 94 92 91 90 89 88 89 89 90 93 94 95 96 96 97 97 97 97 97 97 96 95 94 93 92 91 91 91
89 90 90 90 89 87 86 86 85 84 84 85 86 89 90 91 91 91 92 93 95 96 96 94 90 89 88 86 85 84 83 82 81 81 80 78 79 80 82 87 89 91 93 94 95 95 94 93 90 87 83 79 75 70 67 71 73 76 82 86 89 90 89 90 90 93 94 93 92 90 89 89 89 89 90 90 91 93 93 94 95 96 97 97 98 98 98 97 95 94 94 93 92 91 91 92
91 91 91 91 90 89 88 88 87 86 87 87 88 90 91 91 91 91 91 93 96 97 96 94 90 88 86 86 85 85 84 83 83 82 81 80 81 81 84 90 92 94 94 94 94 94 93 93 90 87 82 78 74 68 66 72 74 78 85 87 89 90 90 90 91 92 92 91 90 89 88 88 88 89 90 91 91 92 93 94 95 96 97 97 98 98 98 98 96 94 94 93 92 92 92 92
92 93 93 93 92 91 90 90 89 89 89 89 89 91 91 91 91 91 91 93 96 97 96 94 90 88 87 87 87 87 87 85 85 85 83 82 82 83 87 93 94 95 95 93 93 93 92 92 88 85 80 77 73 67 66 73 75 80 86 88 89 90 90 91 91 91 90 90 89 88 88 88 88 90 90 91 92 93 94 94 95 96 96 96 97 97 97 97 95 94 93 92 92 92 92 92
92 93 94 95 94 92 92 92 92 92 93 93 93 93 92 92 91 91 90 91 93 93 93 91 88 87 87 87 88 89 89 87 87 86 86 85 86 87 90 94 95 96 95 93 93 92 91 90 86 82 78 75 72 67 67 74 77 81 86 87 89 90 90 91 91 90 89 88 87 87 88 88 89 90 91 91 92 94 95 95 96 96 96 96 96 96 96 95 94 93 92 92 92 92 92 93
91 95 96 97 96 94 93 93 94 96 97 97 96 94 93 92 91 90 89 88 87 87 86 86 85 86 86 87 89 90 90 89 89 88 88 87 88 89 91 93 94 94 93 92 91 90 89 84 82 78 75 74 72 68 68 75 78 82 84 85 86 87 89 91 91 88 87 85 85 87 88 89 89 90 91 91 93 95 96 97 97 97 96 95 94 94 93 93 92 92 91 91 92 92 93 93
92 97 98 100 100 96 95 95 96 99 100 100 99 97 95 93 92 90 89 87 83 82 82 82 83 84 85 87 89 90 91 90 90 90 89 89 90 91 92 91 91 91 91 90 90 88 83 81 78 74 72 72 71 69 70 76 80 83 83 83 84 86 90 91 91 87 86 84 83 87 90 91 91 91 91 92 93 96 97 98 97 96 95 94 92 92 91 91 91 91 91 91 92 93 93 93
