data/real/Dogrib_v624/conserv_mass_moment/windninja_315_30_100m_vel.asc
NCOLS 357 
NROWS 223 
XLLCORNER 457900 
YLLCORNER 5716800 
CELLSIZE 100 
NODATA_value -3.4e+38 
[rows 84 to 104 of 223, columns 138 to 183 of 357]
24.7000007629395 26.9500007629395 27.9699993133545 28.7600002288818 29.4899997711182 30.2000007629395 31.3700008392334 32.1800003051758 33.060001373291 33.8600006103516 34.5400009155273 35.9799995422363 37.2700004577637 37.6300010681152 38.1500015258789 36.6500015258789 35.0400009155273 30.8700008392334 30.4200000762939 29.4300003051758 28.0499992370605 26.6599998474121 25.3299999237061 24.0300006866455 22.8400001525879 21.9799995422363 22.4400005340576 22.2999992370605 21.5200004577637 19.3899993896484 15.210000038147 11.6899995803833 8.82999992370605 6.3899998664856 3.60999989509583 2.69000005722046 1.94000005722046 6.30999994277954 8.71000003814697 13.0200004577637 16.1800003051758 18.6000003814697 20.1900005340576 21.4699993133545 22.6299991607666 22.8299999237061
22.7000007629395 25.5200004577637 27 27.9899997711182 28.9300003051758 29.7099990844727 31.0200004577637 31.7800006866455 32.6399993896484 33.5499992370605 34.2400016784668 35.0800018310547 35.8400001525879 35.7599983215332 35.6699981689453 35.6500015258789 35.3499984741211 33.4000015258789 33.189998626709 32.6800003051758 32 31.3400001525879 30.1900005340576 28.9099998474121 27.7099990844727 26.5599994659424 26.1100006103516 25.2399997711182 23.9699993133545 21.7199993133545 18.2600002288818 15.1400003433228 12.289999961853 9.88000011444092 8.47000026702881 2.69000005722046 2.10999989509583 5.11999988555908 7.78999996185303 11.960000038147 15.7799997329712 19.8500003814697 22.6900005340576 24.5900001525879 26.0300006866455 26.6100006103516
21.2099990844727 24.25 26.0400009155273 27.1399993896484 28.2800006866455 29.1000003814697 30.5 31.1200008392334 31.8600006103516 32.6300010681152 33.2900009155273 33.6399993896484 33.8899993896484 33.4099998474121 32.8499984741211 33.7599983215332 34.3400001525879 34.5299987792969 33.9900016784668 33.7299995422363 33.560001373291 33.6599998474121 32.9000015258789 31.9500007629395 31.0100002288818 30 28.8999996185303 27.4699993133545 25.6399993896484 23.1900005340576 20.3999996185303 17.6399993896484 14.8500003814697 12.4700002670288 11.6999998092651 10.3400001525879 9.53999996185303 8.10000038146973 7.92000007629395 10.5900001525879 14.6499996185303 19.5 23 25.3999996185303 27.0699996948242 28.3899993896484
19.9799995422363 22.8899993896484 24.8099994659424 25.9699993133545 27.2099990844727 27.9899997711182 29.3799991607666 29.8799991607666 30.4899997711182 31 31.5599994659424 31.5400009155273 31.3099994659424 30.6700000762939 29.9400005340576 31.5499992370605 32.7599983215332 33.7400016784668 34.7099990844727 34.8300018310547 35.0800018310547 35.9199981689453 35.5099983215332 34.9099998474121 34.1100006103516 33.1599998474121 31.5699996948242 29.9300003051758 27.9300003051758 25.6299991607666 23.6499996185303 21.2099990844727 18.3500003814697 15.6499996185303 15.210000038147 14.1899995803833 13.8000001907349 11.7799997329712 9.97000026702881 9.90999984741211 13.2600002288818 18.8799991607666 23.2900009155273 26.2600002288818 28.0300006866455 29.75
18.9300003051758 22.1399993896484 23.9699993133545 25.1800003051758 26.6499996185303 27.6000003814697 28.7999992370605 29.0300006866455 29.4599990844727 29.6299991607666 29.6499996185303 29.1499996185303 28.4099998474121 27.5599994659424 26.4899997711182 28.1900005340576 29.5900001525879 30.9500007629395 32.9199981689453 33.4700012207031 34.1500015258789 35.810001373291 35.7599983215332 35.7400016784668 35.2400016784668 34.1399993896484 32.4000015258789 30.7399997711182 29.0799999237061 27.4099998474121 26.2099990844727 24.3999996185303 22 19.2600002288818 19.2099990844727 18.2900009155273 17.8299999237061 15.4399995803833 13.2700004577637 11.6099996566772 12.8400001525879 17.9200000762939 23.2999992370605 27.8099994659424 30.5599994659424 33.4199981689453
17.5400009155273 19.9300003051758 21.1900005340576 22.1399993896484 23.5100002288818 24.4599990844727 25.5900001525879 25.8700008392334 26.3799991607666 26.6800003051758 27.0599994659424 27.7099990844727 27.9099998474121 28.1100006103516 27.4599990844727 29.1100006103516 30.5699996948242 32.1699981689453 35.0400009155273 36.0699996948242 37.1100006103516 39.5999984741211 38.939998626709 38.6199989318848 37.8199996948242 36.3499984741211 35.5299987792969 34.5800018310547 33.5400009155273 32.439998626709 30.8700008392334 28.7800006866455 26.2999992370605 23.1399993896484 23.0599994659424 21.5499992370605 20.7900009155273 19.0499992370605 17.6599998474121 16.4300003051758 16.0200004577637 17.4599990844727 20.4899997711182 23.7900009155273 26.0699996948242 28.8899993896484
16.2399997711182 18.2000007629395 19.1499996185303 19.9599990844727 21.2600002288818 22.2399997711182 23.3600006103516 23.6800003051758 24.1000003814697 24.3899993896484 24.8500003814697 26.2199993133545 27 27.9200000762939 27.6200008392334 29.1200008392334 30.5599994659424 32.189998626709 35.5699996948242 36.9900016784668 38.1599998474121 41.560001373291 40.5 39.9599990844727 39.1300010681152 37.2999992370605 37.3199996948242 36.9900016784668 36.4300003051758 35.9799995422363 34.1500015258789 31.8799991607666 29.4300003051758 26.0799999237061 26.2099990844727 24.6499996185303 23.5900001525879 22.4599990844727 21.6399993896484 21.0499992370605 20.7399997711182 18.1499996185303 17.3099994659424 18.4699993133545 20.5200004577637 23.9099998474121
15 16.7000007629395 17.4799995422363 18.2099990844727 19.4200000762939 20.4300003051758 21.5300006866455 21.9300003051758 22.2999992370605 22.5799999237061 23.0699996948242 24.9400005340576 26.1000003814697 27.4699993133545 27.6800003051758 29.1900005340576 30.5100002288818 31.8799991607666 35.2099990844727 36.9199981689453 38.1199989318848 42.5200004577637 41.25 40.7200012207031 40.1199989318848 38.0800018310547 38.7599983215332 38.7900009155273 38.2400016784668 37.9099998474121 35.75 33.5499992370605 31.5200004577637 28.4099998474121 29.0300006866455 28.1200008392334 27.1299991607666 26.6599998474121 26.0200004577637 25.1299991607666 25.0200004577637 19.3899993896484 15.1800003051758 13.3999996185303 14.3599996566772 17.8400001525879
13.8199996948242 15.1300001144409 15.7700004577637 16.3899993896484 17.4099998474121 18.3299999237061 19.3600006103516 19.8899993896484 20.25 20.6100006103516 21 23.1200008392334 24.6900005340576 26.5699996948242 27.3700008392334 29.2099990844727 30.7900009155273 32.2099990844727 35.0999984741211 36.8899993896484 37.810001373291 42.7400016784668 41.25 40.8499984741211 40.6699981689453 39 40.4799995422363 41.0999984741211 40.6399993896484 39.6399993896484 36.8899993896484 34.2400016784668 32.1500015258789 29.3899993896484 30.3099994659424 30.2999992370605 30.3500003814697 30.9500007629395 31.2199993133545 30.4400005340576 28.7700004577637 20.7199993133545 14.5 10.1999998092651 9.35999965667725 11.8299999237061
12.4899997711182 13.9399995803833 14.6700000762939 15.4099998474121 16.4799995422363 17.5499992370605 18.7600002288818 19.8700008392334 20.75 21.6800003051758 22.1299991607666 24.0200004577637 25.5300006866455 27.4200000762939 28.2999992370605 29.8099994659424 30.9899997711182 31.8400001525879 34.1599998474121 36.1599998474121 37.0400009155273 42.6699981689453 41.0099983215332 40.9199981689453 41.3199996948242 39.9099998474121 40.939998626709 41.0299987792969 40.0499992370605 38.4000015258789 37.1500015258789 35.5999984741211 34.3899993896484 32.3499984741211 33.4199981689453 34.3300018310547 35.4000015258789 34.8499984741211 34.1100006103516 32.2099990844727 29.2999992370605 22.1299991607666 16.3400001525879 11.25 8.90999984741211 11
10.8599996566772 12.5 13.3199996948242 14.1599998474121 15.210000038147 16.3799991607666 17.6800003051758 19.2099990844727 20.4500007629395 21.7900009155273 22.3600006103516 24.0699996948242 25.5599994659424 27.5200004577637 28.6499996185303 30.0699996948242 31.1800003051758 31.9300003051758 34.0099983215332 36.1800003051758 36.75 42.939998626709 41.0200004577637 41 41.6500015258789 40.5499992370605 41.3600006103516 41.1100006103516 40.0499992370605 37.8499984741211 37.8199996948242 37.1800003051758 36.6699981689453 35.1800003051758 36.1500015258789 37.4500007629395 39.6699981689453 38.2599983215332 36.8400001525879 34.4199981689453 30.8099994659424 24.6499996185303 19.2800006866455 13.8800001144409 10.1000003814697 11.1800003051758
9.02000045776367 10.9399995803833 11.8699998855591 12.8100004196167 13.8500003814697 15.0799999237061 16.4699993133545 18.3199996948242 19.8600006103516 21.5699996948242 22.3500003814697 23.9200000762939 25.3799991607666 27.3299999237061 28.6599998474121 30.0400009155273 31.1499996185303 31.9599990844727 33.810001373291 35.810001373291 35.8499984741211 41.9599990844727 39.7599983215332 39.9500007629395 40.9500007629395 40.4000015258789 41.3199996948242 41.0400009155273 40.1599998474121 37.7900009155273 38.7700004577637 38.6399993896484 38.3800010681152 36.9900016784668 37.5699996948242 39.0800018310547 42.5400009155273 40.439998626709 38.7799987792969 36.3800010681152 32.75 27.9400005340576 22.9699993133545 17.4799995422363 12.6999998092651 12.9700002670288
6.96999979019165 9.28999996185303 10.3999996185303 11.4200000762939 12.3900003433228 13.5900001525879 14.9300003051758 16.9599990844727 18.7700004577637 20.8099994659424 21.9899997711182 23.6800003051758 25.2900009155273 27.3999996185303 29.0900001525879 30.6299991607666 31.9500007629395 33.1500015258789 35.5400009155273 37.9199981689453 37.6699981689453 42.75 39.3300018310547 39.0900001525879 40.1699981689453 40.189998626709 41.1699981689453 40.8899993896484 40.4099998474121 38.4500007629395 40.6100006103516 41.4900016784668 41.6500015258789 40.0099983215332 40.5200004577637 40.8499984741211 45.0499992370605 41.7900009155273 39.6699981689453 37.310001373291 34.2900009155273 31.3199996948242 27.1499996185303 21.8600006103516 16.4899997711182 16.5200004577637
5.30000019073486 8.28999996185303 9.88000011444092 11.3999996185303 12.710000038147 14.1499996185303 15.5500001907349 17.4799995422363 19.25 21.2600002288818 22.4699993133545 23.8899993896484 25.2000007629395 26.8999996185303 28.4200000762939 29.8099994659424 31 32.2000007629395 33.8800010681152 35.8699989318848 35.1699981689453 38.9700012207031 35.689998626709 35.9599990844727 37.689998626709 39.0099983215332 40.439998626709 40.6300010681152 40.7700004577637 38.9300003051758 40.310001373291 40.5099983215332 39.7400016784668 37.4300003051758 40.1699981689453 41 46.5200004577637 42.7799987792969 40.9199981689453 39.1399993896484 36.4799995422363 34.1199989318848 30.3099994659424 25.2399997711182 19.4500007629395 19.4400005340576
3.35999989509583 6.82999992370605 8.77999973297119 10.7600002288818 12.4700002670288 14.2200002670288 15.6800003051758 17.5 19.2399997711182 21.2099990844727 22.5300006866455 23.8099994659424 24.9500007629395 26.3799991607666 27.8299999237061 29.1900005340576 30.3400001525879 31.6399993896484 33.2400016784668 35.1399993896484 34.4700012207031 37.7000007629395 34.5099983215332 34.5200004577637 36.0900001525879 38.1199989318848 39.7299995422363 40.2999992370605 40.9099998474121 39.3400001525879 40.2599983215332 39.9500007629395 38.810001373291 36.1599998474121 38.7200012207031 42.0499992370605 48.6800003051758 44.0800018310547 42.1300010681152 40.5400009155273 38.060001373291 36.189998626709 32.9099998474121 28.3600006103516 22.5499992370605 22.9799995422363
1.25 5.07999992370605 7.3899998664856 9.75 11.8800001144409 14.0100002288818 15.6599998474121 17.3799991607666 19.0499992370605 20.9500007629395 22.3400001525879 23.5400009155273 24.6200008392334 25.8999996185303 27.2999992370605 28.6499996185303 29.8199996948242 31.2999992370605 33.1100006103516 34.8400001525879 34.0400009155273 36.7299995422363 33.689998626709 33.4900016784668 34.6800003051758 37.1800003051758 38.7599983215332 39.6100006103516 40.6199989318848 39.3899993896484 40.1199989318848 39.4799995422363 38.3300018310547 35.5299987792969 39.0499992370605 42.7900009155273 49.9199981689453 44.2799987792969 42.2400016784668 40.8699989318848 38.5900001525879 37.2700004577637 34.6100006103516 30.9200000762939 25.5200004577637 26.6700000762939
3 2.91000008583069 5.61999988555908 8.39000034332275 10.9200000762939 13.3999996185303 15.5 17.3899993896484 19.0499992370605 20.8999996185303 22.2999992370605 23.3600006103516 24.2700004577637 25.2800006866455 26.5799999237061 27.8400001525879 28.9699993133545 30.5599994659424 33.189998626709 35.1599998474121 34.5900001525879 36.2799987792969 33.5 33.1500015258789 33.7700004577637 36.5 37.9000015258789 38.8899993896484 40.0800018310547 39.3699989318848 40.1399993896484 39.1599998474121 38.1199989318848 35.5499992370605 40.1800003051758 44.3899993896484 51.2599983215332 44.0200004577637 41.7200012207031 40.689998626709 38.9199981689453 38.0499992370605 35.8699989318848 33.2099990844727 28.6599998474121 30.6499996185303
6.65000009536743 1.9099999666214 3.60999989509583 6.82000017166138 9.85000038146973 12.4799995422363 14.8900003433228 17.0900001525879 18.8400001525879 20.5599994659424 22.0100002288818 23.2000007629395 24.2299995422363 25.2800006866455 26.6800003051758 27.8999996185303 29.0699996948242 30.7299995422363 33.0099983215332 34.4599990844727 33.6800003051758 34.0400009155273 32.060001373291 32.1800003051758 32.7099990844727 35.7400016784668 36.1399993896484 36.7900009155273 37.8400001525879 37.7000007629395 39.25 38.6399993896484 37.9599990844727 35.3899993896484 39.2799987792969 43 47 39.7200012207031 37.8499984741211 37.6800003051758 37.3800010681152 37.7999992370605 36.7299995422363 35.4000015258789 31.7199993133545 33.1399993896484
11.4899997711182 5.05999994277954 2.6800000667572 4.23000001907349 7.78000020980835 10.8500003814697 13.6300001144409 16.2600002288818 18.3700008392334 20.3299999237061 21.8600006103516 23.2000007629395 24.3600006103516 25.4500007629395 26.9599990844727 28.1100006103516 29.2399997711182 31.9799995422363 32.8499984741211 33.8400001525879 33.1300010681152 32.6699981689453 31.4099998474121 31.7000007629395 32.0400009155273 35.3699989318848 34.7099990844727 34.8800010681152 35.7099990844727 35.8499984741211 38.1699981689453 38.0900001525879 37.7099990844727 35.25 38.6699981689453 42.0200004577637 44.7299995422363 37.1300010681152 34.9799995422363 35.0099983215332 35.5699996948242 37.0499992370605 37.060001373291 36.9000015258789 34.2599983215332 35.2799987792969
15.2299995422363 8.61999988555908 5.19000005722046 3.00999999046326 4.94000005722046 8.47000026702881 11.8800001144409 14.9899997711182 17.6000003814697 20 21.9300003051758 23.4300003051758 24.6499996185303 25.6800003051758 27.1900005340576 28.1599998474121 29.1499996185303 30.4099998474121 31.9599990844727 32.689998626709 32.3699989318848 31.7700004577637 31.2600002288818 31.6700000762939 31.6100006103516 34.7900009155273 33.0200004577637 32.7299995422363 33.4099998474121 33.9199981689453 36.9599990844727 37.5200004577637 37.5 35.2400016784668 38.3800010681152 41.2700004577637 42.8199996948242 34.9500007629395 32.2000007629395 32 33.3600006103516 35.9099998474121 37.0400009155273 37.9500007629395 36.4900016784668 37.2900009155273
18.9300003051758 13.4499998092651 9.88000011444092 6.40000009536743 3.96000003814697 5.71999979019165 9.51000022888184 13.0799999237061 16.1599998474121 19.0300006866455 21.7299995422363 23.7900009155273 25.2199993133545 26.0200004577637 27.3700008392334 27.9500007629395 28.5599994659424 29.1800003051758 29.9500007629395 30.3299999237061 30.6700000762939 30.6200008392334 31.0799999237061 31.8099994659424 31.2700004577637 32.6199989318848 29.4099998474121 30.3500003814697 31.0499992370605 31.6200008392334 35.1199989318848 36.6399993896484 37.0800018310547 35.3800010681152 38.2099990844727 40.1599998474121 39.2099990844727 33.6399993896484 31.5900001525879 29.5300006866455 31.1499996185303 33.8300018310547 35.7099990844727 37.5999984741211 37.2099990844727 38.0200004577637
